Output started
30000
468
459
458
459
462
464
467
468
469
468
468
467
467
466
465
463
462
460
460
458
458
456
457
455
455
453
453
451
452
451
452
452
453
452
453
453
452
450
450
449
450
450
451
449
449
448
446
444
445
444
444
443
444
444
443
443
442
442
441
442
441
442
441
441
440
440
439
440
439
440
439
442
442
441
440
442
441
442
441
444
444
448
448
452
453
455
456
459
461
466
470
472
473
475
475
476
475
476
474
473
472
469
466
465
463
463
462
461
458
457
455
454
453
452
452
450
450
449
451
449
450
449
449
447
447
446
446
445
446
444
446
445
445
442
442
441
443
441
442
440
441
440
441
441
441
440
439
439
440
440
440
440
439
438
439
438
438
438
439
438
438
437
437
438
438
440
441
442
442
444
443
446
447
452
454
458
460
465
467
471
473
476
477
478
478
478
475
474
472
470
469
467
464
463
460
459
456
456
454
454
451
450
448
448
446
447
446
447
447
447
446
447
446
446
446
445
446
445
444
443
443
442
443
442
442
440
441
439
440
438
438
437
437
436
437
435
437
436
436
436
436
435
436
436
437
437
437
438
437
436
437
437
439
439
440
441
442
443
443
444
445
445
447
449
452
455
459
463
466
469
472
475
477
477
478
479
478
477
474
472
470
468
464
464
460
460
457
457
454
453
450
450
449
448
447
448
446
447
446
447
446
447
446
447
447
447
445
445
444
444
442
443
443
443
442
441
441
440
440
440
440
439
438
439
439
439
439
439
439
438
439
439
439
439
440
440
441
441
442
442
443
442
444
443
445
444
447
448
450
452
456
459
464
466
470
472
476
476
479
479
478
476
474
472
470
466
465
464
463
460
458
457
454
452
451
450
449
448
446
446
445
446
445
445
444
446
446
446
445
446
445
445
443
442
441
441
439
438
437
438
436
437
436
436
435
435
434
434
433
434
434
433
433
435
433
434
434
435
435
436
436
437
437
439
439
440
440
440
441
444
444
448
450
454
459
463
467
471
474
476
478
479
479
478
477
474
473
470
469
465
464
461
459
456
456
453
453
451
450
446
445
444
444
443
442
441
441
440
442
441
441
439
439
438
439
439
439
439
438
437
437
435
434
433
432
432
432
431
431
431
431
431
430
430
430
430
430
431
429
430
429
429
428
430
430
431
431
433
433
434
434
436
436
438
440
444
447
452
456
462
466
471
474
476
477
478
478
479
477
477
473
471
468
465
462
460
458
457
454
453
451
449
448
446
445
442
440
439
438
436
437
436
436
435
436
434
434
433
434
433
433
432
433
432
432
430
429
429
429
428
428
428
428
427
428
428
429
428
429
428
429
429
430
431
431
431
431
432
432
433
433
433
432
431
432
433
434
436
437
436
436
437
438
440
441
447
450
456
460
465
469
474
477
479
481
483
481
481
478
477
474
471
467
466
463
462
460
458
455
454
451
449
446
445
442
441
439
438
437
437
435
436
435
434
434
435
435
436
435
434
435
435
435
434
433
432
431
431
431
430
431
428
430
429
429
429
430
428
428
428
430
429
430
428
429
428
429
429
430
431
433
433
434
434
434
434
435
435
435
434
435
435
436
437
438
438
437
438
440
443
445
448
452
457
461
466
470
475
477
479
481
483
483
483
481
480
477
475
471
470
467
466
465
464
460
458
456
455
453
452
449
448
445
444
442
442
441
441
441
441
441
442
440
441
441
442
442
443
442
441
440
440
440
438
438
437
437
437
437
435
435
435
434
434
434
433
435
434
435
435
436
435
435
434
435
435
436
436
436
434
435
434
435
434
435
435
435
435
435
436
436
436
437
437
437
437
438
438
439
440
443
446
449
451
455
460
466
471
474
477
479
480
479
479
478
476
475
475
473
471
468
465
464
464
461
460
457
457
456
456
453
453
450
448
446
446
446
446
445
445
444
444
443
444
443
443
442
441
440
440
439
439
438
437
436
436
435
435
434
433
433
433
433
433
433
432
432
431
432
431
432
432
433
433
433
434
435
434
436
434
436
434
436
434
437
437
437
436
438
437
438
438
439
439
440
440
441
441
443
444
445
446
449
452
456
459
464
467
473
476
478
478
480
480
479
479
477
475
472
471
469
467
465
466
463
463
460
460
457
456
453
452
450
450
448
450
447
449
447
447
446
446
446
446
445
445
444
445
444
444
441
442
440
440
440
439
438
437
436
436
434
435
435
435
435
435
434
434
434
435
435
435
436
436
436
435
437
436
435
435
436
435
437
437
438
437
440
438
440
439
439
437
439
439
440
441
442
441
443
443
445
446
448
449
452
454
460
463
468
472
476
479
483
483
484
482
481
479
478
476
473
472
471
469
467
466
465
463
460
459
457
457
454
453
450
450
449
449
447
448
446
446
445
446
444
445
445
446
445
445
443
443
442
442
440
439
438
439
437
438
436
437
437
437
437
437
436
435
434
434
434
435
434
435
436
437
436
437
438
437
438
438
439
439
440
440
440
439
440
440
441
440
441
441
443
442
444
443
445
446
448
449
452
454
459
462
468
473
477
479
482
483
484
482
482
480
478
476
474
471
470
468
467
465
464
461
459
458
457
457
455
453
452
452
449
449
449
449
448
448
448
448
448
448
447
448
446
446
445
445
443
442
441
441
439
438
438
439
438
438
436
436
435
437
435
436
436
437
435
436
435
436
435
437
436
437
437
437
436
437
437
437
437
438
438
438
439
439
440
440
441
442
442
441
442
442
445
447
449
452
457
461
466
470
475
478
481
482
484
484
484
481
481
477
474
472
471
468
467
464
463
459
459
456
455
453
452
450
449
447
447
446
446
446
446
446
447
447
447
448
448
447
447
446
445
444
443
443
441
441
439
439
438
439
439
438
437
438
437
437
436
436
435
436
436
437
437
438
438
439
438
439
439
440
440
442
441
442
442
442
442
443
443
443
443
443
444
446
448
450
453
456
460
465
469
473
477
479
483
484
485
484
483
480
479
477
475
472
471
468
466
463
461
457
457
455
455
453
453
450
449
446
447
446
447
446
447
447
448
447
446
446
446
444
444
444
444
442
442
441
441
440
438
439
438
436
436
437
436
435
435
436
435
435
434
434
434
435
434
436
435
436
435
437
436
438
438
439
439
440
440
441
441
443
443
447
449
454
457
462
466
472
477
481
484
486
487
488
488
486
484
483
479
477
473
471
469
467
464
463
460
458
457
455
452
450
449
446
446
445
446
443
442
441
442
441
442
442
442
441
442
440
439
436
437
434
434
432
432
431
431
429
430
429
429
428
428
427
428
427
429
428
429
428
429
428
430
430
429
430
430
430
432
432
433
434
435
434
435
436
436
438
441
445
451
455
459
466
471
478
481
484
485
486
486
486
484
482
479
479
475
472
469
468
464
462
459
458
454
453
450
448
446
444
442
440
438
438
437
437
436
435
434
435
434
434
434
433
433
432
431
430
430
428
426
425
424
424
424
422
424
422
422
421
421
420
421
421
422
422
423
422
424
423
425
425
426
426
427
426
427
427
428
428
429
429
431
430
431
431
433
435
439
444
450
457
463
469
476
482
486
490
493
493
493
492
489
486
483
480
476
474
471
469
466
463
460
458
454
453
449
447
443
442
438
436
433
434
432
432
431
432
431
432
431
433
431
430
429
429
427
427
425
425
423
423
422
421
420
420
419
419
418
420
420
420
421
420
421
421
422
422
422
422
424
423
425
423
425
425
426
425
426
426
428
427
428
428
429
429
431
430
431
430
432
433
437
440
447
452
459
466
474
480
488
492
497
500
501
501
500
497
493
489
485
482
480
477
473
470
467
465
462
459
456
453
449
446
442
440
436
434
431
431
429
429
429
428
427
427
427
427
426
426
424
425
422
422
420
421
419
419
417
417
416
417
417
418
417
418
416
416
416
417
417
418
418
417
418
419
420
420
421
422
423
422
423
423
425
424
425
426
426
425
427
425
426
426
428
428
429
429
432
431
433
436
440
445
451
457
465
472
482
488
496
500
506
507
509
508
506
502
500
497
494
490
487
484
481
477
474
470
467
464
460
458
454
451
448
446
443
441
439
438
437
436
435
435
434
434
433
434
431
431
429
428
427
428
424
424
422
422
419
420
418
419
418
418
417
417
416
416
416
417
416
417
416
417
416
417
417
417
417
417
418
419
419
420
421
421
421
421
424
424
424
424
424
424
426
426
427
427
428
428
429
430
434
437
443
448
456
463
472
479
487
492
498
501
504
504
504
502
500
495
493
490
486
482
479
475
473
468
466
462
460
457
454
451
448
445
443
442
440
438
438
438
437
436
435
435
434
434
432
432
430
430
428
428
425
425
423
422
421
420
418
417
416
416
415
415
414
416
414
414
413
413
414
414
414
415
414
416
416
417
416
416
416
417
416
418
418
418
418
419
419
421
421
422
423
423
423
423
423
424
428
432
437
443
450
457
465
472
480
485
492
495
499
499
500
497
496
491
488
485
482
478
476
471
468
463
461
457
454
449
447
443
442
438
437
435
435
434
434
433
434
433
434
435
435
434
434
434
432
432
430
429
427
427
425
425
423
423
423
422
420
423
421
421
419
421
419
422
421
424
423
424
424
426
424
425
426
428
428
428
428
430
431
431
432
433
431
432
432
433
432
435
437
442
447
453
459
466
473
480
486
491
496
499
501
500
500
498
494
489
486
480
478
473
470
464
462
458
455
450
448
444
443
440
438
436
436
433
432
432
432
432
432
431
432
431
430
429
429
427
427
426
426
425
424
423
423
421
421
420
420
420
420
420
419
419
419
419
419
419
419
421
421
423
423
424
423
425
425
426
425
427
427
428
427
428
428
430
432
437
441
448
454
462
468
476
483
490
495
499
501
502
500
499
497
494
490
487
483
479
475
471
468
464
461
457
454
450
448
445
442
439
438
435
434
433
433
431
432
431
431
431
431
430
430
429
428
426
425
423
422
421
420
417
417
416
416
415
417
415
416
414
415
415
415
414
415
414
416
416
418
418
419
417
418
419
420
420
422
423
423
424
426
427
431
435
441
449
458
465
472
480
485
491
495
498
498
499
497
496
492
490
485
481
477
475
472
469
464
461
457
454
450
447
443
441
436
434
430
430
428
428
426
426
425
425
425
424
424
422
421
420
420
418
418
416
416
414
413
412
412
411
411
411
410
409
409
408
409
408
411
410
411
411
412
412
413
413
414
414
416
416
417
417
418
418
420
420
421
422
425
429
436
443
450
458
467
475
483
488
494
496
498
498
499
497
495
491
487
483
478
476
471
469
465
462
458
454
449
448
444
441
436
435
431
429
427
427
425
425
424
424
422
423
422
422
421
419
417
417
415
414
412
412
411
410
408
409
408
408
408
407
407
407
407
408
408
407
407
408
408
409
409
410
411
412
413
413
415
415
416
415
416
416
418
418
420
421
423
422
425
426
432
438
446
453
462
470
480
487
494
499
503
504
505
504
503
499
496
492
488
484
482
477
473
468
465
459
456
451
447
443
440
437
434
432
430
428
426
427
425
425
425
425
424
424
422
423
420
420
417
418
417
416
414
414
412
413
410
411
410
410
410
410
409
411
409
410
410
411
411
413
413
415
415
416
416
418
418
419
420
420
421
421
422
423
423
424
425
425
426
427
429
429
430
431
432
434
440
445
453
459
468
475
483
489
496
500
504
504
504
503
502
498
496
492
489
485
483
477
474
469
466
460
457
454
451
446
443
440
437
434
433
430
430
429
429
428
428
427
428
427
426
425
424
424
424
424
422
421
420
419
417
416
414
415
414
415
413
414
413
414
412
414
413
414
414
416
415
416
416
417
418
418
418
419
419
420
421
423
423
423
423
425
425
427
426
427
427
430
430
431
432
433
434
436
437
441
446
452
460
466
474
481
488
493
498
501
504
503
504
500
499
494
493
488
485
482
479
475
472
468
464
461
458
454
452
449
447
443
441
438
438
436
436
434
435
434
433
431
432
431
430
429
429
427
425
425
424
422
421
420
420
419
418
418
416
417
415
416
416
416
415
416
415
417
417
418
418
420
419
420
420
421
421
423
423
424
425
425
425
425
425
427
427
428
428
430
430
431
432
433
433
435
438
442
445
452
457
464
471
477
483
489
493
496
498
499
500
498
497
494
491
488
485
482
480
475
473
467
465
461
459
455
454
450
449
445
444
441
440
439
439
437
437
436
436
434
434
433
433
431
432
431
430
429
428
426
425
424
424
423
423
421
420
420
419
419
419
419
419
420
419
420
421
423
421
422
421
422
421
423
422
424
424
424
425
427
426
428
428
429
428
430
429
432
431
432
432
434
435
437
439
444
447
453
459
466
472
478
482
488
490
493
493
494
493
491
489
486
484
481
478
476
472
469
467
463
461
458
456
453
451
448
448
444
443
440
440
438
439
437
438
437
437
436
435
434
434
433
433
431
430
428
428
427
427
425
425
423
423
422
422
421
422
422
422
422
423
422
423
423
423
424
425
426
425
427
427
428
428
430
429
430
431
432
433
434
434
435
435
436
435
437
438
443
446
450
453
460
464
471
475
481
484
488
488
490
490
490
489
487
484
480
476
474
472
469
467
463
460
457
455
453
451
449
446
446
444
443
443
443
444
443
443
442
442
442
442
440
440
439
440
439
439
Loop stopped.
