Output started
30000
389
370
362
359
361
360
362
361
362
361
362
362
362
360
361
359
359
359
359
358
359
358
359
357
358
358
357
358
358
357
356
356
357
358
358
359
359
360
359
360
359
361
360
361
361
362
360
362
360
361
360
361
361
363
363
364
363
364
363
364
364
365
364
367
368
370
373
377
381
386
390
394
396
399
401
403
403
404
403
403
401
400
398
396
396
394
394
394
392
390
391
388
387
386
387
385
384
380
381
378
378
376
377
375
376
373
373
371
371
369
369
366
366
363
363
361
362
360
360
358
359
357
358
356
358
358
358
358
359
358
358
358
359
358
358
356
356
356
357
356
357
357
357
358
358
359
358
359
358
359
359
361
359
359
359
361
360
362
361
363
363
364
364
369
372
377
380
386
389
393
395
398
399
402
400
400
399
399
396
395
394
394
391
391
389
388
386
385
383
384
384
383
382
380
378
378
376
375
376
374
375
373
374
371
371
369
370
368
369
366
366
363
364
362
362
361
361
359
361
359
360
358
360
359
360
359
359
359
361
360
361
359
361
361
361
361
362
361
362
362
361
362
362
361
361
361
361
362
362
362
363
364
362
364
363
364
364
365
365
370
372
378
380
385
388
392
394
397
398
401
399
399
396
398
396
396
394
394
392
391
389
388
385
385
383
385
383
384
381
381
379
378
376
377
377
376
375
376
374
373
371
371
370
369
370
368
368
366
366
365
366
365
364
363
363
362
365
363
364
363
364
363
365
363
364
362
363
364
365
364
366
364
366
365
365
365
366
365
366
365
367
366
367
367
367
366
367
366
368
368
367
367
367
368
371
372
374
378
379
385
388
392
394
397
398
401
399
401
398
399
396
397
394
394
391
391
389
389
386
385
384
385
384
383
381
382
379
378
376
376
375
376
375
375
373
373
373
372
371
371
370
369
367
366
366
365
365
363
363
364
363
362
363
363
364
362
364
362
362
361
362
362
363
362
364
362
364
361
364
362
364
362
364
363
364
364
364
364
365
364
364
364
364
365
365
365
367
365
367
367
368
371
372
375
379
382
385
390
392
394
398
399
400
399
399
400
398
396
394
394
392
392
391
391
388
388
385
385
383
383
382
383
381
380
377
377
376
376
375
374
374
374
373
373
371
371
369
368
367
367
366
366
365
365
364
365
364
364
363
364
363
363
362
362
361
362
362
362
363
364
364
364
363
363
364
364
364
363
364
362
364
363
365
364
365
363
365
364
365
365
366
366
367
367
368
367
369
369
370
371
376
379
383
386
391
393
397
399
401
402
403
402
401
399
397
395
394
392
392
391
390
390
388
387
385
385
383
383
381
382
380
380
377
378
375
376
374
375
373
374
372
373
370
371
369
370
367
368
366
367
365
365
363
365
363
362
361
362
362
363
362
362
361
362
362
362
362
362
362
363
362
363
362
363
363
363
365
364
364
365
366
366
366
365
365
363
366
364
366
366
368
366
368
366
369
370
373
375
379
383
388
390
395
397
400
401
403
402
403
401
400
398
397
395
394
393
392
390
389
387
386
386
385
384
383
382
381
380
379
379
377
378
376
376
375
376
374
374
372
372
370
370
368
368
366
368
366
366
365
365
363
364
363
363
363
363
363
363
362
363
363
364
363
364
363
364
364
365
364
366
365
365
366
366
365
366
367
366
368
368
367
367
368
367
368
368
369
368
369
368
370
369
372
373
376
379
383
386
391
394
397
400
403
403
405
404
404
401
401
397
397
395
394
392
391
390
389
387
388
387
386
383
383
381
381
380
379
377
376
376
376
376
375
376
375
375
373
373
371
371
369
369
367
368
365
366
364
364
362
364
363
364
362
364
363
364
363
364
363
364
364
364
363
365
363
364
363
365
364
366
365
366
365
366
365
365
365
366
365
365
364
365
365
365
367
367
367
367
369
369
371
372
378
381
386
388
394
396
401
401
404
403
405
402
403
400
399
395
395
393
392
390
389
388
388
386
385
383
383
381
381
380
380
378
378
377
378
375
376
375
375
375
374
373
371
369
369
367
367
366
365
365
364
365
364
364
364
364
362
363
362
364
362
364
362
363
362
363
361
363
362
363
362
364
363
364
363
363
363
365
364
364
364
364
364
365
364
366
365
366
367
367
365
366
366
368
371
375
379
384
389
394
397
400
402
404
406
405
405
403
402
400
399
396
395
392
390
389
389
388
388
386
387
384
384
382
381
379
380
378
378
376
377
377
377
374
375
373
373
371
370
369
369
368
366
365
367
366
365
363
363
362
362
362
362
362
363
363
362
363
363
364
364
364
363
364
364
365
363
365
364
365
364
365
364
366
364
367
366
367
365
366
366
368
367
368
367
368
367
370
372
375
380
384
388
394
397
401
404
406
408
408
406
406
404
402
400
399
397
396
395
393
391
390
390
388
389
387
387
383
382
380
380
377
378
375
377
374
375
373
374
372
372
369
369
367
367
365
365
363
364
363
363
361
362
361
362
361
361
360
362
360
361
359
361
361
361
360
359
360
361
360
361
361
360
361
360
362
362
363
362
361
360
362
360
363
361
363
361
363
362
363
363
366
366
371
375
381
385
392
395
401
402
406
405
407
406
406
403
403
401
400
398
397
394
394
392
390
391
391
388
387
384
382
381
379
377
375
374
373
374
372
372
371
371
369
369
367
366
363
363
361
361
360
360
359
359
357
358
356
357
356
356
355
355
355
355
354
354
354
354
354
356
354
356
356
356
356
356
356
356
356
358
357
357
356
357
355
356
356
357
357
359
359
358
359
360
363
367
373
376
383
387
393
396
400
401
404
402
404
402
402
399
399
397
397
394
394
392
392
389
388
386
387
384
383
381
380
378
377
374
375
372
372
370
370
369
368
366
365
365
363
362
360
359
358
357
356
357
356
356
355
355
353
353
352
354
352
354
353
355
352
354
353
354
353
354
354
355
353
356
353
355
354
356
355
356
355
356
356
357
356
358
357
357
358
359
359
360
361
362
364
369
373
378
382
387
391
395
399
401
404
403
403
402
402
400
400
397
398
395
395
392
391
388
389
386
386
383
383
380
379
376
376
373
372
370
370
369
369
367
367
366
366
363
362
360
360
359
359
357
356
355
355
353
353
352
352
353
351
352
352
354
353
354
354
355
354
355
355
356
355
356
355
356
355
357
356
357
356
357
356
356
355
357
355
357
356
357
357
359
359
360
360
361
362
366
370
375
378
383
386
390
393
396
397
399
398
398
396
395
394
393
392
391
391
390
388
386
387
384
384
382
382
380
382
379
379
376
376
374
374
372
372
370
372
369
369
366
365
363
363
361
361
360
360
360
360
359
359
357
357
356
357
356
357
356
357
356
357
356
358
357
357
358
358
358
358
358
358
358
358
360
360
361
360
361
359
361
359
361
360
364
362
362
363
365
364
368
370
375
377
382
384
389
390
393
394
397
396
396
395
394
392
392
390
390
388
389
387
386
384
384
383
382
380
379
378
377
376
376
376
376
376
374
374
372
373
371
371
369
368
365
366
364
365
363
364
361
362
360
362
359
361
360
360
359
361
359
361
360
362
360
361
360
362
362
362
361
362
361
362
361
361
360
362
360
361
361
361
362
361
362
363
364
364
364
364
365
364
368
370
374
376
381
383
387
388
393
392
395
393
393
390
391
389
389
386
387
385
386
384
383
382
381
379
380
378
379
377
378
376
376
375
375
374
375
374
374
372
372
371
370
370
369
368
368
367
367
367
367
367
366
366
365
366
366
367
366
366
366
367
367
368
367
367
367
368
367
368
368
368
367
367
366
368
368
368
368
369
368
369
368
368
368
370
369
370
370
371
370
373
375
378
381
386
388
391
394
398
399
400
400
400
399
398
398
395
395
393
393
391
391
389
389
386
385
383
386
385
385
382
382
378
379
377
378
376
377
376
376
374
375
372
372
370
370
369
368
367
366
365
366
365
366
364
365
364
364
363
363
363
364
364
364
364
364
365
366
367
365
366
365
365
364
366
364
366
364
366
365
366
365
365
365
367
366
368
367
368
367
368
368
371
371
375
378
383
386
391
394
398
399
401
400
401
400
400
399
398
396
397
395
394
392
390
390
387
386
386
385
383
383
381
382
380
380
378
379
377
377
376
377
374
375
372
372
369
369
368
368
366
366
363
365
363
363
362
362
362
362
362
362
361
361
360
360
361
362
361
361
361
360
361
361
361
360
360
361
361
361
361
361
361
361
363
363
364
362
363
363
365
365
365
364
367
369
373
376
382
385
390
393
397
399
401
400
402
400
400
398
398
395
395
393
392
392
390
389
388
386
384
384
385
383
382
380
380
377
376
375
374
373
372
372
371
371
369
370
368
368
366
366
364
363
361
362
361
361
360
361
358
360
358
359
358
359
358
360
359
359
357
359
358
359
359
359
359
361
359
361
360
361
361
362
361
362
362
362
362
362
363
364
363
363
363
364
365
367
369
373
378
382
387
391
396
398
402
402
404
403
403
400
401
398
397
394
395
392
393
390
389
386
389
386
387
385
384
380
380
377
377
375
375
374
374
373
373
370
370
369
369
367
366
365
365
363
361
360
361
360
358
358
358
358
359
360
360
361
359
360
359
361
360
361
359
361
359
361
359
362
360
362
361
362
360
362
361
362
361
362
362
363
362
363
363
364
363
364
365
366
367
369
372
377
381
385
390
393
398
401
402
402
403
402
401
400
398
397
396
393
393
391
390
387
388
386
386
383
384
380
380
378
378
375
376
375
375
373
373
372
372
371
371
369
368
366
366
365
365
363
363
361
362
360
361
360
361
360
360
361
360
361
361
360
360
360
360
360
361
360
360
362
362
363
362
363
363
364
363
363
362
365
363
364
363
364
363
365
363
365
364
366
365
367
368
370
373
379
382
388
391
395
398
402
403
405
404
404
402
401
400
399
397
396
394
393
390
389
387
388
386
385
383
382
383
380
379
377
377
376
376
374
374
373
373
371
372
370
371
368
368
365
365
363
363
362
363
361
361
360
359
359
360
360
360
359
360
359
360
360
360
360
361
360
361
361
361
362
362
362
361
361
362
362
362
362
362
362
363
364
364
364
364
365
365
367
366
366
364
368
369
375
378
383
387
392
394
399
401
403
404
405
404
403
400
400
397
396
393
391
390
390
388
386
385
386
384
382
381
381
379
379
378
375
375
374
374
374
373
372
372
371
372
369
369
367
368
365
365
363
364
361
363
360
362
360
361
359
361
360
361
360
360
359
361
360
361
360
361
361
361
361
361
362
362
362
362
362
362
363
363
362
363
363
364
363
363
362
363
363
364
365
365
366
367
370
372
376
381
386
390
395
397
402
402
405
403
404
402
402
400
400
396
396
394
392
390
389
389
388
385
384
381
381
379
379
378
377
375
376
374
375
374
375
374
374
371
371
370
369
367
366
365
365
364
363
362
362
363
361
362
362
362
360
362
360
362
361
362
360
361
360
362
360
361
360
361
361
362
362
362
361
363
361
362
361
363
362
363
362
363
362
363
364
365
365
367
366
367
368
370
373
378
382
386
391
395
399
401
403
404
405
403
403
400
399
396
395
391
391
388
388
386
386
383
383
381
382
378
379
377
377
376
377
376
377
376
377
375
374
372
371
370
370
368
368
366
366
364
363
362
363
362
362
361
362
361
361
361
362
362
362
362
362
362
362
364
362
364
363
365
363
364
362
364
364
365
365
365
365
366
364
365
364
365
364
365
365
367
365
365
366
369
371
375
378
385
389
394
399
404
406
408
408
409
407
406
405
403
400
399
398
396
394
394
391
391
390
388
389
386
386
383
382
380
379
377
378
377
377
375
375
373
373
371
372
369
369
367
367
364
364
363
362
361
360
360
360
359
359
359
359
359
361
360
360
359
359
359
360
359
360
358
359
358
359
359
358
358
358
358
359
361
360
361
361
362
361
362
361
363
361
363
362
364
364
366
366
373
377
384
389
395
399
404
406
409
409
410
407
406
404
404
401
401
397
396
395
394
392
392
389
389
387
385
383
381
378
376
374
374
373
372
371
371
371
369
369
367
367
365
366
363
363
361
361
359
360
357
357
355
356
354
355
354
354
353
355
354
355
355
356
355
355
354
356
355
356
355
356
356
356
355
355
355
356
356
356
356
356
357
356
357
356
357
357
358
359
360
361
364
367
374
378
384
390
396
398
403
403
407
407
408
406
405
403
403
399
399
396
395
392
392
390
389
387
386
382
381
378
377
374
373
372
370
370
369
367
367
366
365
364
363
362
360
359
359
358
357
356
355
354
353
354
353
354
352
353
352
352
351
352
351
352
351
352
351
352
351
353
352
353
353
354
354
354
353
354
353
354
353
354
353
354
354
354
354
356
355
356
356
357
358
360
362
367
371
377
382
388
393
398
401
404
406
407
408
406
406
402
402
400
398
395
395
392
393
389
388
386
386
382
382
379
379
376
376
373
373
370
371
369
369
367
368
365
365
363
362
359
359
358
357
355
355
353
353
353
354
353
353
351
351
351
351
351
351
351
351
353
353
354
353
354
354
355
354
355
353
354
353
354
353
355
353
354
353
355
354
354
354
355
354
356
356
358
358
358
359
364
368
375
380
386
390
395
399
402
404
405
404
404
402
400
398
396
395
394
Loop stopped.
