Output started
30000
375
358
352
351
352
354
355
357
358
361
362
363
362
364
364
366
365
368
367
369
368
369
369
371
371
373
371
372
372
373
374
375
373
374
374
374
374
376
377
380
382
386
389
394
396
400
401
404
405
407
407
407
406
406
405
404
402
402
401
400
398
398
398
395
395
393
392
390
391
388
389
385
385
383
384
381
382
380
380
378
379
377
377
375
376
373
374
372
372
371
371
369
370
369
368
367
368
367
367
366
367
366
367
367
368
367
368
368
367
368
368
368
369
370
370
371
371
372
371
372
371
372
371
373
371
373
372
374
373
374
372
374
373
375
374
376
375
376
375
376
377
379
380
383
386
390
394
399
401
404
405
408
407
408
408
407
407
406
404
404
403
402
401
399
398
396
395
394
393
391
392
390
391
388
387
386
389
386
387
385
386
385
385
382
382
380
380
377
377
376
375
374
374
373
373
372
372
371
372
371
371
371
372
370
371
371
371
371
372
372
372
371
372
371
372
371
370
372
371
371
372
372
372
374
374
374
372
373
371
372
372
375
374
376
375
376
376
378
376
378
377
380
381
385
386
389
391
396
397
401
402
404
404
405
404
404
403
402
400
401
399
398
397
396
394
394
393
391
390
389
388
387
387
386
385
385
386
384
384
382
384
383
384
382
382
381
380
378
378
377
378
375
376
374
375
373
374
374
373
372
374
373
373
372
373
372
373
372
373
372
372
373
373
373
373
374
375
375
374
375
374
374
374
374
374
375
375
376
375
377
376
378
377
377
377
378
377
378
377
378
377
379
380
384
386
390
391
394
394
398
399
400
400
401
401
401
400
400
399
399
397
397
395
394
393
393
391
392
391
390
388
387
386
385
384
384
383
384
382
383
383
382
383
380
381
379
379
378
378
377
378
376
377
375
376
374
375
374
374
373
374
373
374
374
374
373
373
373
374
373
375
374
375
375
375
375
377
375
376
375
376
376
376
377
377
377
377
376
376
376
376
376
377
378
378
380
378
379
379
381
382
385
386
390
392
395
395
398
399
400
399
400
398
399
398
399
396
397
395
396
394
393
392
392
391
392
390
390
389
389
387
387
386
387
385
385
385
385
384
384
382
382
381
381
380
379
380
380
380
378
380
378
378
377
377
376
377
376
377
375
377
375
377
376
376
376
377
376
376
375
377
376
378
377
377
376
378
377
378
377
377
377
378
377
378
377
378
378
378
379
379
378
378
377
378
379
380
381
383
386
388
393
394
397
397
400
399
401
400
401
400
400
398
398
396
397
396
396
395
395
393
393
392
392
391
391
390
390
388
388
387
388
387
387
387
388
387
386
385
385
384
384
383
382
381
381
380
379
379
378
377
377
377
378
379
377
377
376
377
376
377
377
378
375
376
375
376
375
377
376
377
376
378
377
377
375
377
375
377
376
378
377
378
375
377
376
377
377
377
377
378
377
379
379
381
382
385
388
392
394
397
399
401
402
403
402
403
404
404
404
402
402
401
400
398
399
397
398
397
397
395
395
393
393
391
391
389
390
388
389
387
389
386
387
385
385
384
385
384
384
382
382
381
381
380
379
379
379
378
379
378
377
376
376
376
375
376
376
376
376
377
375
377
376
377
377
377
376
377
376
377
375
377
375
377
376
377
377
377
375
377
377
377
377
379
377
377
378
378
379
380
381
384
386
390
393
396
398
400
401
403
404
405
405
405
403
402
401
401
401
399
398
397
396
396
396
394
394
392
391
389
389
387
389
388
389
387
388
386
387
385
385
384
384
382
382
380
380
378
377
375
375
374
373
373
373
372
372
371
371
370
371
370
371
370
370
370
370
369
369
368
369
369
369
370
370
372
372
372
371
371
371
372
371
373
371
372
372
373
372
374
372
374
372
375
375
377
377
381
384
388
391
396
398
401
402
405
405
405
404
404
402
402
401
401
400
400
399
398
397
395
393
392
391
390
388
388
387
386
387
384
384
384
383
381
381
379
379
377
377
375
376
373
374
371
372
369
370
367
368
365
366
365
366
366
366
365
365
364
365
364
365
365
366
366
366
366
366
366
366
366
366
367
367
368
368
368
368
367
366
368
368
370
369
370
368
368
367
369
369
372
374
379
382
387
390
395
396
401
402
405
405
406
406
406
405
405
403
402
401
401
399
399
397
396
394
394
391
391
389
389
387
387
385
385
384
383
380
378
378
377
376
375
375
374
372
371
371
369
369
367
368
367
366
364
364
363
363
362
364
362
363
362
364
362
363
362
364
362
364
363
365
364
366
364
365
364
365
365
367
366
366
365
367
366
366
366
367
367
368
367
367
368
369
372
373
376
379
384
387
393
396
400
401
403
403
405
403
404
402
403
401
402
399
399
396
396
393
393
391
392
389
388
386
386
383
383
381
381
379
379
378
378
376
376
375
374
372
372
370
369
368
367
367
366
364
363
362
362
362
362
363
362
362
362
364
362
364
363
364
363
364
362
364
363
364
363
365
364
366
364
365
364
365
365
366
366
366
365
367
366
367
367
368
367
368
369
371
372
374
375
380
383
387
392
396
398
402
403
403
404
404
404
404
404
403
403
401
401
400
399
396
395
392
391
390
391
388
388
385
384
382
382
379
380
378
378
377
378
375
375
372
373
371
371
370
369
367
367
367
367
365
366
366
366
364
365
365
364
363
363
363
362
363
363
362
363
363
364
364
364
366
364
365
365
365
365
366
365
366
365
366
366
367
366
367
367
369
368
369
368
370
370
371
373
375
377
382
384
389
392
396
397
399
399
400
400
401
400
400
399
399
398
398
396
395
393
392
391
389
389
388
388
386
386
383
384
382
383
381
381
379
380
377
378
375
375
373
373
371
373
371
373
371
372
369
370
368
369
367
368
366
367
366
367
366
366
365
365
365
365
365
366
366
367
367
368
366
365
366
367
368
367
367
368
367
367
369
368
369
369
370
370
370
371
371
370
372
371
373
373
377
379
384
385
389
389
392
393
395
395
397
396
397
396
397
395
395
394
394
393
393
392
391
390
391
389
388
387
387
385
385
384
384
383
382
382
382
381
381
381
379
380
378
378
376
376
374
375
373
374
372
373
371
372
370
373
371
372
370
371
369
372
370
371
370
371
369
371
369
370
370
371
370
371
370
371
371
373
373
373
373
373
372
372
371
372
374
374
373
374
376
375
376
375
378
378
382
383
387
387
390
390
393
392
395
395
397
395
396
395
396
394
395
393
393
392
393
391
392
391
391
390
390
387
387
385
385
384
385
383
383
382
381
381
381
380
380
378
377
378
378
378
377
378
375
377
376
376
374
375
374
375
373
375
373
375
373
374
373
375
374
375
373
375
374
375
373
374
375
375
374
375
374
375
376
375
375
375
374
375
375
375
376
376
376
377
376
376
377
376
376
378
379
382
383
385
389
389
391
390
392
393
394
394
396
394
395
394
395
394
395
392
393
391
392
391
392
391
390
389
389
387
388
387
387
386
387
385
386
384
385
384
384
383
384
382
383
381
382
381
380
379
379
379
379
379
378
378
378
379
378
379
378
379
377
379
377
379
377
379
378
379
378
379
378
380
378
380
379
379
378
380
380
381
380
381
379
380
379
380
379
381
380
381
380
381
381
381
381
382
383
384
385
387
389
390
393
394
395
396
396
396
398
396
397
396
397
396
396
395
396
395
395
393
394
392
393
391
392
392
392
390
390
389
390
389
389
387
389
387
388
387
389
388
387
386
386
385
385
384
384
384
383
382
382
382
382
380
380
380
379
380
380
380
380
381
379
381
380
381
381
381
381
381
379
381
379
381
379
381
379
381
380
381
380
381
380
381
381
382
381
382
381
382
380
381
381
383
383
384
384
388
390
392
394
396
397
398
399
400
400
400
400
400
398
398
398
398
399
398
398
396
397
396
396
394
395
392
393
391
392
391
392
391
392
391
391
389
390
388
389
387
388
386
386
385
386
385
385
384
385
384
384
382
383
382
383
382
382
381
382
381
382
380
380
380
380
381
380
381
381
382
381
382
381
383
381
382
381
382
380
381
379
381
380
382
380
382
380
383
381
382
380
381
380
382
383
386
387
391
391
394
396
398
399
400
400
401
401
401
401
400
399
399
399
398
396
395
394
394
394
393
393
391
391
390
390
390
390
388
389
387
389
387
387
386
386
384
385
384
384
382
383
380
381
380
381
381
381
379
379
377
378
377
377
376
376
376
376
376
377
377
377
376
376
376
377
376
377
376
377
376
377
376
376
376
376
378
378
377
377
378
377
378
378
379
378
379
377
378
377
379
379
383
384
388
389
394
395
398
400
402
402
403
402
404
403
402
400
401
399
399
399
398
397
397
394
394
393
392
390
389
388
388
388
388
387
386
384
384
384
385
385
383
383
381
381
380
380
377
377
376
378
375
375
373
374
372
374
372
374
372
373
372
372
371
372
372
372
372
373
372
373
372
372
372
372
373
373
372
374
372
373
374
373
373
372
373
374
375
375
375
377
377
377
378
377
379
379
383
385
389
391
395
396
400
400
404
403
406
404
406
405
405
403
403
400
401
399
398
397
397
395
395
393
392
390
391
390
390
389
388
387
386
384
384
382
382
381
380
379
378
377
376
376
375
374
373
374
372
373
371
371
370
370
369
370
369
369
368
369
367
369
368
370
368
369
369
370
369
371
371
372
372
371
370
371
371
372
372
372
371
372
371
372
372
374
374
375
374
376
375
376
376
378
379
381
384
388
392
396
400
402
405
405
407
407
408
406
406
404
405
402
402
399
399
396
396
393
393
391
393
389
390
386
386
384
385
383
382
382
383
380
381
379
380
378
378
378
377
375
375
374
372
371
370
369
369
368
369
369
368
369
368
370
369
370
369
370
368
369
367
369
368
369
369
370
369
371
370
371
369
371
370
372
371
373
373
373
372
373
372
374
373
375
374
374
374
375
375
377
377
378
381
385
388
391
395
398
401
403
405
406
406
406
407
405
406
403
402
401
399
398
397
394
394
392
393
391
391
388
388
385
385
384
384
383
383
382
382
381
382
380
381
380
380
379
379
377
377
375
374
373
372
371
371
369
369
368
368
368
368
368
368
368
369
369
369
369
369
371
370
370
371
373
372
373
373
374
373
373
372
374
373
374
373
374
372
374
374
375
374
376
375
376
375
377
377
378
379
381
383
387
390
395
397
401
404
406
407
408
409
409
408
407
406
404
403
402
400
400
398
396
395
393
393
391
392
390
390
388
388
385
386
383
384
382
383
381
383
380
381
378
378
376
377
375
376
373
374
372
373
371
372
372
372
371
372
371
371
371
371
371
371
370
371
371
370
371
370
371
371
372
373
374
373
374
373
375
374
375
373
375
374
375
374
375
375
377
376
378
376
377
376
378
378
380
381
384
387
391
393
398
401
404
404
406
406
407
407
407
405
403
402
402
400
399
397
396
394
394
391
391
391
390
389
387
388
387
388
387
389
387
387
386
385
384
384
382
382
380
380
378
379
376
376
376
376
374
375
373
373
372
373
371
372
372
372
371
372
370
371
370
371
371
372
372
373
372
373
373
373
373
373
372
373
373
374
374
374
374
374
374
374
375
375
376
375
377
375
377
377
379
379
384
387
392
393
398
399
403
403
407
405
407
405
407
405
405
403
403
401
401
398
398
396
395
393
393
391
392
390
389
388
387
385
385
385
384
383
383
383
381
381
380
380
378
378
376
376
373
374
372
373
370
372
370
371
369
370
369
370
369
370
368
370
369
370
368
370
368
370
370
371
370
371
371
371
370
370
372
372
372
372
372
373
372
372
373
374
374
374
374
374
374
374
376
378
380
382
387
390
394
397
401
400
403
404
406
405
406
404
405
402
403
400
400
398
398
397
396
394
394
392
391
389
390
387
387
385
385
384
383
383
382
381
380
380
379
378
378
376
375
374
372
372
371
370
370
369
369
370
368
369
368
368
368
369
368
367
367
369
368
368
367
369
368
369
368
370
369
370
369
371
369
371
371
371
370
372
371
372
371
372
371
372
371
372
372
373
374
375
376
378
381
386
389
392
395
398
401
402
403
403
405
404
404
401
400
399
399
397
397
394
395
393
393
389
390
388
388
386
387
385
385
384
383
381
382
380
381
380
380
378
378
376
377
375
375
373
372
370
370
370
370
369
369
368
368
368
368
367
367
368
368
367
367
369
368
370
369
369
368
368
368
369
368
369
368
370
369
370
369
371
371
371
369
371
371
371
371
372
371
372
371
372
373
374
376
380
384
387
391
395
397
401
403
405
405
405
404
404
404
402
401
399
399
399
398
396
397
394
394
392
392
389
388
387
387
385
385
383
383
381
383
381
381
379
380
378
377
376
376
374
373
372
372
370
370
369
369
367
368
367
367
366
368
367
367
367
368
367
367
366
367
366
366
366
366
366
366
366
366
367
367
368
366
368
367
369
367
368
367
369
368
370
368
370
369
371
370
372
371
374
375
379
382
388
391
396
399
402
404
406
406
407
406
407
406
405
403
403
402
401
398
398
396
396
394
393
391
389
389
388
388
387
387
384
385
382
383
381
381
379
380
378
379
376
376
373
374
372
372
370
370
368
369
367
367
366
366
365
366
365
366
365
366
366
367
366
366
365
366
366
366
366
367
367
Loop stopped.
