Output started
30000
515
514
513
514
514
514
514
515
515
516
516
517
516
516
516
518
517
519
518
519
518
518
518
520
522
527
531
536
541
546
547
549
550
553
556
560
563
566
567
570
570
569
569
567
565
565
565
565
564
562
560
557
555
553
553
553
553
551
550
546
543
539
537
532
528
525
524
522
524
523
524
523
523
522
521
521
522
522
523
523
523
522
521
519
519
519
520
519
519
519
519
518
517
516
515
514
513
514
514
514
515
515
515
514
513
513
511
511
511
511
510
510
509
508
509
511
512
514
515
518
519
520
520
522
522
524
524
525
526
531
535
541
546
551
553
556
558
561
562
565
566
570
571
572
572
572
570
569
566
564
561
559
558
556
553
551
549
547
546
544
543
541
539
537
535
532
530
528
527
525
524
524
525
524
525
525
526
525
526
526
525
523
522
520
519
518
517
515
514
514
517
517
518
519
521
522
524
522
523
523
524
523
523
523
523
522
522
522
521
521
521
521
521
522
522
523
525
527
528
527
528
526
526
525
524
526
525
528
530
533
533
536
538
543
546
550
552
556
559
562
565
571
573
577
578
579
577
576
574
572
567
566
563
562
559
557
554
552
550
549
547
545
543
541
537
534
532
529
530
529
529
528
528
529
530
528
528
526
525
522
522
520
520
518
518
517
517
516
518
517
517
517
518
518
518
517
517
517
518
516
517
516
516
516
517
516
517
518
520
521
522
522
522
521
521
521
520
520
521
521
523
523
522
522
522
523
524
524
525
527
530
534
537
542
545
550
555
561
565
569
571
573
575
578
578
579
577
576
573
570
567
565
561
558
555
555
554
552
552
551
549
547
544
540
536
534
531
529
529
529
528
529
529
529
528
527
527
525
523
522
520
518
517
516
515
513
512
511
511
510
510
510
511
512
513
514
515
515
516
515
515
515
516
516
516
516
516
515
517
516
518
518
519
518
518
518
520
521
523
523
523
524
525
525
527
528
528
530
532
536
541
545
548
551
555
558
562
566
568
571
573
576
578
576
575
574
570
566
564
563
559
558
555
554
551
549
546
544
543
543
541
539
536
534
531
531
530
531
530
531
529
530
528
528
526
526
525
524
523
522
521
520
520
520
519
519
518
517
515
514
513
512
512
513
515
514
514
515
515
514
514
513
514
513
514
513
515
516
517
517
517
517
519
517
517
516
517
516
519
520
521
522
522
522
522
521
521
521
523
524
526
529
532
535
540
543
544
547
550
554
558
563
567
570
571
572
573
574
573
573
571
569
565
562
559
558
555
553
549
548
546
545
545
546
545
544
543
540
537
535
532
532
531
531
530
531
530
528
528
526
524
523
523
523
522
522
522
521
521
520
519
520
519
517
517
516
514
513
513
514
514
515
516
517
518
517
518
517
518
518
519
518
519
518
518
517
518
517
519
519
520
520
521
521
522
522
522
521
521
519
520
521
524
526
529
533
537
540
544
545
548
553
557
563
567
570
573
576
577
576
574
572
570
566
564
562
559
557
554
553
551
551
551
551
552
552
555
559
562
563
563
563
561
557
552
548
544
541
537
536
532
532
529
527
524
523
521
522
521
524
523
525
523
522
520
518
516
514
513
512
511
510
508
508
509
510
511
512
515
516
518
520
521
520
520
519
520
519
518
518
519
517
518
517
521
525
529
532
535
537
541
542
547
550
553
555
557
556
557
558
560
561
564
567
569
571
576
577
579
576
573
571
570
568
567
564
560
556
550
544
538
532
527
522
516
509
505
505
505
506
508
509
510
510
508
508
508
509
510
511
510
509
508
509
509
509
508
509
510
512
513
514
511
510
507
506
504
506
507
508
508
509
509
510
510
511
511
510
511
512
512
513
514
516
520
525
530
537
541
545
548
550
554
556
561
564
566
565
565
564
563
561
561
559
558
556
556
553
551
549
548
547
547
545
545
542
540
537
536
536
537
537
537
535
536
536
538
537
538
536
535
534
531
531
531
532
531
529
527
524
520
517
513
510
508
505
503
501
498
497
495
495
494
494
496
497
499
502
505
508
510
513
514
514
514
515
517
518
519
521
522
524
524
526
526
528
532
537
541
545
547
552
554
557
560
564
567
569
568
567
564
563
561
559
557
555
552
550
548
545
545
545
546
544
542
539
540
540
540
539
539
538
537
536
537
535
534
532
531
530
530
528
528
527
527
525
525
523
522
521
520
519
519
517
516
515
515
513
514
514
515
517
517
516
516
516
517
518
519
518
517
517
517
517
518
517
515
515
514
516
518
521
521
525
527
533
536
541
545
550
554
559
562
565
567
570
570
570
569
569
566
564
560
558
556
555
552
550
547
544
541
541
540
540
539
537
535
533
531
529
530
531
532
531
530
529
529
527
526
525
525
523
523
520
519
518
518
517
518
517
517
515
514
512
512
511
511
511
511
511
513
512
514
514
515
514
515
514
514
515
516
516
516
515
515
514
513
513
513
513
515
520
526
530
534
538
541
546
551
556
561
566
568
569
569
570
569
569
566
566
563
560
556
553
551
549
548
546
543
542
540
539
537
535
534
534
531
531
530
529
527
528
527
526
525
524
523
522
522
520
517
516
514
513
513
513
512
511
511
510
511
510
511
511
512
512
513
513
513
512
511
512
514
515
516
517
517
516
515
515
517
517
518
516
516
514
514
514
516
517
520
522
527
531
536
539
543
546
550
554
559
563
566
567
569
569
568
566
564
563
560
558
555
553
551
549
545
544
542
541
539
538
536
534
534
534
533
532
530
529
527
527
526
527
526
526
523
522
519
517
517
517
516
517
516
515
514
514
513
513
512
514
513
514
513
513
512
513
514
514
514
513
514
514
514
513
513
512
511
512
513
513
513
513
514
512
512
511
512
512
512
512
514
515
516
517
522
526
533
537
543
545
551
552
556
559
562
565
569
571
574
572
572
569
566
564
561
558
555
552
550
548
547
544
544
544
543
541
541
539
538
538
537
536
534
534
533
534
531
530
527
525
522
522
520
520
519
518
517
518
517
519
518
519
518
518
516
516
514
515
515
515
514
515
513
513
512
511
511
513
513
514
513
513
513
513
512
513
514
514
514
514
513
513
515
515
516
516
517
517
517
517
518
519
521
525
531
536
542
545
549
553
558
560
564
565
569
571
573
573
573
571
568
564
561
558
558
557
556
554
551
548
546
546
545
544
544
543
542
540
539
538
539
538
538
537
536
535
533
530
529
527
524
523
523
521
520
519
518
518
517
518
516
516
515
515
514
514
513
513
512
514
513
513
512
512
511
512
511
512
511
511
509
509
508
508
507
505
505
505
505
507
509
512
514
516
515
515
515
518
519
520
521
523
526
530
534
538
542
545
549
554
557
562
566
569
573
573
576
575
575
572
570
567
565
561
559
556
553
550
549
547
547
544
545
543
541
537
537
537
537
536
536
535
536
533
533
531
531
528
528
527
526
524
522
522
522
522
522
521
521
521
518
517
517
515
514
514
513
514
513
512
510
510
508
508
506
506
505
507
507
509
510
511
511
513
513
512
511
512
513
515
515
516
515
516
515
516
517
520
522
524
525
529
532
538
542
547
552
556
560
565
569
573
575
574
574
573
572
571
568
564
561
559
556
553
552
550
548
546
545
544
543
542
540
539
538
537
536
535
535
535
534
532
531
530
529
527
527
525
524
522
522
522
522
520
519
518
519
518
517
517
517
517
518
520
522
523
524
525
525
524
522
520
519
517
517
517
516
515
513
514
513
514
515
515
514
515
514
514
513
513
513
515
515
516
516
519
523
529
533
539
543
547
551
558
563
568
571
572
571
570
569
570
567
567
564
562
558
556
554
552
549
547
544
543
540
539
538
537
534
532
530
528
528
528
529
528
528
525
525
523
522
520
520
518
518
516
514
513
513
512
512
510
509
508
509
508
509
508
509
508
507
506
507
506
507
507
508
509
510
512
511
511
512
513
514
513
514
513
513
514
515
515
514
515
516
518
519
524
527
533
537
542
544
548
552
559
563
567
570
573
574
575
573
573
571
569
566
566
562
560
557
555
551
548
546
543
541
538
534
533
529
529
527
526
525
524
522
521
519
518
517
516
515
513
511
508
507
507
507
505
505
503
504
502
502
500
500
500
500
500
501
500
500
500
501
499
499
498
499
498
499
499
501
501
501
501
502
503
504
504
504
504
506
506
507
508
509
510
513
517
522
527
532
538
545
550
556
561
565
569
571
573
574
573
571
569
566
565
561
558
555
553
549
545
541
539
537
537
535
534
531
529
526
524
521
519
517
516
515
513
512
512
510
510
509
508
507
507
505
505
503
503
504
503
502
502
500
499
499
499
498
499
500
501
501
502
501
502
503
502
502
501
502
503
503
503
505
506
507
507
508
508
508
507
508
509
510
510
510
510
511
511
510
510
512
512
515
518
523
529
534
539
544
549
555
560
565
569
573
575
576
575
575
573
570
568
565
563
562
558
555
552
549
546
542
540
538
537
535
533
530
529
527
525
524
524
522
521
520
520
517
515
513
512
509
509
507
508
506
506
504
503
502
502
501
502
502
503
502
503
501
502
501
501
500
499
499
499
499
500
501
501
502
502
502
502
502
502
503
503
506
508
509
509
510
509
510
510
511
512
513
512
513
513
513
512
515
515
517
520
523
528
533
537
544
550
556
560
567
572
575
578
581
582
582
579
577
575
572
569
565
563
559
556
553
551
548
545
542
541
540
538
536
534
532
530
527
528
526
527
526
526
524
523
520
519
515
514
512
512
510
510
508
508
507
507
506
506
506
506
505
506
505
504
503
504
503
503
501
502
501
502
503
503
504
504
504
504
503
504
505
505
506
506
506
506
506
508
507
508
509
510
512
513
515
514
515
513
514
514
516
517
519
521
527
532
539
545
552
557
562
566
570
575
578
579
581
578
578
576
574
570
568
564
562
559
556
553
550
548
545
543
541
539
538
538
536
534
533
532
532
532
530
529
528
528
525
524
521
520
518
517
515
516
515
514
513
513
510
509
507
508
506
507
504
505
505
505
504
504
504
503
502
501
501
502
502
504
504
505
505
505
506
506
506
506
506
506
506
506
505
506
507
507
509
509
510
511
512
512
513
513
515
515
519
521
526
531
538
541
547
551
556
561
566
570
575
578
580
580
578
574
571
568
567
562
559
556
555
551
548
546
543
541
540
539
538
536
535
535
535
535
532
532
531
530
529
527
525
524
523
522
520
521
517
516
514
514
513
512
511
512
511
512
511
512
511
511
511
511
511
512
511
512
512
512
512
512
511
512
513
513
513
515
515
516
516
515
514
513
512
513
514
515
516
516
516
517
519
520
523
524
527
531
534
539
545
549
556
561
568
571
576
579
582
581
581
578
577
573
570
567
564
560
558
554
553
549
547
544
544
542
541
539
538
536
534
532
531
530
531
529
529
526
526
526
525
524
522
521
518
516
516
515
514
513
512
512
511
511
510
509
507
507
506
506
506
507
507
508
507
507
507
507
506
508
507
508
507
508
508
509
508
509
509
509
509
510
510
512
512
514
515
518
519
523
528
533
539
544
551
556
561
568
573
577
579
580
580
579
578
