Output started
30000
451
438
432
431
428
430
428
428
428
428
427
427
427
426
424
423
422
420
420
419
419
420
420
419
418
417
416
414
415
413
414
413
414
412
413
410
410
407
407
406
406
407
408
407
408
408
410
408
409
407
408
406
408
408
409
408
408
406
408
408
410
411
411
411
413
413
413
411
412
411
411
411
412
413
414
413
413
413
414
413
414
415
414
415
414
415
417
420
423
428
431
436
437
440
440
443
443
447
446
448
447
449
446
447
445
446
445
447
446
445
443
441
439
439
437
437
437
436
435
433
432
431
430
429
426
426
425
425
423
423
422
421
422
422
421
421
421
418
417
414
414
413
413
411
412
410
411
410
410
408
408
407
408
407
408
406
407
408
409
409
410
408
407
407
407
408
408
408
410
410
410
411
411
411
410
409
410
409
410
409
411
411
412
412
413
414
415
415
414
414
413
413
413
415
417
419
422
426
428
432
435
437
440
443
445
447
447
449
449
450
449
450
449
449
448
448
447
447
445
444
443
442
440
439
438
437
436
433
429
428
425
426
425
424
424
423
422
421
420
420
419
419
419
418
419
417
416
416
415
415
415
413
413
411
412
410
412
410
411
410
411
409
410
409
409
408
410
409
409
409
410
409
410
408
410
409
410
408
409
408
409
409
410
409
410
409
409
410
410
410
410
411
411
409
410
410
411
412
413
414
414
414
414
413
414
415
417
421
423
427
430
434
436
441
442
445
445
448
447
449
447
448
446
446
445
445
444
446
444
444
442
442
441
441
439
438
435
435
433
433
431
431
430
429
427
426
424
424
423
422
422
422
421
419
419
418
418
416
416
414
415
413
413
411
411
410
411
410
411
411
411
409
410
409
409
408
410
409
410
409
410
409
411
410
411
410
412
413
412
412
412
411
411
410
411
412
413
412
412
412
412
412
411
411
412
414
416
419
422
426
430
434
436
440
442
444
444
446
444
445
443
444
442
442
442
442
441
442
440
441
439
439
437
435
434
434
432
432
430
430
429
428
427
427
424
425
423
422
421
421
418
418
416
415
415
413
412
412
410
410
409
407
408
407
408
407
407
406
406
406
406
405
407
405
406
405
406
405
407
406
408
408
408
406
408
408
408
406
408
406
408
408
409
409
409
406
408
410
412
413
417
420
425
428
432
434
438
440
440
442
442
442
443
444
444
444
443
443
442
444
442
443
441
441
438
439
436
436
433
433
431
431
429
429
426
427
424
425
423
422
421
420
418
418
416
416
414
414
412
412
411
411
409
408
407
407
406
406
404
405
406
405
405
404
404
402
403
402
403
403
403
403
405
405
406
405
406
404
405
404
404
404
405
404
405
405
405
405
407
408
412
414
419
422
427
430
435
437
440
441
443
444
445
444
444
444
444
444
445
443
444
444
444
443
443
441
440
437
435
434
433
432
429
427
426
424
422
421
419
419
417
416
415
414
412
411
409
410
407
408
406
405
403
403
402
402
401
400
400
400
398
398
398
399
398
399
398
399
398
399
399
400
400
401
402
402
401
403
402
404
403
404
403
403
403
402
402
402
402
402
402
402
402
402
402
401
402
403
407
410
415
418
423
426
431
433
438
438
441
442
443
443
445
444
445
445
446
444
446
445
445
443
442
439
438
436
434
432
432
429
427
424
422
420
417
415
413
411
410
408
407
405
405
404
403
404
402
402
399
399
397
397
396
396
394
394
393
394
392
393
391
393
391
392
392
392
392
393
392
393
393
395
393
395
396
396
396
397
396
398
397
398
397
398
398
399
399
400
400
401
402
403
404
402
403
404
406
406
407
407
407
406
407
407
409
408
408
407
408
409
412
415
421
424
430
433
439
442
445
446
449
449
449
449
451
450
451
450
451
450
449
449
449
449
449
447
445
442
441
438
437
434
432
430
428
425
424
421
419
417
416
414
412
411
409
409
407
407
405
404
403
403
401
400
400
399
397
398
395
396
394
395
394
395
394
395
394
396
395
395
394
394
394
395
395
396
395
396
395
396
395
396
395
396
397
397
397
397
396
397
397
397
398
399
400
399
400
400
401
401
403
403
403
404
404
404
403
403
404
403
405
404
406
404
406
404
407
406
410
412
417
421
427
432
436
439
443
445
447
447
449
448
449
448
448
447
447
446
446
447
447
446
445
444
442
439
437
437
434
433
431
429
426
425
423
421
419
419
416
415
412
412
410
410
407
407
405
405
402
403
401
401
399
399
397
396
394
394
392
393
392
394
392
393
392
393
392
393
393
394
394
395
394
396
395
397
396
398
397
399
398
398
398
399
398
397
398
399
400
400
401
402
402
402
403
402
403
402
403
402
403
403
405
405
406
405
406
405
405
406
410
412
417
421
425
429
433
436
439
440
443
442
443
441
442
441
440
440
441
440
441
439
440
438
437
433
432
430
428
426
425
422
420
419
417
416
414
413
411
412
410
410
408
408
405
406
404
404
401
402
401
400
399
399
396
397
396
396
395
396
393
394
394
395
394
395
395
396
396
397
396
397
397
398
397
398
397
398
398
399
399
399
399
400
401
401
401
403
403
402
403
402
403
402
403
402
404
403
404
402
403
402
405
407
411
414
420
424
430
433
437
439
443
444
446
445
446
446
446
445
445
444
444
443
444
442
442
440
439
437
434
434
432
429
427
424
422
420
419
416
415
414
413
413
411
412
409
409
407
408
405
406
403
404
401
402
400
400
398
398
397
397
396
396
395
396
395
395
396
396
396
396
396
397
397
397
396
397
396
396
397
398
397
398
397
398
398
398
400
399
399
400
399
400
400
401
402
402
403
402
403
402
402
402
404
405
409
411
416
420
426
430
435
438
441
442
444
444
446
445
446
445
444
443
444
443
444
443
444
442
441
438
437
436
435
433
432
428
426
423
422
419
418
416
414
413
412
412
410
409
408
408
405
405
403
404
402
402
400
400
398
397
397
397
395
395
394
395
394
395
393
394
393
394
393
393
393
393
392
393
393
394
393
394
394
395
395
396
395
396
397
397
397
397
398
398
398
399
399
398
400
400
400
400
401
401
403
402
403
401
403
404
407
409
414
417
424
427
433
435
439
440
443
443
445
444
444
444
445
444
445
445
446
444
445
444
444
442
441
438
438
435
434
433
430
427
425
422
421
420
418
417
415
414
412
412
411
410
408
408
407
407
405
405
402
402
400
400
398
399
397
397
395
396
395
396
395
396
395
395
394
394
393
394
393
394
394
394
394
395
395
396
396
396
395
396
395
396
396
397
397
398
399
399
400
400
400
400
401
401
402
402
402
403
403
403
404
405
406
408
413
416
421
425
430
433
437
439
441
442
444
444
445
444
445
443
444
443
444
442
442
441
442
439
439
436
435
432
432
431
429
427
425
422
422
420
419
418
416
414
413
413
412
411
410
409
409
407
406
406
405
404
403
403
402
401
401
400
400
401
400
401
400
400
399
401
398
400
399
400
398
399
399
400
399
400
400
401
400
401
401
402
401
403
403
405
404
404
404
405
405
405
404
405
404
405
405
405
406
405
406
406
405
406
409
410
414
417
421
424
428
431
435
436
439
438
440
439
440
438
439
437
436
436
438
437
437
436
436
434
434
433
432
430
429
427
427
425
424
423
422
421
420
418
418
417
416
415
415
413
412
411
410
410
409
408
407
407
406
406
406
405
404
404
402
403
401
401
400
402
400
401
400
401
400
402
402
403
403
405
405
407
405
407
407
407
407
407
407
408
407
407
406
407
407
408
407
407
406
406
406
406
407
411
412
415
419
423
425
429
431
434
436
436
437
437
437
436
435
435
435
435
436
435
436
435
435
433
433
431
430
428
428
426
426
424
423
421
422
420
420
418
418
416
416
415
414
412
411
410
410
408
408
407
407
406
405
404
404
403
404
402
402
401
400
399
400
400
401
402
401
402
401
402
401
403
401
403
402
404
403
405
402
403
401
404
403
404
403
405
403
404
402
402
404
406
408
412
414
420
423
427
428
431
434
436
436
437
437
437
437
436
435
435
435
436
435
435
435
434
434
433
432
430
430
427
426
424
424
423
421
420
420
418
418
416
417
415
416
413
413
410
410
408
408
406
407
404
404
402
402
402
402
402
402
401
401
401
401
401
400
400
401
401
401
401
401
400
401
400
400
400
398
398
399
399
399
399
399
399
397
398
399
401
402
407
410
414
418
423
426
430
432
434
435
437
436
437
438
439
439
439
439
440
440
440
439
440
438
438
435
435
432
432
429
428
426
426
423
423
421
421
420
418
417
416
415
414
413
412
411
410
408
407
406
405
405
403
402
401
400
398
399
397
398
397
397
396
397
395
397
396
398
397
398
397
398
397
398
396
398
397
398
398
398
397
398
398
402
403
408
410
416
420
426
430
434
436
439
439
441
441
442
442
442
442
443
442
441
443
443
444
441
440
438
437
434
433
431
430
427
426
421
421
418
417
414
413
410
410
408
408
405
405
403
403
401
401
398
398
396
395
394
393
392
392
390
391
391
391
390
390
390
391
390
390
390
389
390
389
390
390
391
390
392
391
392
391
392
391
392
392
396
397
402
405
411
414
420
423
427
429
432
433
434
434
435
434
435
435
435
435
435
435
435
433
432
429
428
426
424
422
421
419
418
414
414
411
410
406
406
405
405
403
402
401
400
399
398
398
396
395
394
393
391
392
389
390
388
389
388
390
388
389
387
388
388
388
388
388
387
388
387
388
387
389
388
389
389
390
390
391
391
392
391
392
392
392
393
394
394
396
396
396
395
396
397
399
402
406
411
415
421
424
430
434
438
439
441
441
443
441
443
442
443
441
442
441
442
441
442
439
439
435
434
431
430
426
424
421
420
417
416
414
413
411
410
408
407
405
404
403
402
401
401
399
398
397
395
394
392
391
390
389
390
390
388
388
387
388
387
388
387
389
387
389
387
389
387
389
387
389
386
389
388
390
389
391
390
391
390
392
391
392
393
394
393
394
395
395
395
396
397
398
397
398
398
399
398
399
398
399
398
399
400
400
399
400
400
402
405
408
413
417
424
429
435
438
442
444
447
447
451
449
451
450
450
449
450
448
450
449
450
448
449
447
446
443
443
439
438
436
433
429
426
424
422
419
417
414
412
409
408
406
405
402
400
400
398
396
395
394
393
392
390
390
389
389
388
388
387
387
385
385
384
386
385
386
385
386
384
386
385
387
386
386
387
388
388
389
390
392
392
393
392
393
393
393
393
393
393
395
394
395
396
397
396
398
397
397
397
399
399
400
400
401
401
401
402
402
403
402
404
403
404
404
404
403
404
403
406
406
412
414
420
425
430
433
438
441
445
446
446
446
446
444
445
443
443
443
442
441
442
441
441
439
439
436
435
434
432
431
429
426
424
423
420
419
418
417
417
416
414
414
412
412
408
409
406
405
403
403
401
402
399
399
397
398
396
396
395
396
394
395
394
394
394
395
394
395
394
395
394
396
395
396
397
398
398
399
398
399
399
399
400
400
400
399
399
399
399
398
399
401
401
402
402
403
404
404
403
403
403
403
405
403
405
405
406
405
405
405
409
410
415
419
423
427
431
434
438
440
442
443
444
443
444
444
444
442
442
442
442
443
442
441
440
439
438
435
434
433
432
430
428
427
424
423
422
421
419
419
418
418
416
416
415
415
413
412
410
410
409
408
406
406
404
405
402
403
401
402
400
401
400
401
400
401
399
400
400
401
401
401
400
402
401
401
401
402
402
404
402
403
403
404
403
404
403
404
403
404
405
405
406
407
407
408
409
408
409
408
408
408
409
409
410
410
411
410
411
408
410
411
414
415
419
421
426
429
433
436
439
440
442
442
442
442
442
439
441
440
440
439
440
439
439
439
438
437
437
435
435
434
433
431
430
428
427
425
424
423
423
423
422
423
421
421
419
419
418
418
415
416
414
414
412
413
411
411
409
410
408
409
407
406
406
406
405
405
404
406
404
404
403
404
403
405
405
405
405
406
407
407
408
408
408
409
409
408
408
408
409
409
410
410
411
412
412
412
414
413
414
413
414
414
414
413
414
413
414
414
415
414
415
414
414
412
413
413
416
418
421
424
428
431
435
438
439
441
443
443
445
445
445
445
445
444
445
444
444
443
443
443
442
442
441
441
441
439
439
438
436
436
434
434
433
431
430
429
427
428
426
427
424
424
421
423
421
420
419
418
417
416
414
415
412
413
411
411
410
411
409
410
409
410
407
408
408
408
407
409
408
409
409
410
410
410
410
410
409
410
409
410
409
410
410
410
411
410
411
411
411
411
412
411
412
411
413
412
413
411
412
411
412
411
413
412
414
412
413
413
415
416
419
420
424
425
430
432
435
436
439
440
442
442
442
442
442
442
442
441
440
440
441
441
442
441
440
439
439
439
438
438
437
436
433
433
431
431
430
430
428
428
427
427
425
426
424
425
422
423
420
420
419
418
417
417
415
415
414
414
412
411
410
411
410
410
409
409
409
408
408
409
409
409
409
409
410
410
411
411
411
411
411
410
412
412
413
412
413
412
414
413
414
412
413
413
415
413
414
414
414
412
413
413
414
415
419
420
424
426
430
431
435
437
440
440
442
441
442
442
441
440
440
440
440
439
440
438
437
437
436
435
434
433
433
432
432
Loop stopped.
