Output started
30000
552
549
549
550
551
550
550
549
549
547
546
542
540
537
534
530
527
521
517
511
508
504
502
498
496
492
490
488
486
484
482
481
479
477
476
475
473
471
469
468
466
465
464
463
462
461
461
461
459
460
460
460
460
461
461
463
462
464
464
465
465
466
465
467
467
468
467
468
467
469
468
469
468
470
470
470
472
474
473
474
475
476
477
477
479
479
480
480
481
482
482
483
485
487
493
500
509
517
523
529
535
539
545
548
551
552
555
554
555
554
555
553
552
549
546
542
539
534
530
526
522
517
515
511
508
504
502
499
497
494
493
490
489
486
486
484
481
480
478
476
475
474
471
470
468
466
465
464
463
462
462
462
462
463
462
464
463
464
465
466
466
468
468
469
470
471
471
472
472
473
473
475
475
477
476
476
477
477
477
479
480
480
480
482
482
481
483
484
483
485
485
485
486
487
488
491
495
503
511
518
525
531
537
542
546
549
552
553
553
552
553
551
550
548
547
543
541
537
534
530
528
523
521
516
514
511
509
504
502
499
498
496
494
493
492
489
488
485
484
483
483
481
481
479
479
477
477
475
474
471
471
470
469
468
468
468
466
466
465
466
465
466
466
466
465
466
466
467
465
467
467
469
469
471
470
472
473
474
473
475
474
476
476
478
477
478
478
479
479
480
479
481
482
482
482
485
488
497
504
513
520
527
533
538
543
546
549
551
552
552
553
552
552
551
550
548
546
543
540
536
533
529
525
519
518
513
511
507
505
501
499
496
495
492
492
490
489
485
485
482
480
476
476
474
473
470
470
468
467
466
466
464
464
462
462
462
461
461
461
461
460
461
461
462
462
463
462
463
464
465
465
466
466
467
466
468
468
469
468
470
469
471
471
471
471
472
472
474
474
476
476
477
477
477
477
479
479
480
480
482
483
487
492
500
509
519
527
534
540
545
550
553
556
558
559
558
558
558
558
556
555
553
551
547
544
542
538
532
529
523
519
514
511
508
506
502
501
498
496
493
492
489
488
485
484
482
481
480
478
476
476
473
474
473
471
470
468
465
465
464
464
464
465
464
464
464
464
464
463
462
463
463
463
463
463
463
464
465
465
465
465
467
467
469
469
470
468
470
468
471
470
472
472
475
475
477
477
478
478
479
480
481
481
484
484
486
486
488
488
492
497
507
516
526
534
542
549
555
559
562
566
568
569
569
569
568
565
562
560
557
553
549
547
542
537
532
527
522
519
514
510
507
505
501
499
495
493
489
487
485
484
482
481
479
478
475
473
470
469
467
467
465
464
463
462
461
460
459
459
458
459
459
458
459
459
459
460
461
462
462
462
464
463
464
464
464
464
465
466
468
468
470
471
471
471
472
471
473
472
474
474
475
475
476
476
476
476
478
477
478
480
481
481
482
482
484
487
496
503
513
522
529
536
542
547
552
555
556
557
557
557
556
555
554
552
549
546
543
541
536
533
529
524
519
515
511
509
506
503
500
498
495
495
492
492
488
488
484
484
482
481
478
479
475
474
471
471
468
467
464
462
459
458
457
458
456
458
458
458
458
459
460
461
462
463
464
464
465
467
466
468
469
469
471
471
472
472
473
472
473
473
474
473
476
476
478
478
480
479
479
479
479
479
480
480
481
480
481
482
486
491
499
506
516
524
531
536
541
545
550
552
554
554
554
553
553
552
549
548
545
543
540
538
534
529
525
522
516
513
509
506
503
501
497
495
493
491
490
489
488
488
485
484
481
481
478
477
475
474
472
473
472
472
470
468
467
465
463
462
461
461
459
459
459
460
459
460
460
462
461
462
463
464
464
465
466
467
468
468
468
469
470
471
471
472
473
472
474
474
476
476
479
479
479
479
479
478
480
479
479
479
480
480
484
490
499
506
514
521
529
532
538
542
546
547
550
550
550
550
550
549
549
548
548
546
543
541
538
534
531
525
522
519
517
515
512
510
507
505
503
500
498
497
494
493
489
489
486
486
484
483
480
479
477
476
474
472
471
471
469
469
469
468
467
468
468
469
468
469
468
470
471
473
474
476
477
478
477
478
478
480
481
481
482
483
483
483
481
480
481
479
478
477
477
475
475
474
475
473
474
473
474
476
477
477
479
479
480
482
486
490
497
504
511
516
522
526
530
534
538
539
543
543
543
543
544
543
542
541
539
537
536
533
531
528
526
522
520
518
515
514
512
510
509
507
505
504
503
501
499
499
497
496
492
492
489
487
485
485
482
481
480
481
479
479
478
479
479
479
477
477
477
478
477
479
479
478
477
477
476
475
475
477
476
476
475
477
477
478
479
480
480
481
481
482
482
482
483
483
483
483
484
484
484
486
487
486
487
486
489
493
498
504
511
516
522
525
529
532
537
539
542
543
544
543
544
543
543
541
541
538
536
534
532
528
526
523
522
519
517
515
514
512
509
506
505
504
503
502
500
498
496
495
494
492
490
488
486
485
482
481
478
478
476
475
474
474
472
472
471
472
470
470
469
470
468
470
469
470
470
470
470
471
471
473
472
473
474
475
475
477
478
478
478
480
479
480
480
481
481
481
482
484
483
484
484
486
488
494
500
508
515
521
526
530
535
538
542
544
546
545
545
546
546
545
545
544
544
542
541
538
536
532
530
527
525
521
520
516
514
512
509
505
504
502
500
498
497
494
493
489
488
485
481
480
477
475
476
475
474
474
473
472
471
472
472
473
472
474
471
473
473
475
475
475
474
474
474
475
474
475
475
475
474
474
473
475
475
476
475
477
476
478
478
480
480
481
480
480
479
481
480
480
480
481
480
482
483
485
491
498
506
513
519
525
531
534
539
542
544
545
547
547
547
547
548
546
548
547
546
544
543
538
535
529
526
521
519
515
513
509
506
503
502
499
499
497
495
493
492
490
488
486
485
483
482
480
480
477
477
476
475
474
472
471
470
469
468
468
468
467
467
467
466
467
467
469
469
470
470
472
472
472
472
471
471
473
473
475
474
475
474
475
474
475
474
475
477
478
477
479
479
479
479
480
480
481
482
483
483
485
486
489
493
499
504
511
517
522
526
530
534
538
542
544
546
547
548
548
548
548
547
546
544
541
539
536
534
530
527
523
521
516
514
511
510
506
505
501
500
497
496
495
495
492
492
489
489
486
485
482
481
480
479
478
477
475
475
473
474
472
471
469
468
468
467
467
469
468
468
469
470
471
471
473
472
473
471
472
471
474
473
474
474
475
476
478
478
480
480
482
481
483
483
484
483
485
484
485
485
486
486
489
488
490
492
497
502
509
514
520
525
529
532
536
538
541
543
543
545
544
543
542
542
540
539
538
537
534
533
528
525
521
520
516
515
512
510
508
506
504
503
501
500
498
498
495
494
491
490
488
487
485
483
481
481
479
479
478
478
478
478
476
476
474
474
472
472
473
473
475
476
478
480
481
481
480
478
478
476
476
475
474
474
473
473
474
474
475
474
476
477
481
483
486
486
487
485
486
484
485
484
485
483
484
483
487
490
497
503
510
513
518
521
525
528
531
533
536
536
537
537
538
538
539
538
536
536
534
532
530
527
525
522
518
516
514
513
511
510
508
507
505
504
502
502
500
499
498
498
494
494
491
490
486
486
484
485
483
484
482
483
479
479
479
479
478
478
478
478
478
478
478
479
478
479
479
480
479
479
479
480
480
480
481
482
482
483
484
484
484
485
485
486
487
488
489
489
490
489
489
489
490
489
491
491
491
491
494
494
498
501
508
513
519
522
526
528
530
532
535
535
537
536
538
538
538
538
539
538
536
534
534
532
530
528
525
522
520
517
515
514
512
512
510
509
508
507
504
502
501
500
498
498
496
496
493
492
489
488
486
486
486
484
483
483
483
483
482
483
481
481
481
482
481
482
481
482
480
482
481
482
482
482
483
483
482
482
482
483
483
483
482
483
484
484
484
486
488
488
488
489
489
489
490
490
492
492
494
492
493
493
494
495
499
504
511
515
520
523
528
530
533
535
537
539
540
540
541
541
542
541
542
541
541
540
540
537
535
532
529
527
526
524
523
521
519
518
516
513
512
512
511
511
510
509
506
504
502
502
501
500
498
498
497
497
494
495
494
495
496
497
495
495
492
492
491
493
492
492
492
492
491
491
490
491
491
491
491
490
489
489
488
489
488
489
489
489
489
489
490
490
491
491
491
492
493
494
494
494
494
494
495
496
498
500
504
509
514
517
522
525
529
532
536
537
539
540
541
540
542
541
541
540
539
538
537
535
534
532
530
527
525
523
522
519
518
516
515
514
513
510
511
510
508
508
506
505
505
504
502
501
499
497
496
495
494
492
489
488
486
486
486
487
487
487
486
487
485
485
484
484
483
483
481
480
478
477
476
477
477
480
481
483
483
485
487
488
490
492
492
494
493
495
494
496
496
498
498
500
499
499
501
504
509
516
523
528
533
536
539
542
546
547
549
549
550
549
549
549
549
547
548
546
545
543
540
536
534
531
529
526
525
522
520
517
516
514
512
510
509
506
505
502
502
501
499
496
496
493
491
490
488
487
486
485
483
481
480
479
478
479
479
479
478
478
477
476
477
477
477
477
477
477
476
478
477
479
478
480
480
482
481
482
483
485
484
485
484
485
485
485
485
486
486
487
487
489
490
493
497
504
509
515
519
524
527
529
533
535
536
538
540
541
541
542
543
543
543
542
540
538
536
532
530
527
524
521
519
516
515
512
511
508
507
505
505
503
502
500
500
498
497
496
494
492
490
488
488
485
485
484
483
480
478
478
479
477
478
478
478
477
476
476
477
478
477
478
478
479
478
479
479
479
479
479
479
480
480
481
481
482
482
485
485
486
486
487
487
488
487
489
489
489
488
489
488
489
490
494
499
506
511
518
522
527
529
532
534
536
538
540
540
541
542
542
541
540
539
538
535
534
532
529
527
523
521
517
515
512
510
508
507
504
503
501
502
500
499
496
496
494
494
492
493
492
492
491
490
487
486
485
484
482
482
481
480
479
479
477
477
476
477
476
477
476
475
475
476
475
476
476
477
477
476
476
476
476
477
478
479
481
481
482
482
482
483
485
485
488
487
488
488
489
489
491
490
490
491
493
494
499
503
509
514
521
524
528
530
533
534
536
537
540
540
541
540
541
539
540
539
539
537
536
533
530
527
524
522
519
517
516
514
512
511
508
507
506
505
504
504
502
502
498
498
496
495
494
494
492
492
490
489
487
488
486
485
484
483
482
481
480
482
480
481
481
481
481
482
481
483
482
484
483
485
484
485
485
485
486
486
487
488
487
488
489
489
490
490
492
492
492
492
493
493
494
495
497
497
498
498
500
501
505
508
513
517
521
524
527
529
531
532
533
533
534
533
534
533
533
532
533
531
531
530
529
527
526
524
522
521
520
518
517
516
515
514
512
511
509
508
507
507
506
506
504
503
502
500
498
498
496
496
494
494
493
493
492
493
492
493
492
492
490
491
490
491
490
490
489
490
490
491
490
492
492
493
492
492
491
492
492
4