Output started
30000
866
874
871
863
855
845
834
823
812
799
785
772
762
750
739
728
721
713
708
701
698
693
689
684
681
675
670
665
662
657
654
649
647
643
639
637
632
630
628
626
623
622
621
621
621
622
622
624
625
628
629
631
633
636
638
641
643
645
647
649
650
651
651
653
653
656
657
660
660
662
662
664
665
667
669
671
673
675
677
680
682
682
683
683
685
685
688
691
699
712
730
752
777
801
825
848
867
882
894
899
903
902
901
896
891
884
877
871
865
859
853
847
840
832
824
814
805
793
782
770
760
749
740
731
722
714
707
700
695
690
684
679
672
667
661
655
650
646
643
640
636
635
631
629
627
626
624
624
622
620
619
620
620
621
622
624
625
628
629
631
632
635
639
642
644
646
648
649
652
653
655
658
659
662
663
666
666
668
669
672
672
673
674
675
676
677
678
680
681
681
682
684
686
687
691
697
708
725
745
770
796
821
845
866
883
895
905
909
909
906
901
894
887
880
871
865
859
853
847
839
831
822
811
799
787
775
765
754
747
738
733
725
720
715
710
706
702
696
690
683
676
670
665
659
653
648
644
639
637
633
630
626
623
621
620
618
618
617
617
617
617
618
619
621
622
624
626
628
629
633
635
638
638
639
640
643
644
646
647
648
648
650
651
653
654
657
658
660
661
664
666
668
670
672
673
674
676
677
679
679
683
686
694
708
728
753
782
809
837
863
885
902
917
922
927
924
921
913
905
895
885
875
866
857
848
839
830
818
806
793
779
766
755
741
732
723
716
709
704
698
693
688
683
678
672
667
660
656
650
646
640
635
630
627
621
617
612
609
605
603
602
601
601
601
601
602
604
605
605
607
610
613
616
620
621
623
626
628
632
634
637
638
640
642
644
646
648
649
650
652
655
657
660
663
664
666
667
668
669
670
672
674
675
677
678
680
681
684
690
701
718
741
766
794
822
849
873
893
908
917
922
923
920
913
906
896
888
879
872
863
855
847
837
829
819
808
796
783
771
760
749
738
730
720
714
705
700
693
688
682
678
673
668
663
659
654
650
643
639
634
631
627
624
622
620
620
618
618
617
617
617
617
618
620
619
622
625
627
629
630
631
635
636
640
640
642
642
645
647
649
651
654
655
658
659
662
665
666
668
671
673
675
676
679
679
682
683
684
685
687
688
689
690
690
691
691
693
696
704
716
733
754
777
801
825
846
864
879
891
898
902
901
899
891
887
877
869
861
856
849
843
836
829
822
814
804
793
783
773
764
755
746
738
731
726
719
714
710
705
700
696
691
686
682
678
675
670
666
662
659
655
652
648
648
646
643
642
640
638
639
637
638
638
640
641
643
643
644
646
647
648
650
652
653
655
658
659
661
663
665
666
666
668
670
672
672
674
674
675
675
677
678
680
681
683
683
685
688
690
692
694
694
696
696
697
697
700
703
710
719
733
750
770
790
811
829
846
860
870
877
881
880
878
873
869
862
856
847
841
833
826
820
814
806
796
787
777
769
761
753
747
740
737
731
728
724
722
716
714
710
707
703
698
693
690
685
682
678
676
673
670
666
665
663
662
660
658
656
655
654
652
652
651
651
651
652
652
653
653
655
656
659
660
662
663
666
669
672
673
674
675
676
676
678
678
679
678
682
682
684
685
688
688
691
691
692
692
694
695
695
697
697
699
699
700
700
705
710
721
735
755
776
800
821
844
863
879
892
901
905
908
907
906
901
895
888
881
873
866
860
853
847
839
832
823
813
802
793
784
777
770
762
755
750
745
740
734
728
724
718
713
708
702
697
691
685
680
675
669
662
658
654
650
648
644
642
639
637
634
634
633
632
632
632
632
634
634
635
637
638
639
641
641
642
644
645
647
645
647
648
648
649
652
652
655
656
658
661
662
666
667
668
669
671
673
674
675
678
679
682
684
684
685
686
688
693
703
719
739
766
796
826
856
884
908
927
942
952
958
958
955
949
942
932
924
916
908
900
894
887
880
870
860
848
833
818
803
788
774
760
750
738
730
721
714
706
701
693
686
678
672
665
658
652
646
639
632
626
621
615
611
606
602
599
595
592
591
588
587
587
587
589
588
591
592
595
596
600
601
606
607
611
612
614
616
618
620
622
623
625
626
627
628
630
630
632
634
637
638
642
642
646
647
650
652
654
658
660
661
663
664
664
666
668
672
679
693
712
739
771
805
839
871
898
922
938
950
954
953
946
938
927
916
903
892
879
869
859
850
842
832
821
808
795
781
765
751
736
724
712
702
693
686
679
674
666
661
656
650
644
639
633
627
622
615
611
606
603
598
596
593
591
589
589
588
588
588
588
588
588
589
592
592
595
597
601
607
611
613
616
619
621
624
626
629
630
630
631
633
632
635
636
637
639
639
642
644
646
648
651
652
654
657
659
662
663
666
668
670
671
673
675
678
684
691
703
722
745
771
799
826
849
869
885
896
903
905
904
900
892
883
875
866
856
847
837
828
822
813
804
792
781
769
758
747
739
730
722
716
710
706
701
697
693
689
683
681
676
672
668
662
657
654
649
645
641
638
634
631
630
628
626
625
624
623
625
625
625
625
626
627
628
629
632
633
635
636
639
642
644
646
648
649
652
652
655
655
657
659
661
663
665
664
667
667
671
671
675
675
678
679
680
681
684
685
686
687
688
688
689
693
698
709
724
744
767
791
812
836
855
871
883
890
893
895
892
887
881
875
867
862
853
848
841
836
829
823
815
805
794
781
770
760
749
740
731
725
719
716
710
706
702
697
693
689
685
680
676
672
668
664
660
656
653
648
647
643
641
639
638
635
635
635
633
633
634
634
636
636
638
639
641
642
644
645
648
650
653
655
655
656
658
659
660
661
661
661
662
664
665
665
668
670
672
674
676
677
678
680
682
684
686
687
689
690
691
693
697
703
713
727
747
770
794
819
842
862
879
891
899
903
903
901
897
892
888
882
877
871
865
861
854
848
841
834
825
814
803
791
779
770
761
751
743
735
726
721
714
710
703
697
692
687
680
675
669
665
659
656
652
648
644
642
641
639
636
636
634
633
632
630
630
630
631
631
631
631
631
631
633
633
636
637
639
640
642
645
648
648
650
652
654
655
656
657
659
660
661
663
664
664
668
668
671
672
675
675
677
678
680
681
683
683
685
686
688
692
700
712
729
752
776
803
828
851
871
889
900
908
910
911
908
905
899
894
888
882
875
871
865
860
851
844
834
825
813
801
789
776
764
754
744
736
726
720
713
708
702
696
689
682
676
670
665
659
653
648
643
639
637
633
630
627
625
622
620
617
617
616
617
616
617
616
617
616
617
619
620
621
623
624
625
626
629
631
633
635
637
638
639
641
642
644
645
647
649
651
651
652
654
656
659
662
663
666
669
671
673
675
676
677
678
681
682
685
688
696
708
725
748
773
798
823
847
867
884
896
903
906
906
902
896
889
880
873
864
856
849
842
835
828
818
809
798
785
772
760
751
741
733
725
717
710
703
698
692
689
683
679
673
670
665
661
655
651
647
643
639
637
632
629
627
625
621
620
620
618
617
618
619
619
620
622
624
626
627
628
630
632
634
637
640
642
645
646
648
650
652
655
655
657
659
660
663
664
666
666
668
669
672
673
675
677
680
680
682
683
685
685
688
690
692
694
699
709
725
745
770
796
821
846
866
885
896
905
908
911
908
903
896
889
879
873
865
858
849
845
836
830
820
811
800
788
775
763
752
741
732
722
715
709
701
696
691
686
680
675
670
666
662
657
653
649
645
641
638
637
634
631
630
628
628
627
626
626
625
625
627
627
629
630
632
633
636
637
639
640
643
646
648
649
650
651
654
655
658
660
661
663
664
665
667
669
670
671
672
674
676
678
680
682
684
686
687
688
689
692
693
694
696
699
703
712
724
742
763
787
811
834
854
870
883
893
899
901
899
896
891
886
879
873
867
861
855
849
844
837
830
821
810
801
791
779
767
755
747
738
730
723
715
710
704
700
693
688
682
678
673
670
665
662
657
654
650
646
643
641
639
637
636
634
634
634
632
633
633
634
633
634
636
638
640
642
643
646
650
650
651
653
655
655
655
656
659
661
663
664
666
667
667
668
670
671
673
672
675
675
678
678
680
681
682
683
686
687
689
692
693
694
695
697
700
706
716
731
751
774
797
821
844
864
879
891
898
903
903
904
898
893
886
881
873
868
861
856
848
842
835
828
820
810
799
787
774
765
756
746
737
731
723
718
712
707
701
697
691
686
681
676
671
666
662
659
657
653
650
646
645
642
640
637
637
636
635
634
635
634
634
634
635
634
635
634
637
638
641
643
645
647
650
651
654
654
656
658
659
660
662
664
665
666
667
669
670
671
674
674
678
681
683
684
687
688
690
691
694
694
696
697
697
700
703
709
720
736
755
776
798
820
840
857
871
880
888
891
891
888
883
877
870
863
856
848
841
834
826
820
811
802
793
783
772
761
752
744
736
728
723
718
712
707
701
698
693
689
685
681
678
673
668
664
661
657
653
650
647
646
644
643
641
641
640
639
639
640
640
644
645
646
649
650
652
655
658
661
665
665
667
668
669
670
673
673
675
676
677
676
677
677
677
678
679
678
679
678
680
681
684
685
688
688
690
690
691
691
693
694
697
702
710
724
740
762
785
808
829
848
864
877
885
892
893
893
889
885
879
874
866
860
852
847
840
835
827
820
810
800
789
779
768
758
749
741
733
727
721
716
710
705
700
695
689
685
680
676
671
666
662
658
655
651
648
646
644
641
640
638
638
637
637
636
636
637
639
639
641
642
643
644
646
649
652
655
658
660
662
662
665
666
669
669
672
674
675
675
676
678
678
680
681
681
682
684
685
687
689
690
691
691
693
693
694
694
695
700
707
720
738
759
781
804
825
846
864
878
888
894
896
896
893
888
883
877
870
864
858
852
846
840
833
825
815
805
795
784
772
763
754
745
738
730
724
718
712
707
702
696
691
687
682
679
674
669
665
662
660
657
654
651
649
647
644
643
641
639
639
639
637
637
637
638
639
639
641
642
644
645
647
648
650
652
653
655
658
658
661
661
663
665
667
668
669
670
672
673
674
675
676
677
678
679
681
682
684
684
686
685
688
688
689
692
696
703
715
730
752
774
799
821
843
863
879
890
898
902
902
901
896
892
885
879
872
866
858
853
846
841
834
826
816
806
793
783
772
762
753
744
737
731
724
718
711
706
700
695
688
684
678
674
669
664
660
656
651
648
645
642
640
638
638
635
633
632
632
632
632
631
634
633
635
635
638
638
639
641
644
646
650
652
656
656
658
658
662
662
666
666
668
668
670
672
673
675
677
677
678
679
680
681
683
684
685
687
688
689
690
691
693
693
694
698
705
716
732
752
774
798
818
839
856
870
880
887
890
890
886
881
876
870
863
856
850
844
840
835
828
821
812
803
791
779
769
759
751
744
738
732
727
721
717
711
707
702
696
693
687
684
679
675
669
666
663
658
656
652
650
648
645
644
642
641
641
641
640
640
640
642
642
644
646
646
648
650
652
653
654
658
660
662
663
664
665
665
666
666
668
667
669
670
671
673
675
675
678
680
682
683
684
684
687
687
689
689
691
691
691
692
695
700
709
721
738
760
781
802
824
843
859
872
880
885
887
887
882
877
871
865
857
851
844
839
833
827
819
811
800
792
779
772
762
755
746
741
736
732
726
722
717
715
709
707
700
697
691
688
682
679
675
671
667
664
660
657
654
652
649
646
645
643
641
640
640
639
640
639
641
642
645
645
648
649
650
652
656
657
660
661
663
664
666
666
668
669
670
670
672
674
675
677
678
680
681
682
684
686
687
688
689
690
691
691
693
694
700
707
721
739
761
784
808
833
854
873
888
900
906
910
911
910
906
899
893
886
880
874
868
862
855
848
841
832
821
809
797
787
775
765
755
748
739
733
727
721
716
710
707
700
694
688
683
677
670
665
659
655
650
646
642
637
633
631
629
626
625
625
624
623
623
623
624
625
626
629
630
633
634
636
637
640
643
645
645
646
648
650
652
652
654
655
657
657
659
660
661
663
665
668
669
671
671
674
675
677
678
678
681
680
682
683
686
691
705
720
743
767
797
824
852
875
896
910
921
926
927
925
921
914
906
898
889
883
876
870
863
857
849
841
829
818
803
791
777
766
754
746
735
727
719
712
705
699
692
685
679
673
667
662
655
651
645
640
634
630
624
622
617
615
613
613
610
608
606
606
606
608
609
611
612
614
617
618
620
621
623
626
629
630
633
634
635
637
639
640
644
645
647
647
649
650
652
653
655
655
659
660
662
664
667
669
671
672
674
675
675
676
678
681
687
697
714
735
760
788
814
839
860
879
892
902
906
906
902
897
888
879
870
862
852
844
835
827
819
812
800
790
778
768
755
746
737
730
722
716
710
705
700
696
691
688
683
680
675
670
665
660
655
650
645
640
637
634
631
628
626
625
624
622
623
623
623
624
624
625
626
627
629
631
634
635
638
641
642
644
644
647
648
650
652
654
656
657
660
661
662
664
666
667
669
669
672
674
677
681
683
683
686
687
689
688
689
691
696
702
716
732
753
775
800
822
844
863
878
887
893
895
894
890
885
877
869
861
853
845
838
831
824
816
806
797
Loop stopped.
