Output started
30000
716
743
760
771
780
785
787
786
782
775
769
761
753
744
737
729
722
715
710
703
698
691
686
679
674
669
664
661
658
656
653
652
650
649
648
646
645
643
641
639
636
634
632
629
625
623
621
617
615
613
611
610
609
607
606
605
605
605
605
605
606
606
606
607
607
609
608
609
609
612
613
615
615
617
617
619
621
623
624
626
626
628
629
631
632
632
632
633
633
635
635
636
635
638
639
646
655
670
688
708
726
745
762
775
786
791
795
795
792
787
780
771
761
753
745
736
729
722
716
709
704
697
692
684
678
671
667
662
659
654
651
649
647
645
643
642
641
640
638
636
633
630
628
625
622
619
616
612
610
608
607
604
604
601
601
599
599
599
599
600
601
602
601
602
603
604
605
606
607
608
609
610
610
612
614
614
614
617
617
617
617
619
620
624
625
626
627
629
630
632
631
632
633
634
634
635
639
645
654
670
687
708
727
747
764
776
786
792
796
797
792
785
779
769
760
750
742
734
727
720
714
706
700
693
687
680
673
667
662
656
654
650
649
646
645
642
641
640
639
636
635
632
630
627
624
621
619
617
614
611
609
607
604
603
601
599
599
597
597
596
597
598
598
600
600
601
601
601
602
604
604
606
607
607
608
610
612
613
614
616
617
618
619
620
621
624
625
627
628
629
629
629
630
630
630
630
632
634
638
647
659
677
698
718
738
755
771
782
791
795
795
793
788
781
772
763
753
745
735
727
719
713
707
701
694
686
679
673
666
660
656
651
648
645
642
640
639
637
636
634
632
630
628
626
623
620
618
614
612
609
608
605
603
601
600
598
597
596
595
594
594
593
594
595
595
596
598
598
599
600
602
602
604
605
606
607
610
611
613
614
616
618
619
620
622
622
623
625
627
627
628
630
631
631
632
633
632
634
635
639
646
658
674
695
716
738
756
774
787
797
803
807
804
800
794
786
776
766
756
748
738
731
723
717
710
704
696
690
682
674
667
661
657
651
648
644
641
639
638
635
634
632
631
629
627
624
622
618
616
611
610
607
605
602
601
599
598
595
595
593
593
591
592
591
591
590
592
593
594
595
596
597
598
599
600
601
603
604
606
606
608
610
610
611
612
614
615
618
619
620
620
622
623
625
626
627
628
629
628
629
628
630
631
636
642
655
671
690
711
733
752
769
782
791
797
800
798
795
788
782
775
765
757
748
740
733
728
721
715
708
701
694
686
677
671
664
659
654
650
645
642
639
637
634
634
631
628
626
624
621
618
615
612
609
607
604
602
600
597
596
595
594
593
592
591
590
589
590
592
591
591
591
593
592
593
595
596
597
598
600
601
602
603
605
606
607
610
612
613
612
614
615
617
618
619
620
622
623
625
625
626
627
628
629
629
630
631
635
637
645
657
673
692
714
733
752
768
780
790
795
796
795
789
784
775
768
758
750
741
735
727
720
715
709
703
696
687
680
672
667
660
656
651
647
643
641
639
637
636
634
632
630
628
625
623
621
619
615
613
610
609
607
606
604
602
600
599
598
599
598
597
596
597
596
598
597
599
599
600
600
601
602
604
605
607
609
612
614
614
615
617
618
619
620
621
622
624
625
627
627
629
629
630
631
631
632
632
634
635
635
634
636
636
639
643
652
664
682
701
723
740
759
773
785
790
794
793
791
784
778
768
759
749
741
732
726
719
714
708
702
695
688
681
674
667
663
658
654
650
648
646
645
644
641
639
638
636
633
630
627
624
620
618
614
612
609
607
605
604
602
600
599
600
598
600
599
600
599
600
599
600
600
603
603
604
605
606
607
609
609
611
613
614
615
617
620
620
622
622
624
625
625
627
628
628
628
630
631
632
633
634
634
635
636
637
636
636
636
637
640
645
653
667
684
704
723
741
759
773
783
790
794
793
790
784
777
768
759
750
743
735
731
724
719
714
708
702
696
688
682
675
669
663
657
651
648
644
642
639
637
634
633
630
629
626
624
620
619
616
613
610
608
605
604
601
600
600
598
598
596
596
594
595
595
595
596
595
595
597
599
600
601
601
602
604
605
607
608
611
611
613
613
616
617
618
620
622
622
623
624
625
625
627
628
630
630
633
632
634
633
634
634
635
635
637
641
646
657
674
692
712
733
751
767
780
790
796
799
796
794
787
781
773
765
754
748
740
734
727
723
717
712
706
699
692
684
677
670
665
660
656
652
648
645
642
640
637
636
631
630
627
624
622
621
618
616
613
611
608
605
604
602
601
599
598
596
597
596
595
596
597
597
598
598
599
600
601
601
603
604
606
606
608
609
612
612
615
615
617
617
620
619
621
623
625
627
627
628
629
630
632
632
633
634
635
635
636
636
637
637
638
640
643
650
661
676
694
715
733
753
767
780
788
794
795
794
789
784
776
768
759
750
742
735
727
722
716
711
706
700
694
687
679
673
668
663
658
655
651
648
645
642
640
637
634
632
630
628
625
624
621
619
617
616
613
612
610
608
607
606
604
604
603
602
601
600
601
601
602
603
604
604
604
605
606
606
608
609
611
613
613
614
616
617
619
620
622
623
624
624
626
626
628
629
630
633
634
635
635
636
636
636
637
637
638
639
642
649
660
675
692
710
728
746
759
770
778
782
784
782
778
771
763
756
746
738
732
724
718
712
707
701
695
689
683
678
673
667
662
658
653
652
650
649
649
648
647
646
644
643
640
638
634
631
629
626
622
620
617
615
612
610
609
607
606
605
604
604
604
604
604
605
605
605
607
607
609
610
611
612
614
615
616
617
618
618
621
621
625
626
628
628
630
629
631
631
634
633
635
636
637
638
638
638
639
641
643
646
654
665
679
696
715
735
752
767
780
787
791
792
791
786
780
772
764
756
746
739
733
727
720
717
711
706
698
694
686
681
674
669
663
660
655
653
648
646
643
639
634
630
626
625
623
623
621
621
620
619
618
617
616
615
614
613
611
610
609
607
607
605
605
605
604
603
604
604
605
605
607
607
608
608
610
611
613
613
614
615
617
618
619
620
622
621
623
624
625
626
628
629
629
629
630
631
631
631
632
634
635
640
649
662
679
699
719
738
756
770
781
789
792
792
791
787
780
773
766
758
749
742
735
729
723
718
712
707
700
693
686
678
672
667
661
657
654
651
648
646
644
643
640
637
636
632
630
629
626
623
620
618
615
613
611
610
607
607
605
604
602
602
601
600
600
599
598
599
600
601
602
602
603
604
604
606
608
609
610
610
611
612
614
615
616
617
619
619
620
622
623
624
625
626
627
627
628
628
629
630
631
631
634
637
644
655
672
691
713
732
750
766
779
788
793
794
792
787
780
772
764
754
747
739
733
725
721
715
709
703
697
691
685
677
671
665
659
655
652
649
645
643
641
639
636
634
632
630
626
624
620
619
616
614
611
609
606
604
602
601
598
598
596
595
594
594
593
594
594
594
595
597
597
598
598
600
600
602
603
605
605
607
607
608
609
611
612
615
617
618
619
620
621
621
623
624
626
627
627
627
630
629
631
632
634
637
645
657
675
693
713
732
750
764
777
784
790
790
789
783
778
770
761
752
744
737
729
725
718
713
708
700
693
686
680
673
668
662
657
654
650
649
646
645
642
641
638
636
633
631
627
624
620
617
613
611
608
607
605
603
601
600
599
599
598
598
597
598
599
598
598
599
600
603
603
605
606
606
608
609
612
612
615
616
617
617
618
620
619
620
620
621
622
622
623
623
624
624
625
626
628
628
629
629
631
633
637
643
655
672
692
713
733
752
769
781
790
795
797
794
790
783
775
766
758
749
743
735
731
725
719
715
708
701
693
685
676
669
662
655
651
646
643
640
636
634
632
629
627
625
621
619
618
614
611
609
607
603
601
599
596
595
594
592
591
590
590
590
589
591
591
593
593
595
595
596
597
599
600
602
602
605
605
607
608
609
611
612
613
615
616
618
618
619
619
620
620
622
622
624
624
625
626
627
628
629
632
637
646
659
677
697
718
738
756
772
783
790
795
795
793
787
781
773
766
757
751
743
737
732
728
722
716
708
701
692
684
676
671
665
659
654
649
645
642
639
637
635
633
630
630
627
624
621
617
612
609
606
603
601
599
598
595
595
593
591
590
590
589
589
588
590
590
592
592
593
594
596
596
597
598
599
600
602
602
604
605
606
608
610
610
613
613
615
617
618
620
621
622
621
623
623
623
623
624
626
628
632
638
651
667
685
705
726
744
761
774
784
789
791
791
787
783
776
768
761
753
746
740
734
729
724
720
713
707
699
692
683
677
670
665
660
655
650
647
644
641
639
637
635
632
630
627
623
620
619
615
612
610
607
606
604
602
600
599
597
597
595
595
594
593
593
593
594
594
596
596
597
598
600
601
602
603
604
607
607
608
610
611
614
614
616
617
618
619
621
622
622
622
624
625
626
626
627
630
631
631
632
634
637
644
655
671
691
711
731
747
763
773
782
785
786
783
778
772
765
757
749
743
735
729
724
720
714
708
702
695
688
681
676
669
664
661
657
654
650
648
644
643
641
639
636
635
631
630
626
625
621
618
615
613
611
609
607
606
604
603
600
600
600
600
599
600
599
600
601
603
603
604
606
606
607
609
609
610
614
614
616
617
618
618
621
621
621
621
624
623
625
624
626
626
627
626
627
627
628
628
630
633
641
651
668
687
706
724
741
756
768
775
780
782
781
775
770
762
755
746
740
733
728
722
716
711
705
699
691
685
676
669
663
658
654
650
646
645
643
642
640
639
636
634
631
630
626
624
621
619
615
613
610
608
604
604
601
600
598
597
597
597
597
596
597
598
598
598
599
600
600
602
604
605
605
607
609
610
614
614
617
618
619
620
622
623
625
625
628
628
629
629
630
630
630
630
632
632
635
639
646
658
674
693
712
731
749
762
775
782
786
786
784
779
774
767
760
753
747
742
736
730
725
719
714
707
701
693
686
677
671
665
659
655
651
648
645
642
640
638
634
632
630
628
625
623
621
619
615
612
611
608
606
604
602
601
601
600
599
600
599
599
598
599
599
600
600
602
602
602
605
605
606
608
610
610
612
613
615
617
619
620
619
622
622
624
624
625
626
626
627
628
629
631
631
633
636
642
651
665
683
701
721
738
754
766
775
781
784
782
780
773
769
762
756
748
743
737
734
728
724
719
714
706
700
693
686
679
673
668
663
659
655
651
650
647
645
642
640
637
636
633
630
626
624
622
619
616
613
610
608
606
604
603
600
600
599
598
598
598
598
599
598
600
600
601
601
603
603
606
607
609
609
611
612
616
616
619
619
621
622
624
625
625
625
626
626
626
626
629
629
630
631
635
639
649
662
679
697
717
735
751
764
772
779
782
781
777
774
768
762
753
746
740
734
728
724
718
713
706
700
692
685
677
672
664
660
655
652
649
648
646
644
642
641
639
636
635
633
631
629
626
622
618
617
613
612
610
609
607
605
605
602
602
600
600
600
601
600
601
601
602
602
604
604
606
607
608
609
610
610
613
614
618
618
619
620
622
622
625
625
626
625
627
627
627
627
628
630
631
634
638
648
660
677
696
715
733
748
762
772
779
782
782
778
773
768
760
753
745
739
733
727
720
715
709
703
696
688
679
674
667
662
658
654
650
648
646
645
643
641
639
638
635
633
631
629
626
624
621
619
616
613
612
609
609
608
606
605
605
605
604
604
603
605
604
605
606
608
607
609
610
611
612
614
616
617
618
619
621
624
624
626
628
629
630
630
632
632
633
633
634
634
634
635
637
637
641
647
657
671
690
709
729
748
765
777
787
793
795
793
789
784
776
768
760
752
746
739
733
727
723
717
711
703
696
687
678
671
665
658
653
649
646
643
640
638
636
633
632
631
628
625
621
619
615
613
610
607
604
602
600
598
596
595
593
593
592
592
590
592
592
594
595
596
597
598
598
599
599
601
602
604
604
608
609
611
612
614
616
617
619
620
621
621
623
623
624
625
626
627
628
628
632
637
645
659
678
698
720
738
756
769
782
788
791
791
789
782
777
769
763
753
747
740
735
730
724
719
712
705
697
688
680
673
667
660
656
652
649
646
644
642
640
639
637
635
632
630
626
624
621
619
615
612
609
606
604
603
601
600
598
597
595
595
595
595
595
595
596
596
596
597
598
600
602
603
605
607
606
608
609
611
614
615
617
618
620
620
622
623
624
624
625
625
626
627
627
628
630
633
640
652
667
688
707
727
746
761
774
783
789
790
789
784
779
773
766
758
750
743
737
730
724
719
712
705
699
691
684
677
670
665
660
657
655
654
652
649
648
645
643
640
637
633
631
628
626
622
621
617
614
611
608
607
606
604
604
603
602
601
600
599
600
600
600
600
600
601
601
601
602
602
604
605
607
608
611
614
614
616
617
619
619
621
622
624
622
624
625
626
627
628
627
630
633
638
648
662
679
698
717
736
751
764
775
782
784
784
780
774
767
760
752
744
737
731
725
718
713
708
701
693
686
678
673
667
662
658
655
652
649
646
645
643
642
640
639
637
635
632
630
626
624
622
619
617
615
612
611
609
608
606
606
605
605
603
604
603
604
603
604
604
605
607
607
608
609
610
610
612
613
615
615
617
619
622
622
625
625
628
629
630
629
630
630
630
630
632
635
641
651
665
682
Loop stopped.
