Output started
30000
502
501
501
505
507
512
517
524
530
539
547
557
565
575
581
587
589
591
590
589
586
584
579
577
572
569
566
564
560
557
553
550
546
543
538
536
532
529
526
525
522
521
520
520
519
518
517
515
514
512
511
510
509
507
508
509
508
505
504
501
500
495
493
490
490
488
489
489
488
488
489
488
489
489
490
490
491
492
494
494
495
496
498
498
500
499
499
500
500
501
501
502
504
504
506
509
511
513
517
521
528
535
543
551
559
568
575
581
587
589
592
591
589
588
584
581
576
574
569
567
563
559
556
554
550
547
543
540
536
533
530
529
526
524
523
523
523
522
520
521
520
520
518
517
516
515
514
513
510
510
508
505
505
503
502
502
500
500
500
500
501
501
499
499
499
499
499
498
500
501
502
502
503
504
504
505
506
506
507
507
509
509
510
510
511
511
512
512
514
515
517
518
521
525
531
536
543
550
559
566
573
578
581
583
583
583
582
580
578
575
572
569
566
562
559
556
554
551
548
547
543
541
539
536
534
533
532
532
532
532
532
532
532
532
532
532
531
532
532
532
531
531
529
529
528
527
526
526
525
525
524
524
523
523
522
523
522
522
523
522
522
523
523
523
524
524
524
525
525
526
526
526
527
528
530
529
530
531
533
533
535
536
540
542
548
553
559
565
572
578
583
586
589
590
590
587
586
583
580
576
572
568
565
561
558
555
553
551
550
547
546
543
541
538
537
537
536
537
536
537
537
538
539
539
539
539
539
540
540
539
537
534
532
530
527
526
524
523
522
523
522
523
522
522
522
523
525
526
526
527
527
529
528
530
529
530
529
530
530
532
532
532
533
534
535
536
538
539
542
543
547
552
557
564
569
575
580
585
587
589
590
590
588
585
582
578
576
572
568
565
561
557
555
552
550
547
546
543
542
539
538
536
536
535
535
534
534
534
534
534
534
534
534
533
533
532
533
532
531
529
528
527
526
525
525
524
524
523
523
523
523
523
523
523
523
523
524
524
524
524
524
525
525
526
525
527
527
529
529
531
531
533
532
535
535
538
539
542
547
551
556
562
568
574
579
584
588
591
592
593
591
591
589
586
582
580
576
573
569
565
563
560
558
556
554
551
548
545
544
543
542
540
540
540
539
539
541
541
541
539
540
538
537
535
535
534
534
532
532
530
530
528
527
526
527
524
525
524
525
524
524
523
525
525
527
526
527
526
527
527
526
526
527
528
528
529
530
530
531
531
532
532
533
534
535
537
539
542
545
551
557
564
571
577
583
590
593
597
598
600
598
597
594
591
587
584
580
579
574
571
568
565
561
559
554
552
550
547
543
543
541
541
540
540
541
542
542
541
540
539
539
538
537
537
536
535
534
532
531
529
527
526
525
524
524
523
523
521
522
521
521
520
521
520
520
521
522
522
523
523
525
526
526
525
525
524
525
525
526
526
527
528
529
529
530
531
535
538
542
547
555
561
569
577
585
592
597
602
605
606
607
606
603
600
595
593
588
585
580
577
571
568
563
561
556
553
548
546
543
542
540
540
538
537
537
537
536
536
536
536
535
535
534
534
532
531
529
529
527
526
525
524
523
522
521
520
519
518
518
517
518
518
518
518
519
519
519
519
520
520
521
520
520
519
520
519
521
519
521
520
520
520
521
521
523
524
527
531
537
544
553
560
569
578
587
593
600
603
608
608
608
606
603
599
594
589
585
579
574
569
564
560
556
552
548
545
542
540
537
536
534
533
532
532
532
533
533
533
532
532
530
530
528
528
527
527
526
524
521
521
519
518
515
514
514
513
512
512
511
510
510
510
510
510
510
511
512
513
514
515
515
516
515
516
518
518
519
520
520
520
521
522
525
527
531
535
542
549
558
566
575
582
590
595
601
603
604
603
602
599
596
591
588
584
579
574
570
565
562
558
555
551
548
543
540
537
535
533
532
531
531
531
532
532
530
531
530
528
528
527
526
524
522
521
519
518
518
516
514
514
512
510
508
508
506
507
506
507
507
507
508
509
508
508
507
509
508
509
509
509
509
510
510
511
512
515
514
515
516
520
522
527
531
538
545
553
562
571
577
584
590
595
596
598
597
596
594
590
587
582
578
573
569
563
559
554
551
547
545
540
539
537
535
532
531
529
529
528
529
528
530
528
529
528
528
527
526
524
525
522
522
519
518
517
516
515
515
513
513
512
510
510
509
508
508
507
508
508
507
507
508
509
509
510
509
511
511
512
513
514
514
515
514
516
515
517
519
524
529
537
544
553
561
570
577
584
590
594
594
595
594
594
590
588
583
580
574
570
565
563
559
555
551
548
544
542
539
537
536
533
532
530
530
529
528
529
528
528
526
525
524
523
523
522
520
519
520
518
517
516
514
512
511
509
508
507
507
505
505
504
506
505
505
505
506
506
508
507
510
509
511
511
512
512
513
512
514
514
515
516
519
521
525
531
536
544
551
560
568
577
583
589
593
596
596
598
596
594
591
588
583
579
575
573
568
565
562
559
554
552
548
545
541
539
535
533
531
530
528
529
527
527
527
526
524
523
521
519
517
517
514
513
513
513
511
509
508
507
505
504
501
500
500
499
499
498
498
498
499
500
501
501
503
503
504
504
504
505
505
505
508
508
510
511
513
513
514
516
520
523
529
536
544
551
561
569
579
585
591
594
597
596
596
595
593
590
587
583
581
577
574
570
566
562
558
553
549
545
541
538
534
533
531
529
527
526
526
525
524
524
521
522
520
519
518
516
514
512
511
510
510
510
509
507
505
505
503
503
502
503
502
502
501
502
501
502
501
502
502
504
503
504
505
505
505
506
506
507
506
507
508
508
510
509
509
510
512
515
520
526
534
540
548
555
564
571
578
583
588
590
592
591
591
588
586
583
579
575
572
568
566
561
558
553
550
547
542
538
535
532
530
527
526
523
523
522
521
520
521
520
519
518
517
516
515
513
512
511
509
508
507
505
504
504
502
503
502
502
501
501
500
501
500
501
502
502
503
503
504
504
504
505
506
507
507
508
508
508
507
508
508
509
508
510
510
511
512
512
512
514
515
518
520
524
530
536
543
552
559
568
576
583
588
592
595
597
596
595
594
591
589
586
584
580
578
574
572
567
564
560
557
554
552
548
546
542
540
537
537
535
534
533
533
532
532
530
530
526
525
523
523
521
520
518
517
515
515
513
513
512
511
509
509
509
508
508
508
507
507
507
507
506
506
507
507
507
508
509
508
509
510
510
510
511
511
512
511
513
512
513
513
514
513
515
515
516
517
518
518
521
523
528
532
541
546
554
561
569
577
583
589
593
595
596
596
595
593
590
587
583
581
578
575
572
569
565
562
559
556
552
549
547
546
543
542
540
539
538
538
536
536
535
534
532
531
529
527
525
524
522
521
519
518
516
515
514
513
512
512
511
510
510
510
510
509
509
509
510
509
510
510
511
511
512
512
511
512
512
512
513
513
515
515
517
516
516
516
517
517
518
518
519
520
521
521
524
525
529
532
538
544
552
560
568
575
582
587
592
595
598
597
598
596
595
592
590
587
584
581
577
574
571
568
564
562
558
555
553
550
547
546
544
542
540
539
538
538
536
535
534
533
531
531
529
529
528
527
524
523
521
521
518
516
513
513
511
511
511
510
508
508
506
506
505
505
504
504
504
506
506
508
509
510
510
510
510
511
511
512
512
513
513
513
514
516
516
518
519
519
522
523
526
531
537
542
550
557
564
572
580
585
591
594
597
597
598
595
594
592
590
586
583
579
577
574
572
569
566
562
560
556
554
550
548
546
544
543
542
541
541
540
539
538
535
534
534
533
532
530
529
527
525
523
520
519
517
516
514
513
512
510
510
509
507
508
507
508
506
507
506
508
507
508
509
509
509
510
509
510
511
511
511
512
511
512
512
512
513
514
515
515
518
521
525
531
536
543
551
558
567
574
581
588
592
593
595
594
595
592
592
588
587
583
582
577
575
571
568
565
562
558
554
551
549
546
545
542
542
539
539
537
537
535
535
533
533
531
531
530
528
526
524
523
520
519
517
516
513
512
510
510
509
508
507
506
505
505
505
504
504
504
504
504
504
505
505
507
506
508
508
508
508
510
509
511
510
511
512
514
514
517
520
524
529
536
543
551
560
569
575
583
588
592
593
594
593
593
591
588
585
582
577
574
570
567
564
561
558
555
552
549
546
543
541
539
537
535
534
533
532
531
531
530
530
528
529
527
525
523
522
520
520
519
517
514
513
511
510
507
506
505
505
503
504
504
504
503
503
502
503
503
503
504
505
506
506
506
507
506
508
509
510
511
512
512
512
513
514
517
520
525
530
538
544
553
560
569
576
583
587
591
591
592
590
589
586
584
580
577
573
571
566
564
559
556
552
551
546
543
540
539
536
535
533
532
532
532
533
532
532
531
530
529
528
527
525
523
521
519
519
518
516
514
513
511
510
507
508
506
506
506
506
506
508
506
507
507
508
508
510
509
510
510
512
512
514
514
516
515
517
516
517
517
520
523
528
534
541
548
556
564
572
580
587
591
593
595
594
593
591
589
587
583
579
576
572
568
564
561
556
554
549
547
543
541
538
537
535
535
533
534
534
534
533
534
533
533
530
530
527
527
525
523
521
518
516
516
514
513
510
509
508
508
505
505
503
504
505
505
506
506
507
508
509
509
510
511
511
511
513
512
513
513
515
515
516
516
517
517
520
525
532
539
547
555
563
570
579
584
590
592
595
595
596
593
592
590
587
583
580
576
574
569
567
563
559
555
552
549
546
543
540
537
535
534
532
531
530
529
528
528
527
527
526
525
523
521
519
517
515
514
512
511
509
508
506
506
505
505
504
505
504
504
503
504
504
504
504
504
505
506
506
507
506
507
506
508
507
508
508
510
511
511
513
514
517
520
524
531
538
546
555
564
573
579
585
590
592
594
595
594
593
591
588
584
581
577
575
571
568
564
563
558
556
552
549
546
544
541
539
536
536
533
533
531
532
530
530
528
528
526
525
522
521
519
518
516
515
513
510
509
507
507
506
505
504
504
503
503
503
503
504
504
503
505
504
506
507
508
507
509
508
509
509
512
512
513
513
513
515
516
518
519
520
525
528
533
539
546
553
561
569
576
581
587
589
591
592
592
591
588
587
584
581
578
574
572
568
566
563
560
557
553
551
548
545
542
541
538
537
535
535
535
534
532
532
530
530
528
526
524
524
522
521
519
517
514
513
512
514
513
513
511
511
510
509
509
509
508
509
507
507
507
508
509
510
511
510
510
511
512
513
514
514
514
515
515
516
517
517
518
518
519
519
523
525
531
536
543
550
558
565
572
578
584
588
591
591
592
591
590
587
585
582
578
575
572
568
565
561
559
556
553
550
548
545
543
541
539
538
537
536
535
535
533
532
532
532
530
528
526
525
523
522
519
519
517
515
513
512
511
510
510
509
508
508
506
507
505
506
506
507
506
508
508
508
508
509
510
511
511
512
512
513
512
513
513
515
514
515
516
518
519
520
522
523
526
530
535
541
547
554
562
569
576
583
587
591
593
594
595
593
592
588
588
584
583
578
576
572
569
566
563
560
558
555
552
549
547
545
544
542
541
540
539
538
537
535
534
532
532
530
528
526
525
523
521
518
518
517
515
514
512
511
509
509
509
509
509
509
509
509
509
509
509
511
511
511
511
512
511
512
512
513
512
513
512
514
513
514
514
515
514
516
516
517
518
521
523
527
531
538
543
552
559
567
574
582
586
591
593
594
594
593
591
589
587
584
580
577
574
571
567
563
560
557
554
551
549
546
544
542
541
539
538
536
536
535
535
534
535
533
532
530
529
526
525
524
522
520
519
518
517
515
513
512
511
509
510
509
509
508
509
509
510
510
510
511
511
510
511
511
511
512
512
512
513
514
514
514
515
514
514
515
515
516
516
517
517
520
521
523
525
530
534
541
546
554
562
570
576
583
587
590
592
594
592
591
589
587
584
581
578
576
572
570
566
564
562
560
557
555
553
551
549
546
544
542
543
541
541
541
540
539
538
537
535
533
532
529
528
525
524
522
520
517
518
515
515
513
512
511
511
510
511
509
510
508
508
508
509
509
510
510
510
509
510
510
511
510
512
510
511
511
512
514
514
516
517
518
519
520
522
523
526
530
535
542
549
558
565
573
580
586
590
593
594
595
593
592
589
587
584
582
578
575
572
569
565
563
559
557
554
552
549
547
545
544
541
541
541
541
539
539
538
537
535
535
534
531
530
528
526
525
523
521
519
517
515
513
512
511
510
509
510
508
507
507
506
506
506
507
508
508
510
510
512
511
512
512
513
513
514
514
515
513
514
514
515
515
517
517
519
520
521
522
525
527
532
538
545
553
561
569
577
583
587
591
593
593
592
591
589
587
584
581
578
573
570
567
564
561
558
556
553
552
548
546
543
542
540
540
539
540
539
539
538
539
537
536
535
534
532
531
529
528
527
525
523
523
520
519
517
516
516
514
514
513
512
511
511
510
510
511
511
511
511
511
511
511
511
511
513
512
513
512
513
513
514
513
516
516
516
516
518
517
519
520
523
526
530
536
543
550
558
565
572
578
584
587
591
591
590
588
586
582
579
575
572
569
565
561
558
556
553
551
548
546
544
Loop stopped.
