Output started
30000
439
430
426
425
426
426
427
428
428
428
429
429
430
431
432
433
434
433
435
435
437
437
439
439
441
442
445
447
451
453
459
464
473
480
492
501
511
518
526
529
530
530
528
524
521
518
514
509
506
503
500
498
496
494
491
489
486
484
481
480
476
475
473
473
471
471
468
468
465
464
461
461
457
456
454
452
450
448
444
443
440
439
435
435
433
432
430
430
428
427
426
424
422
423
422
421
421
420
420
419
420
420
421
420
421
421
423
424
425
425
426
426
426
425
427
426
428
427
430
429
431
431
432
431
433
434
435
435
439
441
446
449
455
460
470
479
489
498
509
516
523
526
528
526
524
520
518
514
511
506
503
500
498
496
494
491
489
489
487
485
481
480
477
475
472
471
468
468
465
464
460
460
456
455
452
451
448
446
443
443
440
438
435
435
432
430
429
427
425
425
424
423
422
422
421
421
420
420
419
419
419
420
420
421
421
422
423
423
423
424
425
424
425
424
426
427
428
427
429
429
429
429
430
428
431
431
433
433
434
432
434
433
434
434
436
437
438
439
443
445
449
452
458
463
471
480
492
502
512
519
526
529
532
532
530
527
524
521
516
513
509
506
504
501
499
497
495
494
494
492
490
487
484
482
479
477
475
473
470
468
466
464
461
460
457
455
452
451
447
446
444
442
439
436
434
432
430
428
425
425
423
422
419
418
418
417
416
417
416
417
415
416
415
417
417
418
417
417
418
419
419
419
422
421
422
423
424
423
424
424
424
424
427
427
428
428
430
429
432
431
433
433
436
435
438
438
442
444
449
452
458
464
473
482
492
503
512
518
524
525
527
526
525
522
517
511
508
502
499
495
492
489
487
484
481
479
477
476
473
471
469
468
466
465
464
465
463
463
461
461
458
458
454
454
451
452
448
448
446
445
443
442
440
440
436
436
433
434
432
432
431
431
430
431
431
432
432
433
434
434
434
434
435
435
435
435
437
437
438
438
438
438
439
439
440
441
442
442
443
443
445
444
445
446
448
448
450
450
453
455
458
461
466
470
477
485
495
503
514
521
528
531
533
533
531
527
523
517
513
507
503
497
494
490
486
483
480
478
475
473
469
468
464
462
460
460
457
456
455
455
454
454
451
451
448
447
445
445
443
443
440
439
437
436
435
434
433
433
432
432
431
432
432
432
432
431
432
433
433
434
434
435
435
436
436
437
437
438
438
439
438
439
440
439
440
441
442
444
444
445
446
447
448
448
450
451
452
453
455
457
461
463
469
473
482
490
500
509
518
524
530
532
533
530
529
524
520
514
509
504
500
495
492
489
488
484
482
479
478
474
472
468
466
462
460
458
456
455
454
454
453
452
452
450
449
448
448
446
445
443
441
440
438
437
436
436
434
435
433
433
432
432
430
432
430
431
429
430
430
431
431
432
432
432
432
433
432
434
433
435
435
436
436
438
437
439
439
441
440
441
441
442
441
443
443
444
446
448
450
453
457
460
465
471
479
487
498
507
517
524
531
534
536
534
533
528
525
519
516
511
508
504
501
498
497
492
491
487
487
483
482
478
476
472
470
468
468
468
472
474
474
472
468
463
460
455
452
449
445
443
440
438
436
435
433
432
431
430
429
429
427
426
426
426
425
425
424
425
424
425
424
425
424
425
425
426
426
426
426
427
427
429
429
430
430
431
430
432
431
433
433
434
434
436
435
437
437
438
439
440
441
444
447
450
454
459
465
472
481
491
501
512
521
527
532
534
534
531
529
524
521
514
512
507
504
500
498
495
493
490
490
488
487
484
482
480
477
475
474
473
472
470
469
467
466
463
462
459
457
454
452
449
448
446
444
442
439
436
436
434
432
431
430
428
425
424
423
423
423
423
422
423
422
423
421
422
423
424
423
424
424
425
425
426
426
427
427
428
429
430
431
432
432
433
432
433
435
435
435
437
436
439
439
440
438
440
441
442
444
445
448
452
456
460
465
473
481
491
503
513
522
529
534
535
536
534
532
528
525
520
517
512
511
507
505
502
500
496
496
493
493
490
488
485
481
478
477
474
472
470
469
467
466
462
461
457
456
454
452
450
449
445
444
440
438
436
434
432
430
428
426
425
424
422
420
420
418
418
417
417
415
416
415
416
415
416
415
416
416
418
417
419
419
421
420
422
421
423
422
424
423
425
423
426
426
428
429
431
432
433
433
434
435
437
438
441
441
443
447
448
452
456
461
468
477
486
497
508
519
527
536
540
544
544
543
539
535
529
525
518
514
508
503
497
496
490
488
484
482
479
476
471
467
462
458
455
455
454
453
452
452
451
451
449
449
446
445
442
441
439
438
436
435
434
432
432
433
433
432
432
432
433
431
432
432
433
434
435
435
437
437
438
438
440
440
442
442
443
443
443
443
444
444
445
444
445
446
447
447
448
448
449
448
449
451
452
453
453
452
453
454
457
459
463
467
473
480
488
498
507
516
524
528
533
533
532
530
525
520
514
509
502
498
493
489
486
483
478
477
474
473
469
467
463
461
456
454
452
450
448
448
446
446
444
445
443
444
443
442
440
440
437
436
435
435
434
433
432
431
429
430
430
430
430
430
430
431
432
433
433
433
435
435
436
436
438
438
438
439
440
440
441
441
442
442
443
442
443
444
444
445
446
446
447
446
446
446
448
448
450
450
452
453
455
458
463
466
473
480
489
498
509
517
526
532
536
537
537
534
532
527
522
516
511
508
503
500
497
494
491
489
487
484
481
480
475
473
469
467
465
464
461
461
459
458
457
458
456
455
454
454
452
452
450
450
448
447
445
444
443
442
440
439
437
436
435
435
434
435
433
432
432
431
432
432
431
431
431
432
433
432
433
433
434
433
433
433
434
434
435
434
437
435
436
436
437
437
439
439
440
439
441
440
443
443
444
445
447
449
453
456
462
467
475
482
493
502
511
518
525
528
530
529
526
523
519
514
510
506
503
500
496
494
491
489
487
486
484
482
480
478
474
473
469
468
465
464
462
461
459
459
455
454
451
450
447
446
443
442
440
438
436
435
433
431
430
430
428
427
427
427
425
426
426
426
425
426
426
426
428
428
428
428
429
429
431
432
433
433
434
435
436
436
437
437
437
437
437
437
439
438
439
439
440
440
441
439
441
441
443
443
446
447
450
453
458
464
473
481
492
502
512
520
529
532
535
534
531
526
522
515
510
505
502
497
494
491
487
484
481
479
477
476
472
470
468
467
465
463
459
457
455
455
453
453
451
451
448
447
443
442
438
437
432
431
428
427
425
425
423
423
421
422
420
420
419
420
418
419
418
418
418
419
419
421
421
422
424
425
425
425
426
428
428
429
430
431
432
431
431
431
432
432
432
431
433
433
435
435
438
439
442
444
449
452
461
468
478
484
493
497
503
503
504
502
501
497
494
489
486
483
482
480
478
476
477
476
476
475
474
471
469
465
462
461
458
457
454
454
453
453
453
454
453
453
452
453
451
449
446
446
443
443
440
439
438
438
436
437
435
434
434
435
434
434
433
434
434
436
434
434
434
435
434
434
433
433
434
435
435
436
436
437
437
438
438
439
440
441
442
442
444
446
449
453
459
465
474
483
493
500
508
513
518
518
518
516
513
509
506
500
496
491
488
481
479
476
474
473
472
470
469
466
464
461
461
460
461
462
462
461
461
460
459
459
458
456
456
454
454
452
451
450
449
447
447
446
446
445
444
443
442
442
441
442
440
440
440
440
439
440
439
440
439
439
439
441
439
442
442
442
442
444
444
445
443
444
443
444
444
445
447
448
448
450
451
454
457
463
469
476
483
493
503
512
519
525
528
529
528
525
522
518
514
510
507
503
500
499
496
493
493
490
489
488
487
483
483
479
476
473
472
469
469
466
465
463
462
458
456
454
453
449
449
446
445
442
441
437
437
435
435
433
433
432
431
431
431
430
429
429
429
429
429
429
429
430
430
431
432
433
433
435
435
436
436
438
437
437
436
437
436
438
438
439
438
439
439
439
438
440
439
441
442
445
447
451
454
460
467
475
483
494
504
513
520
525
527
528
526
524
521
517
514
510
506
503
500
498
496
495
493
492
490
488
485
481
479
475
472
468
466
464
464
460
460
457
456
452
450
448
446
444
442
439
437
434
433
430
429
427
426
424
423
420
419
418
417
417
417
415
416
414
414
414
414
414
415
416
416
417
418
419
418
419
419
419
419
420
421
423
424
425
426
428
429
430
430
434
435
437
438
442
443
444
446
450
453
457
463
469
476
485
494
505
515
524
530
536
538
539
537
534
528
522
515
509
503
498
493
490
485
483
480
477
475
471
468
465
462
460
457
456
456
456
457
457
457
457
458
457
457
455
455
453
453
451
450
447
447
444
444
443
443
442
443
442
443
442
441
440
442
441
443
442
443
443
444
444
445
445
447
446
446
445
447
447
448
448
449
448
449
449
449
450
450
451
451
452
454
455
456
459
462
466
471
481
488
499
509
518
524
529
529
530
526
524
518
513
506
501
495
490
485
482
477
475
471
469
465
463
458
457
452
450
447
446
443
442
441
441
440
441
441
439
439
438
438
438
437
436
436
434
434
432
432
431
431
429
429
427
428
427
427
427
429
429
431
431
433
432
433
433
435
434
436
436
437
437
438
437
440
440
441
441
442
441
442
442
443
444
445
445
447
448
450
453
457
461
467
474
484
494
505
515
523
530
533
534
533
531
525
520
513
508
500
496
489
485
480
477
472
470
466
465
462
460
456
452
449
448
446
445
444
445
444
445
444
445
443
444
443
443
442
443
441
441
439
438
438
438
436
435
434
434
433
433
433
432
432
432
431
431
432
431
432
432
432
432
434
435
436
436
437
437
438
438
439
438
440
439
441
441
442
441
442
442
443
444
445
447
449
450
454
457
462
467
474
483
493
502
515
524
533
537
540
539
537
534
530
525
519
513
509
504
500
497
492
489
487
485
482
480
478
476
471
470
467
466
464
465
464
464
463
465
463
463
461
460
458
458
456
455
451
451
448
448
445
444
442
441
438
437
435
435
433
433
431
431
429
430
430
429
429
429
429
428
428
428
429
428
430
431
432
432
433
431
432
432
432
433
436
434
435
434
436
435
437
437
438
439
441
443
445
447
453
457
465
471
480
490
501
510
520
526
532
533
532
529
527
522
517
511
507
502
498
495
492
489
486
485
483
482
480
479
475
473
471
470
468
468
467
467
464
463
460
460
457
456
452
452
450
447
444
442
441
440
437
435
433
433
430
431
428
428
426
427
426
427
425
426
425
425
425
425
425
425
425
425
424
423
424
423
424
426
427
426
428
428
429
431
432
431
432
431
432
432
433
433
435
435
438
438
440
443
447
449
454
460
468
478
489
498
509
516
523
527
530
528
526
521
516
510
505
500
495
490
486
483
480
476
475
473
471
469
466
464
462
461
460
459
460
458
458
458
457
457
456
456
454
453
451
451
448
447
444
444
442
441
439
439
436
437
436
436
434
435
434
434
433
434
434
435
436
437
438
439
439
441
441
442
443
444
444
444
445
446
446
447
448
449
449
449
449
450
450
452
452
452
453
454
456
458
462
466
472
478
488
497
508
517
527
533
537
537
537
534
531
524
519
511
505
498
494
487
485
481
478
475
472
468
466
462
460
456
454
451
450
450
450
449
449
449
451
450
449
448
447
448
446
444
442
441
439
439
437
436
435
434
432
432
431
432
431
432
432
433
432
434
434
436
435
437
437
438
438
438
438
440
439
441
440
440
439
440
438
440
439
440
440
442
441
443
444
446
448
451
456
464
472
481
492
502
512
522
530
535
536
534
530
526
522
515
509
502
497
490
486
482
479
474
472
468
465
460
459
455
452
447
446
442
443
441
442
441
441
440
440
439
439
438
438
437
436
434
434
432
432
430
430
428
428
428
427
427
427
427
427
428
430
430
431
432
432
433
433
434
435
436
434
436
435
437
437
439
438
439
438
439
439
439
439
441
439
442
441
443
443
445
446
449
452
458
463
471
479
489
499
510
517
525
530
532
531
528
523
518
513
506
500
496
491
486
483
479
478
474
471
467
466
463
460
455
453
450
449
447
448
447
447
447
449
449
450
449
450
448
448
447
447
446
446
445
444
444
445
442
442
439
438
437
438
437
439
437
438
437
437
436
436
434
435
435
434
434
434
434
435
435
435
434
434
436
435
435
435
436
435
436
435
436
435
436
437
438
439
442
442
446
450
455
459
468
476
487
496
508
515
523
527
530
529
528
523
521
515
511
505
502
498
496
491
489
486
485
482
480
477
475
473
471
468
466
465
464
465
462
463
461
460
459
456
453
452
449
448
443
443
439
437
434
432
430
429
427
425
423
424
423
423
421
421
419
421
420
420
420
421
421
422
421
423
424
426
425
426
426
427
428
429
430
429
430
430
432
434
434
434
434
434
435
434
435
436
439
439
442
444
449
452
459
465
475
484
494
504
514
520
527
528
529
527
524
519
515
509
506
501
499
495
495
493
491
488
486
484
482
479
476
471
468
465
462
458
457
455
453
452
450
448
447
445
443
442
439
438
435
433
429
428
425
424
421
421
419
418
416
415
414
413
412
413
411
412
410
411
410
411
411
410
411
410
410
411
411
413
413
415
415
Loop stopped.