Output started
30000
463
457
455
456
457
456
457
458
460
461
462
464
465
465
466
466
468
468
468
468
468
469
471
474
477
482
486
492
499
505
513
521
526
532
535
537
537
536
534
533
530
529
525
524
522
521
518
519
516
515
512
510
508
507
503
501
499
498
496
496
495
495
494
494
492
492
490
490
488
486
484
482
480
478
477
475
474
472
472
471
471
470
470
469
468
468
468
467
468
468
470
469
470
469
471
471
472
472
472
473
474
473
474
474
475
475
477
476
476
476
477
477
478
478
479
478
480
480
481
481
481
482
481
482
483
484
488
489
493
498
505
512
519
527
533
540
543
545
546
549
547
548
544
543
540
539
536
534
531
531
529
527
523
521
517
514
510
508
505
501
499
498
496
494
493
491
489
489
486
486
484
482
479
478
475
473
472
470
469
467
466
465
465
463
461
462
461
461
460
459
459
459
460
460
460
461
461
461
462
461
462
462
463
464
464
464
466
466
466
466
467
467
468
469
470
470
471
471
472
473
473
474
475
475
476
477
478
478
481
483
485
490
495
503
511
519
526
532
537
542
545
548
547
547
545
543
541
540
536
535
534
533
532
533
531
530
528
526
525
524
521
519
515
514
510
510
506
505
502
501
498
496
494
492
489
487
485
483
480
478
475
475
473
470
469
467
466
465
465
464
464
463
463
462
463
461
462
461
462
462
463
462
463
463
465
464
465
464
465
465
467
467
469
467
469
468
469
469
471
470
471
470
471
471
472
472
474
473
475
474
475
474
476
476
479
481
485
491
497
504
510
519
526
531
536
539
541
542
540
539
536
535
532
531
529
529
527
528
527
527
525
525
523
522
519
518
516
514
510
509
506
505
503
501
499
498
495
495
492
490
488
486
484
482
480
479
476
475
475
475
473
472
472
471
470
469
470
470
471
470
471
471
471
471
471
471
470
470
471
471
471
470
470
469
472
471
472
471
471
470
471
470
471
469
469
468
468
467
467
467
468
467
467
466
466
466
467
469
472
476
482
487
494
500
506
511
516
520
522
523
523
522
518
516
514
511
509
508
507
506
505
505
504
503
502
501
500
498
497
497
495
496
494
495
494
494
494
494
493
492
490
490
487
487
483
483
481
480
477
476
474
472
471
471
470
469
468
468
467
467
466
467
466
466
466
466
468
467
468
469
470
470
469
470
470
470
470
470
470
470
472
472
473
473
474
474
475
475
476
475
477
477
478
478
480
480
481
481
483
485
489
493
499
504
513
518
525
530
536
539
542
543
543
542
540
538
534
532
529
525
524
522
520
517
515
512
508
505
501
501
498
497
494
494
493
492
490
491
488
488
486
487
485
484
481
481
479
478
476
475
473
472
470
470
470
470
469
470
469
469
468
470
471
472
471
471
472
472
474
473
474
474
475
475
476
476
477
478
478
477
477
476
477
476
478
477
478
476
477
478
479
478
479
478
479
479
480
479
480
480
482
484
488
492
498
504
512
518
525
529
534
536
539
539
540
538
535
532
528
525
522
520
518
516
514
512
511
509
506
504
502
499
497
494
493
491
490
489
489
488
487
487
485
484
483
482
480
478
476
475
474
473
471
470
468
467
466
466
463
465
463
464
463
463
463
464
464
465
465
466
465
466
466
466
467
467
468
469
470
472
471
471
472
472
472
473
472
474
475
475
475
476
477
478
478
477
479
479
480
480
481
480
482
485
487
490
497
502
511
516
524
530
536
538
542
542
543
541
540
536
534
531
529
527
526
524
524
522
522
520
519
517
516
514
513
510
508
506
503
503
501
500
499
498
496
495
492
491
489
488
484
484
481
480
477
477
474
473
471
470
468
469
469
469
466
466
465
465
465
466
466
466
465
467
466
467
467
468
468
468
469
469
469
469
470
470
471
471
473
472
474
473
473
473
474
474
475
474
475
475
476
475
477
477
477
477
480
482
486
490
496
502
509
515
522
528
533
535
538
538
538
535
534
531
530
527
526
525
526
525
524
522
522
520
517
516
513
512
509
507
504
503
500
498
496
495
493
492
490
489
486
486
482
481
479
478
477
476
474
473
471
471
468
468
467
466
465
465
465
465
465
465
465
466
466
467
466
468
468
469
469
469
469
470
470
470
471
471
472
472
472
472
472
472
473
473
474
474
475
474
474
473
475
474
474
475
475
475
477
477
479
482
486
491
497
503
510
515
522
526
531
533
534
532
532
529
527
524
522
520
518
516
516
514
515
514
513
511
510
509
508
507
505
504
503
503
502
502
502
501
500
500
498
496
494
492
489
488
484
483
479
478
476
474
471
470
468
468
465
465
464
463
462
462
461
461
461
462
461
463
464
464
464
466
465
467
467
469
468
469
470
470
470
471
472
473
474
475
475
476
477
477
478
478
479
480
482
482
483
483
484
484
487
488
493
496
503
510
516
522
531
536
541
543
547
547
547
546
544
541
539
534
531
527
527
523
522
520
518
515
511
509
508
504
503
501
498
497
497
496
494
494
491
490
489
488
486
485
483
481
479
478
475
474
472
472
470
471
470
471
469
471
471
472
471
473
472
473
473
474
475
476
476
479
478
479
478
479
479
481
481
482
481
482
482
482
482
483
482
482
482
482
483
482
483
483
484
484
485
484
485
485
486
486
489
492
496
501
508
514
522
529
535
540
544
545
547
545
544
540
537
532
528
526
523
520
518
516
514
511
509
506
503
500
498
496
494
492
491
490
490
489
488
488
488
487
486
486
485
484
482
480
478
477
476
474
474
472
470
471
469
469
468
470
468
469
468
469
468
470
469
470
470
471
471
473
472
474
472
474
474
475
474
476
474
475
474
475
474
475
475
477
476
476
475
476
475
475
476
477
477
478
478
478
480
481
483
486
491
496
504
512
520
527
535
538
544
544
546
543
543
539
535
531
528
525
524
521
520
517
516
513
512
509
507
503
502
498
496
494
493
492
492
490
490
489
489
488
487
486
485
484
481
479
478
476
474
473
471
471
469
468
467
467
466
465
463
463
462
462
461
462
460
461
459
461
459
461
460
461
460
462
461
462
460
461
461
461
461
462
462
462
462
464
463
466
466
468
467
469
469
470
469
470
471
472
473
474
477
480
484
491
498
506
515
523
532
538
544
546
548
547
546
544
542
537
535
531
530
527
527
525
525
523
523
521
519
516
514
510
508
504
501
499
498
496
494
493
491
488
487
485
484
481
480
477
474
472
469
468
466
463
461
461
459
459
458
457
456
456
456
456
456
456
456
456
457
458
458
459
459
461
461
463
463
465
464
465
465
465
465
465
465
465
465
466
466
467
467
468
467
469
468
469
469
469
468
471
470
471
472
474
477
482
487
494
502
510
518
525
533
537
540
543
543
541
540
536
535
531
531
529
528
526
526
524
523
520
519
515
512
507
504
500
497
493
492
488
487
485
483
482
482
478
478
475
473
471
470
467
465
464
463
461
460
459
458
457
457
456
456
456
456
457
457
457
457
458
456
457
456
457
458
460
459
459
458
460
459
461
460
460
461
461
461
461
461
461
461
462
461
462
461
462
461
462
461
462
461
462
463
463
463
464
465
468
472
476
482
489
497
505
513
519
525
529
530
530
531
529
527
523
521
517
515
512
511
508
507
505
506
503
502
498
498
495
495
492
492
491
492
491
492
491
490
490
490
489
489
485
485
483
481
479
477
475
473
471
471
470
469
468
466
466
464
465
464
465
464
465
465
464
464
464
464
464
463
464
464
464
464
464
464
464
465
465
465
467
466
467
466
468
468
470
469
471
472
473
474
474
475
475
475
477
478
480
480
482
484
490
495
502
510
517
525
531
537
541
544
546
546
544
542
539
535
531
527
525
522
519
517
515
513
510
507
504
502
498
496
492
491
489
488
487
487
486
486
484
484
483
482
480
479
476
475
472
471
469
468
466
466
464
465
463
464
464
463
464
464
463
465
466
467
467
467
468
468
470
470
470
470
471
471
471
471
472
472
472
470
472
471
473
473
473
473
474
474
475
475
476
475
478
477
479
478
480
478
480
480
484
486
491
496
502
509
517
524
531
535
541
543
544
544
542
540
536
534
532
530
525
525
523
521
519
518
514
512
509
506
502
500
497
496
494
493
492
492
490
490
489
489
487
487
486
485
482
482
481
479
476
475
473
473
471
471
469
468
469
468
467
466
467
466
465
465
464
465
465
465
465
465
466
465
465
465
465
466
466
467
467
467
468
468
469
468
470
470
471
471
472
472
473
473
476
476
476
476
477
477
478
478
481
483
486
490
497
501
509
516
523
529
535
540
544
544
545
543
541
538
535
531
530
528
526
526
526
525
525
525
522
521
519
516
513
510
506
505
501
499
497
496
495
494
492
491
488
488
486
484
481
480
478
476
474
474
472
471
469
469
468
467
466
468
466
467
467
467
467
468
468
469
470
470
470
471
471
472
471
473
473
474
474
474
475
474
475
474
476
476
476
476
477
475
475
474
475
475
475
473
474
473
474
474
475
475
476
478
481
484
489
493
501
506
514
520
526
529
534
535
536
533
532
529
527
526
524
523
522
522
521
522
522
521
519
518
515
514
511
508
505
503
501
500
496
496
494
493
490
490
487
487
485
483
480
480
476
476
473
473
471
471
470
469
468
467
466
466
466
467
466
467
468
469
468
469
469
469
469
469
469
470
470
469
470
470
470
469
470
468
468
467
467
465
467
466
467
466
468
467
467
466
466
466
467
466
468
467
468
468
470
471
473
475
480
486
493
500
508
516
523
528
532
534
535
534
532
529
526
522
520
517
516
514
513
512
511
511
509
508
507
507
504
503
501
501
500
500
500
500
498
498
497
497
495
495
492
492
488
486
483
481
478
477
474
473
471
470
468
467
467
466
465
465
463
464
463
463
462
462
461
462
462
462
461
461
461
461
461
462
462
463
463
463
464
464
465
465
467
467
469
468
470
468
471
471
473
473
473
473
474
474
475
474
476
478
481
484
489
495
502
507
515
521
529
534
540
542
545
544
543
540
536
531
528
525
523
520
516
515
511
509
508
504
503
501
498
497
493
493
491
491
490
490
489
491
489
489
488
488
486
484
482
481
479
477
475
475
472
471
469
470
468
468
468
468
467
468
468
469
468
468
468
468
467
469
469
470
470
471
471
471
472
472
472
472
473
473
472
472
472
472
473
473
474
475
475
474
476
474
476
475
476
475
476
476
477
475
478
479
483
488
493
500
509
516
524
530
537
539
543
542
543
540
538
532
528
524
523
520
517
514
512
509
507
505
501
497
494
491
489
487
485
484
482
483
482
482
482
481
481
480
478
478
477
476
473
472
469
469
466
466
464
464
462
462
462
462
462
461
461
462
461
461
461
463
463
464
464
464
464
466
465
466
466
466
466
466
466
466
467
468
466
468
467
467
467
468
468
469
468
469
469
469
470
470
471
472
473
473
475
476
478
480
485
490
498
505
514
521
529
534
540
542
544
544
543
540
537
531
529
523
522
518
516
514
514
511
510
507
506
503
501
499
497
496
495
493
492
493
493
493
492
492
491
490
489
488
485
484
481
481
478
477
473
473
471
470
468
469
467
467
466
465
464
464
464
464
464
464
462
462
462
464
463
464
462
463
462
462
462
463
461
461
461
462
461
461
462
463
464
465
467
468
467
468
470
469
470
471
472
472
474
475
476
475
477
479
485
490
498
504
512
517
525
529
536
539
542
542
542
539
537
532
530
526
524
522
522
521
520
520
518
515
513
510
509
508
507
504
503
501
498
497
494
493
491
490
488
488
485
484
481
480
475
473
470
469
467
468
465
465
464
464
463
463
462
462
462
463
463
464
464
465
465
465
466
468
468
468
468
468
468
469
469
469
469
469
470
470
470
469
470
471
472
471
472
472
472
473
473
474
474
473
475
476
476
476
478
477
478
480
484
487
493
499
506
513
522
528
534
536
540
540
540
538
536
532
529
527
526
523
522
521
521
519
518
516
515
511
509
506
503
499
496
493
491
490
488
487
487
486
486
484
484
483
481
480
478
476
474
474
473
472
471
470
468
468
466
466
465
466
465
466
466
466
466
466
467
467
467
469
469
470
470
470
470
471
470
471
470
471
470
469
469
470
469
469
469
469
468
468
468
468
469
468
468
467
468
468
467
468
468
468
470
472
475
478
484
490
497
504
512
518
524
526
529
529
530
526
523
519
515
510
509
506
504
502
502
500
499
498
497
495
494
492
493
492
492
491
490
491
490
490
491
491
491
491
490
488
487
486
484
483
482
480
477
477
476
476
473
474
472
473
471
473
472
473
473
474
474
475
476
477
476
478
477
479
479
480
480
481
481
482
483
484
484
485
484
486
486
487
487
488
487
487
488
488
488
488
488
488
488
489
489
488
489
490
491
495
498
502
508
514
521
526
533
536
541
541
542
540
538
533
530
524
521
516
513
511
509
506
504
502
501
498
496
495
493
490
490
488
489
488
489
489
490
489
490
490
489
489
487
487
486
484
482
480
479
479
477
477
476
475
474
474
474
475
475
476
475
477
477
479
478
480
480
480
480
482
482
483
482
483
483
484
483
483
483
483
482
482
482
482
482
483
483
484
483
483
483
483
482
484
484
484
484
485
485
487
490
493
499
505
512
519
526
532
538
543
Loop stopped.
