Output started
30000
414
398
393
391
391
392
392
391
392
391
391
391
389
389
389
388
387
387
385
387
386
387
386
387
385
387
385
387
388
388
388
390
388
391
390
392
392
393
393
394
393
394
393
395
396
396
397
398
398
400
400
401
403
405
408
414
418
423
431
438
447
453
458
461
464
466
467
464
464
460
458
454
451
447
446
441
438
434
432
429
429
425
424
420
419
415
414
412
412
411
412
411
411
411
412
410
410
410
409
407
407
405
406
404
404
403
402
401
400
399
398
398
397
397
396
396
396
395
394
396
396
396
397
398
397
398
398
400
400
402
401
402
401
402
403
403
402
404
404
405
404
406
405
407
406
407
408
411
412
416
420
427
432
439
445
451
455
459
460
462
461
461
459
456
453
450
445
443
440
436
434
430
427
425
423
421
419
417
416
414
414
412
413
412
412
412
413
413
413
412
414
412
412
411
409
408
409
407
406
405
405
403
402
401
402
401
402
400
400
400
401
400
401
401
400
401
402
402
403
403
404
404
404
405
406
407
408
408
409
409
407
408
407
409
409
413
414
420
423
431
436
443
447
452
455
459
460
461
459
459
456
453
449
446
443
441
436
435
431
429
427
425
422
421
419
416
414
413
413
412
411
412
411
412
411
411
411
412
411
411
410
409
408
407
406
405
404
402
402
402
401
398
398
397
398
395
397
395
397
396
397
395
397
397
399
398
398
398
400
399
401
400
402
402
403
403
402
402
404
404
408
411
417
423
429
436
444
450
455
458
459
461
462
460
459
456
452
449
444
443
439
436
433
431
427
426
423
422
418
417
414
413
411
410
407
407
406
407
405
406
406
407
406
406
404
405
403
403
401
400
398
398
397
395
394
393
392
391
390
389
388
389
388
388
388
389
390
388
389
389
390
390
391
391
393
393
395
394
395
394
396
395
398
399
404
408
414
421
430
437
448
454
460
464
467
467
468
467
465
461
459
454
451
447
445
442
439
436
433
429
427
423
421
418
416
413
410
407
406
405
405
405
405
404
403
403
403
402
401
402
400
399
396
395
393
392
391
391
389
389
387
387
385
386
385
385
385
386
385
386
386
388
387
388
388
390
390
391
391
392
393
392
392
393
393
394
396
399
403
409
415
423
431
439
449
456
463
467
470
472
474
473
471
467
464
459
456
452
451
448
445
440
437
433
431
426
424
419
418
413
412
409
407
405
404
403
404
402
402
400
401
400
399
398
397
395
394
392
391
388
387
386
385
383
382
381
381
380
379
378
378
379
379
379
378
379
380
381
380
381
382
383
383
384
384
385
385
385
385
387
386
388
389
393
397
404
411
419
426
437
446
454
461
467
469
472
472
472
469
466
462
458
454
451
448
446
442
439
435
432
427
423
420
417
414
411
408
406
405
403
403
403
402
400
401
399
400
397
398
395
394
391
390
388
387
385
385
382
382
379
380
378
378
377
378
376
377
375
376
375
376
376
377
377
378
379
379
380
381
381
383
383
384
385
385
386
386
386
387
389
390
391
396
402
409
418
425
435
444
453
458
465
467
470
468
469
465
463
459
456
450
447
443
440
436
434
429
426
421
420
415
413
410
407
405
405
403
401
400
401
400
400
400
400
399
400
399
398
396
396
394
393
391
390
388
387
387
386
385
385
384
384
384
383
385
383
385
385
386
385
388
388
390
389
390
390
391
391
392
392
394
393
395
394
395
395
397
400
404
410
417
424
433
440
447
452
458
460
463
463
464
460
457
454
450
445
442
439
435
430
426
425
421
419
415
413
410
408
404
404
402
403
401
402
400
402
401
401
400
401
399
400
398
398
395
396
393
393
391
391
389
389
387
387
386
385
385
384
384
385
384
385
385
386
386
387
387
388
388
390
391
392
392
394
393
392
393
394
395
395
399
402
407
413
421
428
436
442
450
455
459
460
463
461
461
458
456
452
449
443
442
437
434
430
428
424
422
418
417
414
411
408
406
404
404
402
401
401
400
400
401
400
400
400
400
399
398
396
395
395
393
392
389
390
388
388
386
386
384
384
383
383
383
383
382
384
384
385
385
386
386
387
387
389
389
392
392
392
392
393
392
394
393
396
398
402
407
414
421
429
436
443
449
455
457
458
459
459
457
454
451
447
444
440
438
436
432
429
427
423
422
418
416
413
412
408
407
404
404
401
400
399
400
399
400
399
400
399
400
398
398
397
397
395
395
393
392
391
391
389
390
389
389
387
388
387
388
388
389
388
388
389
389
390
391
391
391
393
394
394
393
395
396
397
397
399
398
400
400
404
406
412
417
424
430
438
445
452
456
460
460
461
460
459
456
454
450
447
443
442
438
436
432
429
427
425
421
420
417
415
412
411
409
407
407
406
405
405
405
406
406
405
407
406
405
404
405
404
403
400
400
399
399
398
398
397
398
396
396
395
395
394
395
395
396
396
397
396
397
398
399
400
401
399
401
401
402
403
404
404
405
405
406
406
408
410
413
415
418
424
429
435
443
450
455
458
461
463
464
463
461
460
456
453
449
446
444
443
439
437
434
432
429
428
424
423
420
418
416
416
414
415
413
414
414
415
413
414
414
415
414
413
412
411
410
409
408
407
406
404
402
403
402
400
400
399
399
399
399
399
399
400
401
400
401
401
402
401
403
402
404
403
406
404
406
406
407
407
408
407
409
410
411
410
414
415
420
424
431
436
444
450
456
459
463
462
463
461
461
459
456
454
451
449
446
443
442
439
437
435
434
432
430
428
426
425
423
423
421
421
420
420
418
419
418
419
418
419
418
418
416
416
413
413
412
412
410
409
407
407
405
405
404
405
402
403
402
402
401
402
400
401
400
400
400
401
402
403
402
402
403
403
403
404
404
404
405
405
407
406
407
409
410
412
417
421
428
434
441
448
454
456
460
459
460
459
458
455
454
451
449
445
443
440
439
436
434
431
430
427
426
422
422
419
419
417
417
416
417
416
417
415
416
416
415
414
413
413
411
411
409
408
408
406
405
405
404
403
401
401
400
400
398
398
397
398
397
399
398
398
398
400
398
400
399
401
401
401
403
405
405
405
404
405
406
407
407
409
411
415
418
423
430
438
445
451
456
460
462
464
463
463
461
459
457
452
449
446
443
439
437
433
431
429
426
423
422
420
419
417
418
416
417
416
418
417
419
418
421
419
420
419
419
418
418
416
416
414
414
412
412
411
410
410
409
408
408
406
407
405
405
404
405
405
405
404
403
404
404
405
406
407
408
408
408
408
408
410
409
412
414
420
424
432
437
445
449
456
459
461
461
462
461
461
456
453
448
444
440
437
434
431
428
426
422
420
417
416
414
413
411
412
411
411
411
411
411
413
412
414
413
413
413
412
411
410
409
407
407
404
404
401
402
400
400
398
399
397
398
396
398
396
397
396
398
395
398
397
399
399
400
399
401
400
401
401
405
406
410
415
423
430
439
446
454
459
463
465
467
467
466
463
460
455
451
446
443
439
436
433
430
427
425
424
420
418
415
414
411
410
407
408
406
407
405
405
405
405
404
405
404
403
401
401
398
397
395
394
393
393
391
392
390
390
388
387
385
386
386
386
386
386
386
387
387
388
389
391
390
390
391
392
393
395
397
403
409
417
426
434
444
451
456
461
464
464
465
463
462
457
454
449
445
440
437
432
431
427
425
421
419
415
412
409
407
403
402
399
399
397
398
397
399
398
398
397
398
398
398
397
396
395
394
391
390
388
386
385
383
383
383
383
381
381
379
381
381
381
381
382
381
383
381
383
383
386
386
386
385
386
386
389
390
395
400
407
415
424
432
443
450
456
460
463
464
464
462
460
456
454
449
446
442
439
435
432
427
424
420
417
415
412
409
406
404
402
401
399
398
397
398
397
397
396
397
396
396
394
394
392
392
390
391
387
388
385
386
383
384
383
383
382
383
382
382
381
382
381
382
381
383
384
385
384
386
387
387
388
389
390
390
391
390
391
391
394
397
401
406
414
420
429
438
448
453
460
463
466
466
466
463
461
456
454
448
445
442
440
435
433
428
426
422
420
416
414
411
409
405
404
402
402
401
401
399
399
399
401
400
400
399
399
397
396
395
393
391
391
390
390
390
387
387
386
387
385
385
385
386
385
387
385
388
388
389
389
390
390
392
391
392
390
393
392
394
394
395
395
397
398
399
400
403
407
412
417
425
432
440
448
455
459
462
465
466
465
463
461
457
454
451
446
444
440
438
434
432
429
426
424
420
419
415
414
412
410
407
407
405
406
405
406
405
406
405
406
405
405
402
402
400
399
397
397
395
395
394
393
392
393
391
391
390
391
389
390
390
390
389
390
389
391
391
390
392
392
393
394
394
395
396
396
397
396
398
398
399
398
400
400
402
403
406
408
413
417
424
431
439
445
452
455
459
459
459
457
457
453
451
447
444
441
439
436
434
431
430
426
425
422
420
418
416
415
413
411
411
409
409
408
408
409
409
409
409
410
408
408
406
406
404
404
403
402
401
401
399
400
398
398
397
397
396
397
395
396
396
397
395
397
398
398
398
400
399
399
399
401
401
401
401
402
402
404
404
405
406
406
405
406
407
409
410
412
417
422
428
434
441
447
452
454
457
457
458
456
455
451
449
445
442
438
436
433
431
428
427
424
424
421
420
417
417
416
417
416
418
417
418
417
419
419
419
418
419
418
418
417
416
415
415
413
413
412
411
410
409
408
408
407
407
407
407
408
407
407
406
407
406
408
407
409
408
409
409
411
410
411
412
413
413
414
413
413
412
414
413
414
415
417
417
421
424
430
435
441
446
450
453
455
456
456
455
454
450
448
443
440
437
434
432
430
428
427
425
423
423
421
421
419
418
418
419
419
418
418
419
418
419
417
419
419
419
417
418
416
416
414
415
414
414
412
413
411
411
409
408
408
408
407
408
408
409
408
408
408
409
410
410
409
411
410
412
412
413
413
413
413
413
413
413
414
414
416
418
421
425
430
436
441
445
450
452
455
455
455
453
452
449
447
443
441
437
436
433
432
430
428
427
428
426
424
421
421
419
419
418
419
418
418
418
418
418
419
419
420
419
418
417
417
415
414
413
413
412
411
412
410
410
409
410
408
409
408
408
408
409
408
407
407
409
408
409
407
409
409
411
410
411
411
412
412
412
411
414
412
414
414
417
419
425
431
437
442
448
451
454
457
457
456
455
452
449
445
442
439
436
433
432
430
429
428
426
424
422
422
419
419
416
417
415
415
414
415
413
415
414
415
414
416
414
415
414
414
412
412
409
410
409
408
406
406
405
405
404
405
404
404
404
404
404
405
404
404
404
405
405
407
406
406
406
407
408
408
410
410
411
410
411
409
411
410
413
413
417
420
426
432
441
446
453
456
459
459
460
460
458
454
451
447
444
441
439
435
433
431
429
427
426
423
423
420
419
416
415
413
413
413
414
413
413
413
413
412
413
414
414
413
412
414
412
411
410
410
408
407
405
406
403
403
401
402
402
403
402
403
401
402
402
403
402
404
404
405
405
406
405
406
405
407
406
408
408
408
409
410
409
411
411
413
415
419
423
431
437
444
451
457
461
465
466
466
466
464
461
456
454
449
447
444
441
437
436
431
429
427
425
421
421
417
417
414
414
412
413
413
414
412
414
414
414
413
415
413
413
411
411
409
409
408
408
406
406
405
405
405
405
403
403
402
401
401
401
402
402
402
402
403
403
405
404
406
406
407
405
406
406
408
407
408
407
409
408
410
409
409
409
412
413
416
419
425
430
439
447
456
460
466
468
471
471
470
467
466
462
459
453
451
448
445
442
439
436
434
431
428
426
423
421
419
417
415
414
412
412
411
412
411
411
411
412
411
411
409
410
408
407
404
405
402
402
400
400
398
399
398
397
397
397
396
397
395
396
395
396
396
397
397
398
397
400
399
400
400
401
400
401
401
402
402
403
404
404
404
405
405
407
408
408
412
416
422
428
437
445
453
459
466
468
472
470
470
467
465
461
458
453
450
446
444
440
437
434
431
427
425
422
420
417
415
412
411
409
409
408
409
408
408
408
408
407
408
406
406
406
404
403
402
401
400
400
398
397
396
396
395
395
394
394
392
393
392
393
391
393
392
393
393
394
394
396
395
397
396
397
397
398
398
400
400
401
400
401
401
402
403
407
409
412
417
424
430
439
446
455
460
465
467
468
468
466
465
461
457
452
448
446
442
439
436
431
429
426
424
420
419
415
414
411
411
408
408
407
410
408
410
409
411
410
411
409
410
407
408
406
406
405
405
403
402
400
400
399
399
398
398
397
398
397
399
398
399
398
398
398
399
399
401
403
402
404
404
405
404
405
405
408
408
409
408
408
407
408
408
410
411
415
419
426
432
439
445
453
458
463
464
466
465
464
462
459
453
451
446
441
437
434
429
426
422
420
417
416
414
412
411
409
409
408
409
411
411
412
412
412
414
413
413
411
411
409
409
407
407
403
403
402
402
400
400
398
398
397
397
396
396
396
396
396
397
397
397
397
398
398
399
399
400
400
402
402
402
402
403
403
404
403
404
403
406
407
411
416
422
430
436
444
451
456
459
463
463
464
461
459
455
451
444
443
438
435
431
429
425
424
421
419
417
416
414
413
411
411
410
410
409
411
410
411
Loop stopped.
