Output started
30000
599
604
605
601
599
595
592
589
587
584
583
581
580
577
577
574
574
573
574
574
575
575
576
576
577
578
580
582
584
584
586
586
588
588
587
587
589
590
592
596
598
599
600
602
603
604
606
608
608
613
617
626
637
654
671
690
708
727
743
756
764
768
770
770
765
760
753
747
738
730
721
714
707
700
692
685
678
671
661
654
647
639
632
626
619
615
613
610
607
606
604
602
600
599
596
595
593
590
587
585
582
579
577
575
574
572
572
570
569
567
567
567
568
567
569
569
570
570
571
571
572
574
575
575
576
577
579
580
582
584
585
587
588
588
591
592
594
596
598
599
600
601
602
603
604
606
608
609
612
616
623
631
643
657
673
688
703
717
729
738
741
745
745
742
739
733
727
721
714
707
700
695
689
683
678
673
666
661
654
648
642
637
632
629
624
622
620
619
618
617
615
615
613
610
609
607
605
603
601
599
596
595
594
593
591
590
589
588
587
587
585
585
586
586
587
589
587
588
589
589
591
593
594
594
596
596
598
598
600
602
603
603
605
604
606
608
609
609
611
610
613
612
613
613
615
616
618
620
621
623
627
631
638
647
657
668
680
691
701
710
716
719
721
721
720
717
715
712
708
703
698
693
689
686
681
678
673
669
664
661
656
653
649
647
643
641
639
638
636
635
634
633
632
632
630
630
628
626
623
623
621
621
620
619
618
617
616
614
612
612
611
611
610
609
610
609
610
610
610
612
611
611
612
613
614
614
616
616
618
618
621
621
623
623
624
625
626
626
627
628
630
630
631
630
632
632
633
634
635
638
642
645
648
654
658
664
672
679
686
693
699
702
703
704
704
703
702
700
698
694
693
691
687
684
682
680
677
675
672
670
667
665
662
659
656
655
654
654
652
652
651
651
650
650
649
648
646
646
643
643
640
638
636
637
636
636
636
636
637
636
636
636
635
634
634
634
632
633
632
634
633
634
632
633
633
634
634
635
635
635
636
636
638
637
637
638
639
639
640
640
640
641
642
642
642
642
643
643
645
645
647
648
652
656
661
665
672
677
683
689
696
699
704
705
708
707
706
704
703
700
698
695
693
689
686
682
680
675
672
669
667
667
667
666
665
665
665
665
664
665
665
664
664
664
664
663
660
660
657
657
654
653
650
650
647
648
647
646
643
643
641
641
639
640
640
639
638
638
638
638
638
638
639
638
638
639
638
639
638
639
639
640
639
640
641
641
641
642
642
642
643
644
643
643
644
643
645
645
646
646
648
648
651
653
658
663
670
677
685
694
703
709
715
719
722
723
724
724
724
721
720
717
715
713
711
707
705
702
699
694
692
689
685
682
680
677
675
672
671
671
669
669
669
668
667
667
665
664
663
662
660
659
657
655
653
652
651
649
646
645
643
642
640
639
636
636
634
633
632
631
631
630
629
630
629
629
629
629
631
630
630
630
630
630
631
631
631
632
631
633
633
634
633
634
632
632
633
633
633
635
636
637
638
640
645
651
660
669
681
694
706
717
728
735
741
744
746
745
744
742
739
735
732
726
722
717
713
709
705
700
694
689
685
681
678
673
669
666
662
661
659
657
657
656
653
650
649
647
646
643
640
638
635
632
629
626
623
620
617
616
613
611
608
607
605
604
602
603
601
600
599
600
599
600
600
600
601
600
601
601
601
603
604
603
604
606
605
607
607
609
610
610
610
610
610
611
610
611
610
613
613
615
615
618
623
628
637
648
660
674
691
707
720
732
742
748
752
753
753
750
747
742
738
732
726
719
715
708
703
697
693
684
678
671
667
661
657
651
648
644
642
641
639
638
636
634
634
632
630
628
624
620
618
615
612
609
606
603
601
599
596
594
592
591
589
588
586
585
584
584
583
584
584
585
583
584
585
587
587
589
589
591
591
593
594
596
596
597
597
599
600
601
601
602
602
602
603
604
604
605
604
607
607
609
613
620
630
643
657
674
690
707
720
732
741
747
749
749
747
743
738
732
725
717
710
702
696
688
682
673
667
660
654
647
641
637
633
631
630
628
628
628
629
627
627
625
625
623
622
619
617
614
610
606
602
600
597
593
591
589
588
586
585
584
583
582
582
581
580
580
580
581
581
583
584
586
587
587
588
589
589
591
591
593
594
595
596
598
601
602
602
603
603
605
605
608
608
608
608
609
612
620
631
647
664
683
703
721
738
751
759
766
767
767
764
759
751
743
733
724
716
708
701
694
688
680
672
665
658
649
643
635
631
627
624
621
618
617
616
615
614
613
613
610
609
606
604
600
596
592
590
586
583
580
578
575
573
570
568
567
566
565
565
564
565
566
565
566
567
567
570
570
572
573
575
576
579
581
583
584
585
587
588
590
591
592
593
594
595
596
597
598
598
600
600
603
607
616
628
644
663
685
704
724
739
752
761
766
767
766
761
757
747
741
729
721
714
707
700
694
687
679
672
664
656
647
639
632
625
621
615
610
607
605
604
601
600
599
598
597
594
592
590
586
585
582
580
577
576
572
572
569
568
564
563
562
562
561
562
561
562
562
564
564
567
568
571
571
573
575
578
580
581
583
584
585
587
588
589
590
591
592
593
594
596
597
597
598
599
600
602
604
606
612
621
635
649
667
682
701
717
731
741
748
752
753
751
749
742
737
731
724
717
713
707
702
695
690
682
676
668
661
653
647
639
634
629
624
620
618
616
612
611
611
608
606
605
604
602
601
599
597
595
592
591
589
587
585
584
582
582
580
579
578
578
577
577
577
578
578
579
580
580
581
584
584
585
587
589
591
595
596
598
598
599
599
601
602
604
605
606
607
608
608
609
611
611
612
612
614
617
620
627
634
645
657
671
684
698
710
721
728
734
735
736
735
733
728
722
719
713
709
703
701
696
693
687
684
678
673
667
661
654
649
644
640
637
635
632
630
629
628
625
625
624
622
620
619
618
615
614
613
611
609
606
605
603
602
600
600
598
597
596
596
597
596
597
597
597
597
599
600
600
601
602
602
604
605
607
606
608
609
610
611
613
612
614
614
616
615
617
618
617
618
618
619
620
620
622
625
629
632
637
644
653
663
674
685
696
705
714
719
724
725
725
726
724
722
719
715
711
708
705
703
700
697
692
688
684
679
673
669
663
660
655
651
647
645
642
641
639
638
636
635
634
634
632
631
629
628
627
626
623
621
619
618
617
615
614
614
613
612
610
610
609
610
609
609
609
610
610
611
611
611
612
612
613
614
615
615
618
618
619
619
621
621
623
622
622
623
624
625
626
626
626
627
628
628
629
629
631
633
636
641
649
657
668
678
688
700
710
718
724
728
729
731
729
726
723
719
716
712
708
704
701
697
694
691
687
683
679
675
671
668
664
660
658
656
654
653
652
651
649
649
647
646
643
643
642
640
637
636
633
631
629
628
625
623
620
620
618
617
615
615
614
614
614
614
613
613
614
615
614
614
614
616
616
617
617
617
618
619
619
620
620
620
622
623
623
624
624
623
624
625
625
625
626
626
627
629
631
636
644
652
664
677
692
705
718
729
740
746
750
751
752
748
747
740
736
732
727
722
717
713
709
704
699
694
687
681
676
670
666
661
657
654
652
651
649
648
647
646
644
643
640
639
637
634
631
628
625
622
620
617
613
611
607
605
603
601
598
597
595
595
593
594
593
593
592
594
593
596
596
597
598
600
599
601
602
602
602
603
605
605
605
607
607
607
607
609
609
609
610
611
611
611
613
616
619
626
636
649
667
684
704
721
738
752
764
771
776
778
776
772
768
762
755
748
741
734
729
723
719
711
706
699
692
683
675
669
661
653
647
642
638
634
631
630
627
625
623
621
618
615
612
608
604
601
597
594
590
587
583
580
575
573
570
567
565
564
562
561
560
560
560
560
561
563
562
564
565
566
568
570
571
573
573
575
578
580
581
583
582
584
585
587
589
589
591
591
591
592
592
594
596
598
602
610
622
638
657
679
702
724
744
761
774
783
789
789
788
783
777
769
761
751
743
734
728
721
714
706
698
690
681
672
662
652
644
635
628
622
616
612
609
606
606
603
601
599
596
593
590
587
583
579
576
571
569
566
563
560
558
555
553
551
549
549
548
548
547
548
548
549
550
551
553
555
556
557
559
562
564
567
568
570
571
572
573
575
576
579
581
582
582
584
585
587
587
588
589
591
593
595
597
601
609
621
638
658
682
706
730
752
771
785
794
802
801
798
793
786
776
767
756
746
736
727
719
710
703
694
684
674
663
652
643
633
625
616
610
604
601
598
595
593
592
590
589
585
583
579
577
572
571
567
565
563
560
557
555
553
551
550
547
546
545
545
544
545
546
547
549
550
551
553
555
556
557
559
562
564
566
569
570
573
574
576
578
579
582
584
584
587
587
589
589
591
591
592
592
594
594
598
602
612
626
644
663
685
706
727
746
760
771
776
777
776
771
764
756
748
737
728
718
709
700
693
686
677
669
661
653
644
638
630
623
616
612
607
605
602
601
599
599
597
596
593
591
589
588
586
584
580
578
576
575
572
570
567
566
563
562
560
559
558
558
559
559
561
561
562
564
565
567
568
570
571
575
577
579
580
582
583
585
586
587
589
591
593
593
594
595
596
597
599
600
600
601
602
604
608
611
618
630
645
661
680
698
717
731
743
753
759
761
760
756
752
744
737
728
720
714
706
699
694
688
681
674
668
660
653
646
640
635
630
625
622
620
618
616
615
614
613
612
612
610
607
605
603
601
599
595
594
593
591
589
587
586
584
584
583
584
582
582
582
582
583
585
584
584
585
587
586
587
587
589
591
592
594
595
597
600
601
602
602
604
606
607
607
609
610
611
610
611
611
611
613
613
616
619
625
633
644
656
672
687
701
714
725
733
740
743
744
741
740
736
731
726
721
714
709
704
699
693
689
684
678
671
666
660
655
649
645
640
636
634
631
630
629
628
628
627
626
625
624
622
620
617
615
613
611
610
607
606
603
603
601
599
596
597
597
596
596
596
596
597
597
598
598
600
600
601
600
602
604
605
606
607
608
608
610
611
612
614
615
616
618
618
619
619
620
619
619
619
620
622
623
624
626
631
636
644
655
666
680
694
706
717
727
734
739
742
742
740
738
734
730
725
721
716
713
708
704
699
695
688
683
677
671
666
661
656
652
648
645
643
641
639
638
639
638
637
636
635
633
631
630
627
626
623
620
617
616
615
613
610
609
607
606
605
604
603
604
605
604
603
604
605
605
605
606
606
607
609
610
612
613
614
614
616
616
617
617
619
620
621
621
622
621
622
622
623
623
625
627
627
628
628
629
635
642
651
662
676
689
703
715
726
735
741
745
747
746
744
740
736
729
724
718
711
706
700
695
691
685
680
674
670
667
662
658
655
653
651
650
649
650
649
648
646
646
644
643
640
638
634
631
628
625
623
620
618
615
612
610
607
605
603
603
602
604
605
604
602
602
601
599
599
601
601
602
603
603
604
604
607
608
609
611
613
612
614
613
614
613
614
615
617
617
619
619
622
622
624
624
629
635
646
658
675
692
711
728
743
756
765
771
775
776
773
770
764
757
750
743
736
729
723
717
712
706
699
692
684
677
669
663
657
653
648
645
641
642
639
637
636
635
633
632
629
627
623
620
615
612
607
604
600
596
592
589
587
584
582
580
577
576
575
575
575
575
575
574
576
575
576
576
578
578
579
582
583
584
585
587
589
590
592
592
594
595
596
596
597
598
598
598
599
600
600
601
603
606
615
628
646
667
690
712
734
754
771
783
792
796
796
793
788
781
773
763
754
745
735
726
719
712
705
697
686
676
665
655
645
636
630
622
616
612
609
606
602
601
599
599
597
594
591
588
584
581
577
574
569
566
564
562
557
555
551
549
547
546
544
544
544
544
544
545
546
548
549
551
552
554
556
559
561
564
566
568
569
571
572
574
574
577
578
581
581
584
584
586
586
586
587
588
589
590
591
594
598
606
620
640
663
688
716
742
767
786
802
811
816
816
811
804
795
784
773
760
750
740
730
720
713
703
694
683
672
659
649
638
628
619
611
604
598
594
591
588
586
585
585
582
580
578
576
573
569
567
564
560
556
554
550
548
545
543
540
539
537
536
534
535
534
536
536
539
540
542
543
546
546
549
553
556
558
560
561
565
565
567
569
572
574
576
577
579
580
582
582
583
585
585
586
588
588
591
593
598
604
616
634
655
680
707
733
757
778
795
807
813
815
811
806
796
787
773
761
749
738
727
720
708
699
688
679
666
655
643
633
622
612
603
596
590
587
584
581
580
578
577
575
573
570
568
565
564
561
558
556
551
549
546
545
543
541
540
539
539
538
537
536
538
538
539
540
542
545
546
550
553
555
557
559
563
564
566
568
570
572
575
576
579
580
583
584
586
588
590
590
592
593
594
596
597
597
598
599
601
605
612
623
640
659
682
703
726
745
762
774
784
787
787
784
777
768
757
747
737
727
717
706
698
689
681
672
662
655
645
638
629
623
616
613
608
606
603
604
601
601
600
600
598
597
594
593
590
587
585
581
579
576
574
572
570
568
565
564
563
561
560
560
560
562
563
564
565
566
567
569
570
571
573
576
579
581
584
585
588
588
589
590
592
593
596
597
599
600
601
601
601
601
602
604
605
605
Loop stopped.
