Output started
30000
337
320
317
319
323
324
325
326
330
330
334
334
336
337
339
339
339
342
347
353
365
381
404
431
459
487
511
530
546
556
561
560
556
547
535
523
508
495
482
470
457
447
436
425
413
401
388
379
368
361
352
347
340
337
333
331
328
328
326
325
322
321
318
316
311
309
306
304
300
299
297
295
292
292
290
290
288
290
290
292
293
295
296
298
300
299
300
302
305
307
310
313
315
317
321
322
326
327
329
332
334
334
337
337
340
339
342
342
344
344
345
345
348
348
352
355
364
375
394
414
437
458
480
495
511
519
527
528
527
521
514
503
492
482
473
460
451
440
430
419
409
399
387
378
371
365
359
355
351
350
346
345
343
345
344
346
342
343
340
338
334
334
329
328
324
323
320
319
317
318
314
315
313
315
314
314
314
316
317
320
321
321
321
324
325
328
329
332
334
336
338
340
343
345
346
347
348
349
351
352
354
354
357
357
358
358
360
359
361
362
366
371
383
394
414
431
451
466
482
493
504
510
513
513
511
504
498
487
480
471
464
455
448
439
430
421
411
402
394
386
380
375
370
367
365
363
362
360
359
356
354
353
351
349
347
345
342
341
338
337
334
333
330
330
326
325
322
323
322
323
322
324
323
325
325
329
330
331
331
334
335
336
338
339
340
343
344
345
346
348
348
350
349
351
351
353
353
355
356
357
357
357
355
357
358
361
366
375
386
401
419
437
456
472
487
497
506
510
512
510
508
501
495
486
479
471
465
455
448
438
431
422
415
406
399
390
385
377
373
368
367
364
362
360
359
356
355
352
350
347
345
342
339
335
333
329
327
323
324
322
321
320
319
319
320
320
321
322
322
324
324
326
328
328
327
331
330
334
334
337
337
338
337
340
340
344
346
350
350
350
350
351
349
351
350
352
352
354
354
357
357
361
365
372
381
396
413
432
451
470
486
501
510
518
523
525
524
520
514
506
497
489
483
474
467
457
448
439
430
420
411
403
397
388
385
378
374
369
368
364
364
361
359
355
355
351
350
347
344
339
336
332
330
327
325
323
321
318
316
315
316
316
316
316
316
318
318
319
319
321
323
324
325
326
329
331
331
335
336
340
339
343
343
345
344
346
346
349
348
351
350
352
353
355
355
356
355
356
356
360
363
374
387
405
425
448
467
488
504
519
530
538
540
540
535
529
519
510
499
492
482
472
462
452
442
432
420
411
401
393
387
380
375
371
367
363
361
358
357
356
356
351
350
345
343
337
335
332
329
324
321
318
316
313
311
308
305
302
302
302
304
304
306
307
309
311
314
313
316
317
321
322
327
328
331
332
334
335
338
339
342
342
344
344
344
345
346
348
349
349
349
350
350
351
351
352
354
359
366
380
397
420
442
468
488
509
525
538
543
548
546
541
530
521
507
496
483
471
458
447
436
427
415
405
393
385
376
370
365
363
359
357
356
355
353
353
352
351
350
348
347
344
341
336
332
327
324
319
318
313
311
308
307
303
303
302
304
302
304
303
307
307
311
312
313
313
317
319
322
323
328
329
334
335
337
338
342
343
344
344
345
346
347
348
348
350
350
351
352
352
353
354
354
357
360
370
381
401
422
449
473
498
518
538
550
558
559
561
554
547
536
525
510
497
481
470
456
443
430
420
406
396
385
377
368
362
357
353
350
348
346
345
345
345
345
344
343
340
337
334
330
326
322
317
315
311
308
305
303
299
300
298
299
298
298
297
299
299
303
303
306
307
309
309
311
315
318
320
324
324
328
330
332
333
335
335
337
338
342
344
346
348
349
350
350
350
350
349
351
351
353
357
363
375
392
416
442
470
496
519
539
556
564
570
570
566
556
545
531
516
501
489
473
461
448
438
426
416
403
392
380
373
364
358
352
348
343
341
337
336
335
334
333
333
331
328
324
321
317
314
310
306
303
301
297
295
292
291
288
288
287
288
289
290
291
293
296
298
299
300
303
306
310
313
316
318
322
324
328
330
334
334
338
339
341
341
344
345
347
348
350
350
351
352
353
353
356
358
365
374
392
412
440
468
495
517
540
555
566
570
572
567
559
548
534
519
507
491
477
466
453
442
429
417
404
392
380
369
359
352
345
342
337
336
334
335
333
335
333
334
333
332
328
327
322
321
316
313
308
306
301
299
296
297
295
295
293
294
294
294
295
297
298
302
303
304
305
307
311
313
316
319
323
325
328
330
334
336
338
339
342
343
346
345
349
348
350
350
352
351
352
351
355
356
361
368
384
403
429
453
480
503
527
544
559
566
570
567
561
550
539
524
511
496
482
468
455
442
433
422
412
400
389
379
371
364
360
355
351
349
347
346
345
346
344
344
342
340
336
334
329
327
323
321
317
314
310
308
305
305
303
303
301
300
300
301
301
304
305
307
309
309
308
312
314
317
320
324
326
329
331
333
335
339
341
344
344
344
345
346
347
347
348
349
349
350
352
351
352
352
357
361
370
384
405
428
455
479
502
520
536
545
553
553
552
545
537
525
515
502
490
476
465
453
443
430
419
407
398
387
379
372
366
361
359
356
356
354
355
355
355
354
353
351
349
347
344
342
339
336
330
326
321
320
317
316
313
312
309
309
307
309
308
310
309
312
313
316
317
318
319
324
325
328
329
332
333
336
336
338
339
342
344
346
346
346
347
349
349
352
353
356
356
357
356
357
359
363
370
384
402
426
451
478
504
525
544
556
565
567
566
558
550
536
523
508
496
482
471
456
446
432
422
408
398
386
379
371
367
363
360
357
358
356
359
358
358
357
355
354
352
348
346
341
337
333
330
325
322
318
315
312
310
309
307
306
306
306
305
307
307
310
308
311
312
314
312
316
318
322
324
328
328
332
333
336
338
340
342
344
344
347
346
349
348
350
351
352
353
354
354
355
355
358
363
373
391
413
441
470
497
522
545
563
574
579
580
576
568
556
544
528
517
501
487
473
462
448
438
424
413
399
389
378
371
361
356
352
350
347
346
345
346
344
342
340
339
335
332
327
324
320
316
311
308
303
301
297
296
294
291
291
291
291
291
291
292
293
294
295
296
299
301
300
302
306
310
314
316
319
321
324
326
328
327
330
330
332
333
335
335
338
339
342
342
344
345
346
347
350
353
362
376
399
424
455
483
512
537
559
573
583
584
582
574
564
550
535
519
505
488
475
460
448
435
423
411
398
386
375
365
357
352
345
342
337
336
335
336
333
333
330
330
326
324
321
318
313
311
306
303
299
297
294
292
290
289
287
288
285
287
286
287
287
289
289
293
296
296
297
300
303
307
309
312
314
318
320
323
325
327
328
330
332
333
335
336
338
339
341
341
343
342
344
342
344
344
351
359
377
400
430
460
492
518
544
563
578
583
588
582
576
562
549
530
517
499
483
469
458
444
431
418
405
391
380
370
362
354
348
343
338
335
332
331
331
331
329
327
325
321
317
315
309
308
303
302
297
293
289
287
283
282
280
281
279
281
281
283
282
285
287
289
290
295
296
300
301
304
307
311
314
317
320
322
325
328
329
332
333
334
335
337
338
339
340
341
341
341
342
341
343
343
346
351
362
381
408
436
469
499
526
548
566
576
582
579
575
563
551
534
521
505
491
475
463
448
437
424
412
399
387
375
366
357
352
347
343
339
337
336
336
335
335
332
330
327
323
319
315
311
308
303
299
294
292
288
286
284
284
283
283
284
283
285
285
288
290
293
294
295
295
299
301
305
306
309
312
316
318
323
325
329
330
333
334
336
337
340
340
343
343
345
344
348
347
348
347
349
349
352
356
365
378
400
425
454
482
509
532
551
562
569
570
566
558
546
533
517
505
489
475
461
450
438
428
414
404
391
382
370
364
357
352
347
346
343
344
342
344
342
341
338
336
334
332
328
326
321
318
312
310
306
304
301
299
296
296
294
295
296
296
297
299
300
302
305
306
308
310
314
315
319
321
326
329
332
333
336
334
337
337
341
340
344
344
346
344
346
345
347
347
350
348
351
350
351
352
355
359
370
384
406
431
459
484
508
528
545
555
560
559
555
546
534
520
506
493
479
467
455
444
433
423
411
401
389
379
370
363
357
354
350
349
347
348
345
347
345
345
342
341
337
334
330
327
323
320
315
313
309
306
303
302
300
300
299
300
300
300
299
301
303
305
309
309
309
311
311
313
317
320
323
326
329
330
332
334
337
339
341
341
344
344
347
347
349
350
352
351
353
352
354
353
356
357
364
375
394
417
445
472
498
521
542
557
568
571
571
566
558
546
533
519
507
495
483
471
462
451
441
429
420
408
395
385
375
368
362
358
354
352
349
346
343
343
341
339
336
333
329
325
320
315
310
308
303
302
298
297
294
294
291
292
291
293
291
293
293
296
296
299
301
302
302
304
305
309
310
314
315
319
321
323
326
328
329
330
332
334
336
338
339
339
341
343
344
346
348
348
349
348
350
352
357
366
384
406
435
462
492
515
539
555
569
575
578
573
567
555
545
530
518
505
494
480
471
460
450
438
427
413
402
391
382
373
366
359
354
349
347
344
343
340
340
337
333
331
327
323
318
315
310
308
303
302
298
296
292
291
288
288
286
288
288
291
290
293
292
295
296
298
299
303
304
308
310
314
316
319
320
323
324
327
329
332
334
337
338
339
340
342
344
346
346
348
347
347
347
348
349
350
351
354
362
375
397
423
454
483
513
536
559
573
583
586
586
578
569
555
541
524
510
495
483
470
459
445
434
420
408
394
384
374
366
359
356
352
349
346
346
344
343
340
338
336
333
330
326
321
316
310
305
302
299
295
292
289
287
286
285
285
285
286
286
287
288
293
294
296
296
300
303
306
307
311
314
317
320
323
324
328
329
331
331
332
333
337
338
339
340
341
342
345
344
346
345
346
346
347
347
352
359
374
394
423
453
484
513
540
560
575
582
584
580
571
560
545
529
513
500
484
472
458
449
436
425
411
398
384
373
362
355
347
343
337
335
333
333
330
330
328
328
323
322
318
314
310
306
300
297
292
289
285
284
281
279
278
278
277
276
276
276
278
281
284
286
288
289
292
294
298
300
306
308
312
314
317
318
321
322
326
326
329
330
333
333
335
334
338
338
341
340
343
343
345
343
345
347
353
362
381
405
436
467
500
528
554
574
587
592
592
585
576
560
546
529
513
496
480
466
452
441
429
418
405
393
379
369
356
348
339
334
328
325
320
320
315
317
315
315
312
312
307
306
300
298
294
290
287
286
281
280
277
276
274
274
274
274
274
275
275
277
277
281
285
285
287
291
294
298
302
304
307
310
314
315
319
321
325
327
331
331
334
335
337
337
339
340
341
342
344
343
344
343
346
345
349
352
362
375
400
429
462
493
523
548
568
581
590
590
587
579
567
552
537
522
507
491
477
464
452
440
428
414
402
388
375
364
355
346
340
334
330
327
323
323
322
323
321
320
316
314
309
307
304
303
299
296
292
290
285
283
280
278
276
276
277
278
279
282
285
288
288
290
292
297
300
304
307
311
314
317
319
323
324
328
329
332
333
334
334
336
338
340
341
343
346
347
348
347
348
349
350
351
353
355
362
374
395
420
450
479
508
532
554
567
579
583
583
574
567
554
540
525
513
497
484
470
460
445
435
421
409
396
386
375
367
358
352
346
342
339
337
334
333
332
332
330
328
326
323
321
316
314
309
306
301
299
295
294
290
290
286
287
286
289
289
292
292
295
295
299
299
302
302
306
307
311
314
318
320
324
327
330
332
336
337
340
342
343
345
347
347
349
349
351
351
352
352
352
353
354
356
358
364
373
392
415
443
472
501
526
550
564
578
581
584
578
571
557
546
529
517
500
488
473
461
447
435
421
409
394
382
373
365
359
355
351
349
348
348
347
347
345
345
343
341
339
336
332
329
323
319
315
312
308
304
301
299
300
298
297
296
296
295
297
297
298
300
305
305
307
309
312
312
317
322
326
327
331
332
333
332
335
339
341
343
345
345
347
347
349
349
350
349
348
347
346
347
350
354
364
381
405
435
467
497
526
551
571
585
592
594
590
583
571
557
540
527
510
495
479
467
453
440
424
411
395
383
369
361
351
346
339
337
334
333
332
332
331
330
327
325
321
319
315
312
309
304
299
296
291
289
284
282
280
279
277
277
276
277
278
280
281
283
286
288
290
293
297
299
303
306
310
312
316
318
321
322
327
327
329
330
333
334
335
336
339
340
343
342
344
342
344
344
347
347
356
367
388
416
452
487
522
552
579
597
611
616
617
610
599
583
566
549
531
513
495
479
465
451
436
422
408
394
379
366
353
343
334
328
322
319
316
317
315
317
314
313
309
307
303
302
297
295
290
286
282
280
277
275
272
271
268
267
266
267
266
267
269
271
272
276
278
279
282
285
289
292
295
299
302
305
309
312
316
318
320
322
326
328
332
332
336
337
338
337
340
339
341
341
344
348
359
376
404
438
476
514
548
576
602
617
626
627
621
608
594
576
558
541
522
503
487
471
456
441
426
411
395
379
365
353
342
332
325
320
317
314
314
313
313
314
313
312
309
306
302
299
294
291
285
282
278
276
272
272
268
268
266
267
266
268
268
270
271
274
276
278
278
282
285
288
292
296
300
304
308
313
315
319
320
322
324
326
328
330
330
Loop stopped.
