Output started
30000
490
485
484
488
493
499
506
511
517
524
530
536
542
547
550
552
551
553
552
554
552
551
548
548
544
543
539
537
532
529
525
523
519
517
514
512
509
508
506
505
504
504
504
503
502
503
502
501
500
498
497
497
496
494
493
492
490
489
488
488
488
486
487
484
484
483
483
482
482
482
483
481
481
481
481
479
481
479
480
480
480
481
482
483
486
487
487
485
484
485
490
493
499
504
511
518
525
531
537
541
543
545
547
549
549
548
546
545
542
541
539
537
534
532
529
526
522
521
518
515
512
510
508
508
507
507
506
505
503
501
500
500
499
500
499
499
499
499
498
499
497
497
496
495
493
493
491
491
489
489
489
491
489
490
489
488
488
488
487
487
487
487
487
488
486
487
488
489
490
492
494
494
493
492
492
490
491
491
496
500
507
511
519
523
529
533
540
543
546
546
547
546
546
545
544
540
539
535
534
530
527
523
520
516
514
511
509
506
504
503
502
502
501
501
501
500
501
500
499
498
497
495
495
494
492
492
490
490
488
488
486
486
484
484
481
482
479
481
479
479
478
479
478
480
480
482
480
481
479
480
480
482
481
482
484
487
488
492
493
495
495
495
495
495
496
498
503
509
513
519
525
531
536
541
545
547
549
548
550
548
547
544
543
539
537
535
533
531
529
525
523
518
517
514
513
509
508
506
505
503
503
501
499
499
499
498
499
498
499
498
498
496
494
493
491
491
490
489
488
487
484
484
483
481
481
480
480
481
479
479
479
480
478
479
478
478
477
479
478
478
477
478
477
479
480
481
481
484
483
483
482
483
484
487
491
497
503
510
518
525
531
538
541
545
545
547
547
548
546
544
541
539
537
537
536
534
531
526
522
519
516
514
511
508
505
502
501
499
498
496
495
494
492
490
489
488
488
487
487
485
485
483
482
479
479
478
479
477
476
474
474
471
472
470
472
471
473
472
473
473
473
474
475
474
474
473
474
474
475
475
475
476
476
476
477
479
480
481
483
484
483
482
484
487
492
498
504
511
517
526
531
538
540
545
547
549
547
546
544
544
542
541
538
537
534
533
529
526
523
521
517
513
509
507
505
502
498
499
497
497
496
495
493
492
491
492
492
491
490
489
489
488
487
485
485
483
483
480
482
480
480
477
478
478
480
478
480
478
479
477
477
477
478
478
480
480
480
479
480
479
479
480
482
479
479
478
478
477
479
482
484
485
486
485
484
485
486
490
494
501
507
514
521
526
531
538
542
545
547
548
548
548
545
544
541
539
536
535
532
530
527
523
520
517
512
511
509
508
504
503
500
499
497
498
496
497
496
496
495
494
492
491
491
491
488
487
486
487
485
483
482
482
481
481
480
481
480
478
477
475
475
475
474
475
477
478
478
478
480
479
480
480
481
480
480
480
481
480
481
481
481
480
482
483
485
485
488
487
489
487
489
490
494
499
505
510
517
523
531
536
541
544
547
550
549
550
550
549
547
544
542
541
537
535
533
530
526
524
521
518
514
512
508
506
503
503
503
505
505
506
504
502
500
499
499
500
498
498
497
497
493
493
491
491
488
488
486
487
486
486
485
484
482
481
479
479
479
480
480
478
477
476
474
474
475
476
479
480
480
479
480
482
483
482
484
483
484
483
485
487
490
489
491
490
490
488
490
492
498
502
509
516
524
530
537
541
547
550
554
555
556
555
554
551
550
547
545
541
538
535
531
528
523
520
518
514
511
507
505
504
502
501
499
500
499
498
498
497
496
496
494
494
493
493
489
488
486
485
484
485
483
483
482
481
480
480
479
479
479
479
478
478
477
477
478
479
481
482
481
482
481
482
483
484
484
484
483
483
483
484
484
486
487
488
489
489
488
488
489
490
494
499
504
508
516
521
528
534
539
542
544
544
544
544
543
542
541
538
537
533
531
527
524
519
518
514
512
508
506
502
501
499
499
498
500
498
498
496
497
495
496
494
495
494
494
492
491
490
490
489
488
488
487
486
485
484
483
482
480
481
480
481
480
481
480
480
478
479
479
480
479
480
478
480
480
482
480
481
481
482
482
484
485
487
486
486
487
487
486
489
491
496
499
507
513
520
525
531
537
541
544
544
546
545
545
544
542
539
537
533
531
528
526
524
521
517
515
511
509
505
502
498
499
497
498
496
495
494
493
491
491
490
491
490
489
487
487
484
483
482
482
480
479
477
475
472
473
472
472
471
471
470
469
469
468
468
468
470
470
471
471
470
469
471
471
472
473
473
473
473
472
474
474
477
479
482
481
480
478
479
477
480
484
490
496
503
509
516
522
530
536
543
545
548
549
548
545
545
544
542
540
538
534
531
528
525
522
518
516
513
510
507
504
501
499
496
495
493
493
492
491
490
490
487
488
486
487
485
485
483
481
480
480
478
478
476
475
474
475
474
474
472
472
471
471
470
471
470
470
470
471
470
471
470
472
471
473
472
475
475
475
475
475
474
475
476
476
479
481
481
481
481
480
481
481
485
487
493
498
505
511
520
526
534
539
545
548
551
550
551
550
549
549
548
544
542
538
538
534
531
528
526
523
522
519
516
510
507
504
503
502
501
500
500
499
498
495
493
492
491
491
490
490
487
486
483
481
478
478
477
476
474
474
473
471
468
469
467
468
467
469
466
467
465
467
465
467
467
468
469
469
469
470
469
470
470
471
472
474
473
473
473
474
475
475
476
479
480
480
481
479
480
481
485
490
497
503
510
517
526
533
540
543
547
549
551
552
551
551
550
547
545
541
539
536
533
529
527
524
521
519
517
513
509
505
502
501
500
500
500
499
499
498
494
491
490
488
488
487
487
485
484
482
480
479
477
475
475
473
473
473
472
472
471
471
470
469
468
467
467
468
468
469
468
469
468
467
467
469
469
471
470
471
471
471
472
474
474
473
472
473
472
474
477
479
480
481
478
478
478
481
485
492
497
505
512
519
525
532
538
543
547
550
551
551
551
549
547
545
542
539
537
533
530
526
523
520
518
514
513
508
506
502
501
498
498
496
497
495
494
493
493
491
490
488
489
488
488
485
486
484
482
480
479
477
477
475
475
473
473
472
471
471
471
471
471
470
471
471
470
470
470
472
472
472
471
472
471
472
472
473
474
475
473
473
472
475
475
476
477
480
480
480
479
480
479
480
484
490
495
501
509
518
524
531
535
541
543
546
548
548
548
547
544
540
538
536
532
529
527
524
521
518
517
512
509
505
503
502
500
497
497
496
497
495
495
493
493
491
489
488
488
488
488
487
485
482
481
478
478
477
477
476
476
475
474
472
471
472
472
470
471
469
470
470
471
473
473
471
472
470
471
472
473
474
473
475
474
473
473
474
474
474
476
478
477
477
478
478
478
480
482
486
489
495
502
509
515
523
530
538
541
545
545
545
544
544
543
542
539
538
534
531
529
527
523
519
515
514
511
510
506
503
500
500
501
502
503
502
501
500
498
496
495
494
492
490
489
487
487
486
486
483
483
480
480
479
480
478
479
477
477
475
477
475
474
475
476
475
477
476
477
476
476
475
478
479
479
478
480
480
481
481
484
484
486
485
485
483
482
483
487
492
498
506
512
519
526
532
538
543
546
549
548
549
546
546
543
543
538
536
533
530
527
523
520
518
514
512
506
504
501
500
498
497
496
495
494
494
494
494
493
493
492
490
489
489
487
487
486
485
483
481
480
479
478
476
474
474
474
472
472
471
472
472
472
471
470
469
471
470
471
471
472
471
472
472
473
473
474
475
477
477
477
476
476
476
477
479
485
490
498
505
513
520
527
530
535
539
542
544
545
544
543
540
537
533
530
528
527
525
522
518
514
511
508
507
503
500
498
495
492
492
491
491
490
490
488
487
486
486
485
485
484
484
483
482
479
477
475
475
472
472
471
470
468
469
467
467
465
465
465
466
465
466
464
464
462
464
464
466
465
466
466
467
468
469
471
470
472
472
473
473
474
475
481
486
494
501
510
516
523
528
534
536
541
542
542
541
540
537
536
532
530
527
526
523
522
517
514
509
506
502
500
496
495
493
492
489
488
486
486
485
486
485
485
483
482
480
478
477
476
475
473
471
469
468
467
467
465
465
464
463
462
463
462
463
460
461
459
460
459
461
460
462
461
463
463
464
463
465
465
466
466
469
470
471
471
472
471
470
471
474
479
486
494
504
513
521
527
532
536
539
541
543
545
544
544
540
536
533
530
527
526
523
520
516
512
507
504
501
498
495
492
489
488
487
486
484
484
482
482
480
480
479
480
478
478
477
475
473
472
471
469
467
467
466
465
464
463
463
464
464
463
461
462
462
462
462
463
463
463
463
462
463
464
466
466
467
466
465
466
467
468
470
470
473
472
472
470
472
472
476
480
486
492
499
506
515
522
529
535
540
542
544
544
544
542
542
540
537
532
529
526
523
520
517
513
511
507
503
500
496
493
491
490
488
488
487
486
484
484
482
482
481
482
479
479
477
477
474
474
472
470
469
468
467
467
466
466
464
464
462
462
463
462
462
463
462
464
463
463
464
466
464
465
465
467
467
468
468
468
469
470
471
472
472
474
475
474
474
475
476
479
484
487
494
500
509
515
523
528
535
540
545
547
547
544
544
541
541
538
536
532
529
525
524
519
516
511
508
505
503
500
498
495
493
490
491
491
491
490
490
488
486
486
485
485
484
483
482
481
479
477
475
475
473
473
472
473
471
470
469
469
468
468
468
468
468
470
468
469
468
469
469
470
469
471
470
470
470
472
471
472
473
475
476
477
477
476
474
475
477
480
486
493
499
506
512
519
526
532
536
541
543
545
545
543
542
539
537
535
532
530
527
523
520
516
513
509
507
503
501
499
497
495
495
494
493
492
492
492
491
489
489
487
487
486
486
484
484
482
481
479
479
477
477
476
475
472
472
470
470
469
470
470
471
471
469
468
467
468
468
470
471
472
471
470
469
469
470
472
474
476
476
477
474
475
474
479
483
490
498
506
513
520
525
531
534
539
540
541
540
541
538
538
533
531
529
526
523
520
517
514
509
507
506
503
500
496
495
493
491
491
492
493
492
491
490
488
488
487
488
486
486
484
484
482
481
478
478
475
474
472
472
470
470
468
468
466
466
466
468
469
469
468
467
467
467
467
465
466
468
467
468
469
471
469
471
470
469
470
471
475
480
486
493
501
508
514
521
528
533
537
539
540
538
537
536
534
532
529
526
524
521
518
514
509
504
501
498
496
493
492
491
489
487
486
486
487
486
487
485
486
485
483
482
482
481
482
480
481
478
477
475
474
473
472
472
472
472
471
469
469
469
469
469
470
469
469
470
470
471
470
471
472
474
474
476
478
479
476
477
477
478
480
486
492
498
505
513
519
528
534
541
544
547
548
548
546
545
543
541
538
536
531
529
525
522
516
513
508
505
502
500
497
495
493
491
490
491
491
491
490
489
488
486
486
484
484
481
482
479
479
476
475
474
474
472
472
470
470
468
468
467
467
466
467
465
465
464
465
466
466
465
467
468
469
469
470
471
471
471
470
470
471
475
480
486
493
501
510
520
528
536
541
546
548
549
548
547
545
544
539
538
534
532
529
525
521
517
514
511
506
503
499
495
490
489
487
487
486
486
485
485
483
482
481
480
478
477
476
476
473
472
471
468
467
464
463
462
461
461
460
459
458
457
458
456
457
457
458
458
457
456
457
457
459
459
461
461
463
462
462
461
462
464
469
473
481
490
499
509
517
525
533
538
543
544
547
546
545
542
540
536
533
531
530
527
525
520
516
511
508
505
500
497
493
489
485
483
482
481
480
481
479
477
475
475
472
472
469
468
465
464
461
461
459
458
456
455
453
453
452
453
450
452
451
452
452
452
451
452
452
453
453
454
455
456
457
457
458
461
461
462
463
462
464
469
475
483
491
502
510
518
527
532
540
544
548
548
548
544
543
541
540
536
534
529
527
522
519
515
512
507
503
498
496
491
489
485
483
480
478
476
477
476
475
474
473
471
470
467
465
464
464
462
461
458
456
454
454
452
451
451
451
450
450
450
449
449
448
449
449
451
450
451
449
449
450
451
451
454
454
457
457
457
457
457
459
464
470
479
488
498
508
516
523
530
536
541
543
545
545
544
542
539
535
533
529
527
524
522
517
512
508
502
498
494
491
488
486
483
481
480
479
478
477
476
475
475
474
473
472
470
468
466
465
463
463
460
460
458
456
456
455
454
455
453
454
454
454
454
454
453
454
455
455
454
456
456
456
456
457
458
460
462
464
464
464
465
465
467
473
480
487
496
506
515
523
530
537
543
547
549
549
549
547
544
542
539
536
534
529
525
520
517
511
507
503
501
496
493
490
487
484
482
480
482
480
480
479
479
475
475
473
474
472
473
471
470
468
465
464
464
463
462
462
462
462
460
461
460
461
460
461
459
459
458
459
457
459
459
460
459
461
461
462
461
463
464
467
465
467
467
467
469
473
478
485
492
500
508
518
526
533
537
542
544
545
545
544
542
541
538
534
531
527
525
521
518
515
512
508
504
499
497
494
491
489
487
486
487
486
485
483
483
482
481
479
479
477
477
475
474
472
472
471
470
469
467
465
465
464
465
465
465
464
463
462
461
460
461
461
462
464
465
464
463
Loop stopped.
