Output started
30000
517
507
502
500
498
497
495
494
492
490
489
488
486
485
482
481
478
478
475
475
474
473
472
472
470
470
468
466
463
463
460
460
458
458
455
455
453
453
452
452
451
451
450
451
449
449
448
449
448
448
448
448
448
448
448
447
448
448
448
448
450
450
450
450
451
451
452
452
453
452
453
452
453
452
455
453
455
453
455
455
456
455
456
458
462
465
472
477
484
490
497
501
506
512
517
521
526
529
531
530
530
529
527
525
523
522
520
518
517
514
513
511
508
506
503
500
498
496
493
491
488
486
482
479
476
475
473
472
471
470
468
467
465
464
462
460
458
458
457
456
454
455
454
453
452
451
449
450
449
449
448
448
447
447
447
447
446
445
445
445
444
444
444
445
445
444
446
447
446
447
447
447
447
447
447
448
449
449
450
450
451
451
453
452
454
454
456
456
456
456
460
461
465
468
476
482
490
496
502
506
511
515
520
525
529
531
532
531
532
529
526
523
521
519
518
516
514
512
510
507
505
502
498
497
494
493
491
489
486
485
482
480
478
477
475
475
472
472
468
466
463
462
459
457
455
453
451
450
448
446
443
443
440
440
439
439
438
438
436
438
439
439
439
440
440
440
441
442
443
444
445
446
446
446
448
448
449
448
449
448
450
450
452
452
453
453
454
454
456
455
457
456
458
458
459
458
460
460
463
463
466
469
474
479
486
492
498
504
511
517
523
527
531
532
532
530
528
525
522
520
517
514
512
510
507
505
502
500
498
496
493
493
490
488
485
484
480
479
478
477
476
475
473
473
470
468
464
461
457
455
450
450
448
447
446
448
448
449
449
449
448
448
448
449
449
450
450
450
451
451
451
451
451
452
453
454
454
454
454
455
455
455
456
455
455
454
455
455
456
455
457
457
458
458
459
458
459
459
460
460
462
461
462
461
463
464
467
467
472
475
482
488
496
502
510
517
524
529
534
537
539
539
540
537
535
532
530
527
526
523
521
518
515
512
508
504
499
496
493
491
489
487
485
483
479
477
474
473
470
470
468
467
465
464
461
460
458
457
455
453
452
452
449
449
447
446
446
446
445
445
444
444
442
443
442
443
442
443
443
444
444
443
445
445
445
445
446
447
447
447
447
447
449
448
450
449
450
450
452
451
453
452
455
454
456
455
456
456
457
457
459
459
461
462
465
468
473
477
485
490
498
505
513
520
527
532
536
538
539
538
537
535
532
529
528
525
522
520
518
515
512
508
504
502
499
499
495
492
488
486
482
479
476
474
471
470
468
467
465
464
462
460
457
455
452
451
448
446
443
443
441
440
438
437
435
435
434
434
434
433
433
435
434
435
435
436
435
436
436
437
438
439
440
441
442
442
444
444
444
444
445
446
447
446
448
448
450
450
451
452
453
453
455
454
456
455
458
458
458
458
461
463
466
468
473
478
485
492
498
504
512
518
525
530
536
538
540
540
540
537
534
531
528
525
523
522
519
517
515
512
506
503
500
496
493
490
487
485
481
478
474
472
468
468
466
467
464
463
460
459
456
455
453
452
451
450
448
447
445
445
444
443
442
443
441
441
440
440
439
440
440
441
440
439
439
440
440
440
440
440
441
441
442
442
444
443
444
444
444
445
447
446
448
448
449
451
452
452
454
454
455
454
456
457
458
458
459
459
461
461
464
464
468
469
475
478
485
491
498
504
511
517
524
530
536
539
541
542
541
538
534
531
529
526
522
519
518
514
513
510
506
504
498
495
493
490
488
488
485
483
479
477
472
472
468
469
468
468
466
465
463
462
459
458
456
456
455
455
452
452
450
450
449
449
448
448
446
447
446
448
447
446
447
446
447
447
446
446
447
447
447
447
448
448
449
449
450
449
451
449
449
449
451
451
451
451
451
451
452
451
453
453
454
454
455
454
456
456
456
457
459
460
463
467
472
477
485
492
499
504
512
518
525
529
535
538
539
540
538
537
533
531
528
525
523
522
519
516
513
511
507
505
502
499
497
495
493
491
488
487
484
482
480
478
476
475
473
472
469
468
464
462
459
458
455
455
453
453
449
449
449
448
446
446
444
445
444
445
443
444
444
444
444
445
445
445
445
446
447
447
449
449
450
450
450
449
451
449
450
450
450
451
452
452
453
452
454
455
455
455
457
455
457
457
459
459
460
460
460
460
462
464
468
470
475
481
488
495
503
508
514
520
528
532
537
541
544
544
542
540
537
533
529
527
523
522
519
517
514
513
508
506
502
501
497
496
494
492
489
487
484
484
481
480
476
476
474
472
470
469
465
464
461
461
459
458
455
454
453
452
450
449
448
447
447
447
445
445
444
444
444
446
446
446
446
445
446
446
446
447
449
448
450
449
450
450
451
450
452
451
451
451
452
451
453
454
455
455
457
456
458
458
458
459
460
460
460
461
462
461
462
463
466
467
471
474
481
486
494
500
508
513
520
526
531
536
540
542
541
539
536
535
531
529
525
524
521
518
515
515
510
509
504
502
498
498
495
494
490
488
485
485
481
481
481
480
478
478
475
475
473
473
470
469
466
465
462
462
459
459
457
455
453
453
451
451
450
449
449
448
447
447
447
447
448
448
448
448
449
450
450
450
452
452
452
451
452
451
453
452
453
452
455
454
456
456
457
456
459
458
460
460
460
460
463
463
464
464
465
466
468
470
473
476
482
487
495
503
510
517
523
530
535
539
541
542
541
539
536
533
529
526
523
521
518
515
510
509
504
501
497
495
492
491
489
487
483
482
480
480
479
479
477
477
475
473
471
470
467
466
463
463
460
459
457
456
454
454
452
452
451
451
450
449
448
449
447
447
446
445
445
445
446
446
447
447
448
448
448
447
449
448
449
448
450
449
450
450
450
450
451
450
451
451
452
452
454
454
455
455
457
458
459
459
460
460
462
464
468
472
479
484
493
501
509
516
525
531
537
542
544
546
546
544
541
541
538
537
534
533
530
527
523
521
517
514
509
507
503
501
497
495
491
489
484
482
479
476
472
472
469
469
466
463
462
460
457
456
454
452
452
450
447
447
443
442
441
441
440
439
438
437
437
437
437
438
437
437
438
438
438
438
439
440
442
442
442
442
445
444
445
444
445
444
446
446
447
447
447
446
448
448
448
448
450
450
451
452
453
452
455
457
460
463
468
474
482
490
499
508
516
523
532
537
543
545
547
546
544
543
540
538
536
534
533
531
528
526
522
519
514
510
504
500
494
491
486
483
477
474
470
467
464
462
460
459
457
456
454
453
451
448
446
444
441
441
439
438
437
436
434
434
434
435
434
435
434
433
431
429
427
427
426
428
427
427
428
428
430
429
430
431
434
433
434
434
436
435
437
437
440
440
443
443
445
446
448
448
450
451
453
453
454
454
456
456
458
459
463
467
474
480
490
498
508
515
525
531
538
542
547
549
550
548
546
544
541
539
536
534
530
529
525
521
516
512
507
502
495
491
485
481
476
472
467
465
461
460
456
454
452
450
448
446
445
443
440
438
436
435
432
432
429
430
428
427
426
426
424
424
424
424
424
425
424
426
426
427
428
429
430
432
433
433
435
436
437
437
439
440
441
442
444
444
445
444
446
445
446
447
448
448
451
450
451
451
452
453
455
454
455
455
457
459
462
466
471
477
487
495
504
511
519
525
532
537
542
544
545
543
541
538
535
533
531
528
527
524
521
519
515
510
505
501
496
493
488
485
480
475
471
470
466
464
461
460
457
457
454
453
451
450
447
446
444
442
440
438
436
434
433
433
432
432
430
432
431
431
431
432
431
432
432
433
433
433
434
434
435
435
435
436
437
438
439
440
442
441
441
441
442
441
442
441
443
443
444
444
445
445
448
449
450
450
452
452
453
453
455
454
457
459
462
465
469
473
481
487
496
503
511
517
524
530
535
539
541
540
539
536
533
531
528
527
525
523
520
518
513
510
505
501
497
493
489
488
484
482
477
475
471
469
467
466
463
463
461
460
458
456
453
452
449
449
448
446
444
444
443
443
441
441
440
440
439
440
440
440
439
439
440
442
441
442
443
444
444
445
446
446
448
448
448
447
449
450
451
450
451
451
451
451
453
452
454
453
455
454
457
455
457
456
458
457
459
460
461
461
463
462
463
465
467
470
475
479
486
491
498
503
510
515
520
525
530
532
534
533
532
530
527
524
524
522
520
519
515
513
511
509
505
503
499
497
494
493
489
487
484
482
479
478
475
474
473
473
472
471
467
465
463
461
460
459
456
456
454
454
453
453
452
451
450
450
450
450
449
450
450
450
450
450
451
450
451
451
451
451
454
454
453
453
454
454
455
454
455
454
456
455
457
456
458
457
459
459
460
460
461
461
462
462
463
462
464
463
464
464
465
465
465
466
469
470
473
476
482
487
493
498
504
509
513
518
522
525
528
530
530
530
528
526
523
521
518
516
514
513
511
510
508
506
502
501
498
496
494
494
492
491
488
487
485
484
481
481
479
480
478
477
475
474
472
471
469
468
466
466
464
464
463
463
461
461
459
460
459
458
458
458
458
458
458
457
458
458
458
457
458
457
458
457
458
456
457
456
457
456
457
455
457
456
458
457
457
458
459
458
460
458
460
460
461
461
462
461
463
463
463
464
465
467
469
471
475
479
485
491
498
502
507
511
517
521
525
528
530
532
532
532
530
527
524
523
520
520
517
517
514
513
510
509
505
503
500
499
496
496
493
492
488
487
484
484
482
481
480
480
478
477
475
474
471
471
469
468
466
465
464
464
462
460
458
458
457
456
456
456
456
455
456
455
456
455
456
456
457
456
456
456
456
455
456
455
457
456
457
456
456
457
458
457
456
455
458
457
459
458
460
458
461
460
460
461
462
461
463
463
463
462
464
465
468
470
476
481
488
493
499
504
509
513
517
523
527
531
532
533
532
530
528
526
523
522
518
517
515
513
510
511
508
507
505
503
501
501
499
497
495
493
489
488
486
485
482
482
481
480
478
477
473
472
470
469
467
466
464
463
461
460
460
459
458
457
456
455
455
455
454
455
454
453
454
455
456
456
458
456
457
456
456
455
456
455
456
455
456
456
458
459
460
460
462
463
464
463
465
464
465
463
464
464
465
465
467
467
468
468
469
469
472
473
475
480
487
495
500
508
513
518
524
530
533
535
536
536
534
532
529
526
523
520
516
515
512
511
508
507
504
502
500
498
495
494
492
491
487
487
485
484
483
485
486
485
484
482
480
478
476
475
474
473
471
470
467
466
463
461
459
458
456
456
455
454
454
453
453
453
453
453
452
452
451
451
453
453
453
453
453
453
454
453
454
454
455
454
456
456
458
457
459
459
460
460
461
461
462
462
463
462
464
464
464
464
467
469
470
472
477
482
490
498
505
513
520
527
532
538
542
544
544
545
542
539
535
532
527
523
519
517
513
513
511
510
506
504
500
497
494
492
489
487
483
481
477
476
474
475
474
475
474
472
470
469
465
464
461
460
457
456
454
453
452
451
449
448
446
446
445
444
444
444
444
443
445
445
446
445
446
446
447
446
448
447
448
449
450
449
451
451
451
452
454
455
459
460
462
461
461
461
460
458
458
457
457
458
459
458
459
460
463
465
468
472
479
485
494
502
510
517
524
531
538
542
544
545
545
543
541
539
535
534
534
532
530
527
523
520
516
514
509
505
500
497
493
491
487
485
482
480
476
475
473
472
471
470
468
467
464
463
460
459
457
456
453
453
451
450
446
446
444
444
443
442
442
441
441
442
443
442
442
443
443
442
443
443
446
445
446
447
447
446
447
447
447
447
448
447
448
448
449
449
451
450
452
451
453
452
454
454
455
454
456
455
458
459
462
463
468
475
483
491
500
507
515
521
530
535
539
542
543
541
539
538
535
532
530
528
526
524
522
519
516
513
509
506
500
498
493
491
486
483
479
477
473
471
469
468
465
464
460
459
456
455
452
451
448
447
445
445
443
442
441
440
438
438
438
437
437
437
436
436
436
437
437
438
438
437
438
438
439
440
441
441
442
443
443
445
445
444
446
446
448
447
449
449
451
449
450
450
453
453
453
453
455
455
456
455
457
458
461
463
467
471
477
485
494
501
510
516
525
530
537
540
544
544
543
540
538
536
533
531
527
526
523
521
518
516
512
509
504
500
497
494
490
488
483
481
476
475
472
471
467
467
466
464
462
461
457
456
454
453
451
451
449
448
446
446
444
443
443
442
441
441
440
441
441
441
440
440
440
440
440
441
440
441
441
442
443
441
442
443
444
444
445
445
447
446
448
448
449
449
450
450
451
451
452
452
453
453
455
455
457
457
459
459
463
465
469
475
484
492
500
508
517
522
530
534
540
543
546
545
544
542
539
536
533
529
528
525
522
519
516
513
509
505
500
496
493
491
487
486
482
480
477
475
473
472
470
469
467
466
463
463
460
459
456
455
452
452
449
449
446
445
443
443
442
442
442
442
441
441
440
442
442
442
443
442
443
443
443
443
444
444
446
445
446
446
447
447
448
448
448
448
450
449
449
450
451
451
453
452
453
453
454
454
455
455
456
458
460
464
470
475
484
492
500
506
514
521
528
533
537
540
543
542
542
539
536
533
529
527
524
522
519
517
515
511
507
504
502
499
496
493
491
488
485
484
480
Loop stopped.
