Output started
30000
571
576
580
582
585
587
588
590
589
588
585
585
581
579
576
574
570
567
561
559
555
552
549
546
542
541
538
537
535
534
532
531
530
530
527
528
527
527
526
527
526
525
526
525
525
523
523
522
523
522
521
521
521
521
521
520
520
521
520
521
521
521
522
520
521
520
522
521
523
523
526
530
536
542
550
558
565
570
576
579
582
583
584
584
584
582
580
577
575
572
571
567
564
561
558
553
550
547
543
542
539
537
536
535
534
533
532
532
531
531
531
530
530
530
528
528
527
527
525
525
524
523
522
521
521
521
520
520
519
518
517
519
518
519
519
520
520
520
520
521
521
522
522
523
523
527
530
536
543
552
561
568
574
579
582
585
586
587
586
586
585
583
580
579
576
574
571
567
564
561
558
554
550
546
542
539
538
536
535
533
533
533
532
530
530
528
528
527
527
525
526
524
524
522
523
522
521
519
519
517
518
516
516
515
516
516
516
516
516
516
515
516
516
517
518
520
519
519
520
521
523
528
534
543
551
559
566
573
575
579
581
584
584
585
584
584
583
581
579
578
574
572
568
566
561
556
551
546
543
541
538
536
535
533
532
531
530
529
528
527
527
527
526
526
526
524
523
521
520
518
518
516
515
515
514
513
513
513
513
512
512
511
511
511
512
511
513
512
513
513
514
514
515
515
516
516
519
519
524
529
538
545
556
562
569
574
579
580
584
584
585
586
585
585
583
581
577
575
572
568
564
560
557
553
549
546
543
538
535
533
530
529
527
526
524
524
523
522
522
520
519
519
517
517
514
515
514
515
513
513
512
512
510
511
510
510
509
510
509
509
509
509
508
509
510
511
511
512
513
514
514
514
515
516
516
517
518
519
522
527
534
541
551
559
568
575
581
585
588
591
592
592
593
591
591
588
587
582
580
576
573
567
564
558
553
548
545
540
538
535
532
530
529
527
527
525
525
523
523
522
521
520
518
517
516
515
515
515
514
513
512
513
511
512
510
509
509
510
508
509
509
510
509
510
509
510
511
512
514
515
514
515
516
517
517
518
517
520
521
523
527
532
540
549
558
567
573
579
584
586
589
592
593
593
593
591
589
587
583
581
577
574
570
566
562
557
553
548
544
541
538
535
533
531
529
527
527
525
524
523
522
521
519
518
517
517
517
515
514
513
513
511
511
509
510
510
511
510
511
510
510
510
510
511
512
511
512
512
513
513
514
514
514
516
516
516
517
517
518
519
520
522
527
533
541
550
559
567
574
581
584
587
590
592
593
593
592
591
587
585
582
579
576
573
569
565
559
555
550
547
541
538
535
532
528
527
525
525
522
522
521
521
520
519
518
518
517
516
516
515
515
514
514
514
513
513
513
513
513
512
513
512
513
512
514
512
513
513
515
515
517
516
517
516
518
518
519
518
519
520
522
522
525
529
536
542
551
560
567
573
578
582
586
586
588
588
587
586
583
582
580
577
574
572
568
564
559
556
551
547
543
540
537
537
534
533
531
530
529
528
527
526
525
526
525
524
523
522
521
521
520
520
519
518
518
518
517
516
515
515
515
515
514
515
514
515
515
515
516
518
518
519
520
520
520
521
522
523
523
524
525
529
534
542
551
559
568
573
578
581
584
586
588
589
589
588
587
585
583
581
578
574
571
567
563
558
554
549
547
542
540
537
536
534
533
532
531
530
529
528
528
525
526
524
523
523
521
520
521
521
521
519
519
518
518
517
516
516
516
515
514
516
515
516
516
518
517
519
518
519
519
520
519
521
520
522
523
525
530
537
545
553
560
566
572
578
581
584
584
586
585
587
585
584
582
581
578
575
571
569
565
561
558
553
548
545
542
540
538
535
533
531
530
528
528
526
526
525
524
523
523
521
521
520
520
518
518
516
516
515
515
513
514
513
513
513
513
512
513
512
513
513
514
514
514
514
514
514
516
517
517
517
519
522
527
533
541
550
557
563
569
575
577
580
581
582
581
583
581
580
578
577
573
572
569
566
563
559
555
551
546
543
540
539
536
535
533
532
530
529
528
528
526
525
525
523
522
522
521
521
520
519
519
518
516
516
515
513
513
513
514
513
513
512
513
514
514
513
514
514
515
515
516
517
518
517
519
519
521
524
527
533
541
548
556
562
568
572
576
577
580
581
583
581
581
579
578
576
574
571
570
565
561
557
554
549
545
541
539
537
534
531
531
528
526
525
524
524
522
522
521
520
520
518
517
517
515
516
515
515
513
514
513
513
512
513
512
513
513
514
513
514
513
515
514
516
515
517
518
519
518
519
519
521
521
523
526
532
538
546
553
560
567
573
577
580
583
585
586
587
586
586
584
583
580
578
576
573
570
565
562
558
554
550
547
543
542
537
537
533
533
531
530
528
527
526
525
524
523
521
521
520
518
517
516
514
514
513
513
512
512
511
511
511
511
512
511
511
511
512
512
513
512
513
513
513
513
515
514
516
517
518
518
522
524
529
536
545
553
561
565
571
576
579
581
583
584
584
582
583
581
580
577
575
573
570
567
564
559
554
550
546
543
539
536
534
532
531
529
527
526
526
524
523
522
522
522
521
520
519
519
519
517
517
515
515
514
513
513
513
514
513
514
514
514
514
515
514
515
515
515
516
517
517
517
517
518
518
519
520
522
524
529
535
544
552
561
567
573
577
581
582
585
586
586
584
584
582
580
577
575
572
569
565
562
556
552
549
545
542
538
536
532
532
530
529
528
527
525
525
524
524
522
520
519
519
518
518
516
516
515
515
514
514
512
514
513
514
512
513
513
513
513
515
515
515
516
515
516
516
516
517
517
517
517
519
520
523
527
533
542
550
558
565
572
575
581
582
584
584
586
584
583
581
580
577
574
571
569
565
562
557
553
548
545
541
540
536
534
531
530
528
527
526
526
524
524
523
522
521
520
520
519
518
517
516
516
516
515
515
514
514
513
514
514
515
514
515
514
516
515
516
516
516
516
517
517
518
517
519
520
521
522
526
530
537
545
554
562
570
576
581
584
586
586
586
586
585
584
584
581
580
576
573
570
567
563
558
554
550
546
543
540
536
534
532
530
528
527
526
525
524
523
522
520
518
518
517
517
515
515
513
512
511
511
509
510
509
509
508
507
506
507
507
507
506
508
508
510
510
511
511
513
512
514
512
514
515
518
522
527
535
543
550
557
563
568
572
575
576
577
578
579
578
577
576
574
572
570
568
565
561
556
553
548
545
542
539
537
535
532
531
529
529
526
527
525
525
524
523
521
522
520
520
520
519
518
517
516
516
515
516
515
514
513
513
513
513
513
513
513
513
514
514
514
515
516
516
516
516
518
518
519
519
521
522
526
529
537
544
551
557
563
567
571
574
576
577
579
579
580
577
577
575
573
571
570
566
563
560
556
552
549
547
544
541
539
537
534
533
532
530
529
528
528
527
526
526
524
523
523
523
522
523
522
522
520
521
519
520
518
517
516
518
517
518
518
518
518
518
518
518
517
517
519
520
519
520
520
521
521
522
524
526
529
535
542
548
554
561
564
568
571
573
576
577
577
576
576
575
574
572
570
568
564
562
560
555
553
548
546
543
540
538
537
535
535
533
532
531
530
528
529
527
528
527
527
526
525
523
523
522
523
524
524
523
523
521
522
521
523
522
523
523
523
522
522
522
522
523
524
523
524
524
524
525
525
525
526
527
528
533
538
544
550
557
562
566
569
571
573
575
575
577
578
578
576
576
575
574
571
570
566
564
560
557
553
551
547
545
543
541
541
539
537
537
536
535
534
533
532
531
531
530
529
527
526
525
525
524
524
523
522
521
521
520
520
519
519
518
519
518
519
517
518
518
519
518
520
519
519
519
521
521
522
523
526
526
530
534
540
545
552
559
564
567
570
572
575
576
578
579
580
580
578
576
575
573
572
570
567
565
560
558
555
552
549
547
544
544
542
542
539
538
535
534
533
532
531
530
529
529
529
528
526
526
525
524
524
524
523
524
522
523
522
522
523
524
523
524
523
523
523
524
524
525
524
525
525
525
526
527
527
528
528
530
534
540
545
551
558
561
565
569
572
574
576
577
579
578
578
577
576
575
574
572
570
567
565
562
559
556
554
550
548
545
544
541
541
539
538
536
536
534
534
532
532
531
531
529
528
528
527
526
525
524
524
523
523
522
521
521
521
522
522
521
521
522
520
520
520
521
520
521
521
522
522
523
522
524
524
526
529
535
540
548
555
562
565
571
572
575
576
578
577
578
576
577
575
575
572
570
567
565
563
560
556
552
551
547
545
544
541
540
539
537
537
537
535
533
533
532
533
531
531
530
530
529
529
527
528
526
525
524
524
522
522
523
521
522
521
521
522
521
522
521
522
522
523
523
522
522
523
523
524
525
528
533
539
546
553
560
565
569
572
575
576
578
579
580
579
579
577
577
575
572
569
567
564
560
556
552
548
546
543
541
538
538
536
535
535
534
533
532
530
529
528
528
526
526
524
525
524
523
521
522
520
519
518
518
517
517
517
516
515
516
516
516
515
515
514
515
515
516
516
516
516
516
519
519
524
530
537
544
552
559
565
568
571
573
575
576
576
576
577
575
576
573
573
570
569
566
565
560
557
553
551
547
545
542
540
538
537
534
534
533
531
530
528
527
527
526
525
524
524
523
522
521
520
520
518
519
517
518
517
517
516
517
515
517
516
516
515
516
514
515
514
515
514
516
515
517
519
523
527
535
542
549
554
560
563
567
568
570
570
571
570
570
570
569
568
566
565
562
560
558
554
550
547
542
540
539
536
534
532
530
529
527
527
526
525
523
523
522
522
521
520
519
519
518
518
516
516
514
514
514
514
513
513
513
512
513
514
514
514
514
514
513
515
515
516
516
517
517
518
518
520
525
530
536
543
550
556
561
565
567
570
572
572
573
573
572
570
569
569
567
565
564
560
559
555
552
548
545
542
540
538
536
534
533
530
529
527
526
525
525
523
522
520
521
520
519
518
517
516
516
516
514
514
513
513
513
511
511
511
512
512
512
512
513
513
513
513
513
514
514
514
514
515
515
516
517
520
525
530
537
543
549
555
559
564
566
568
569
572
572
574
573
573
572
571
569
569
566
564
561
558
553
551
548
545
542
540
538
536
535
535
534
531
531
529
530
528
527
527
526
525
525
523
523
521
521
521
520
519
519
517
518
517
517
516
517
516
518
516
517
517
518
518
519
518
518
518
518
518
518
519
520
520
522
524
529
534
541
548
553
559
562
566
570
572
574
577
577
578
577
578
575
574
573
572
569
566
563
561
557
553
549
548
544
543
541
539
537
536
535
534
533
532
532
531
530
530
528
527
525
525
525
524
524
523
522
523
521
521
521
522
522
521
520
520
518
518
518
518
519
518
519
520
520
520
520
520
521
520
521
521
523
524
525
527
532
536
543
549
555
560
564
567
569
571
573
573
576
575
575
574
573
572
572
570
569
566
564
560
558
554
551
547
546
543
542
540
540
538
536
535
534
533
532
532
530
528
529
528
527
526
525
525
524
524
523
523
522
522
521
521
520
521
520
521
520
521
519
521
521
521
521
523
522
523
523
524
523
525
524
525
525
527
527
528
529
532
535
541
546
552
558
562
565
567
569
570
572
573
573
573
573
572
571
570
570
567
566
563
562
559
557
553
552
549
547
544
544
542
541
540
539
537
537
537
537
535
535
533
533
531
531
530
530
530
529
528
529
527
527
527
526
526
525
527
526
525
526
526
525
525
526
526
526
526
526
526
526
527
526
527
526
528
528
528
529
531
533
537
541
546
552
557
560
564
566
568
570
571
572
572
572
572
572
571
570
569
568
567
565
563
559
557
554
552
549
547
546
544
543
542
541
541
539
539
538
538
537
537
537
536
536
535
533
533
533
532
533
532
531
532
532
531
530
530
531
530
530
530
530
529
529
530
530
530
530
529
531
530
531
530
531
530
532
532
533
533
534
535
539
543
549
554
559
562
565
566
568
569
570
571
572
571
571
570
569
569
567
566
566
565
562
560
556
555
551
550
549
548
545
545
543
544
543
542
541
541
539
540
539
539
536
537
535
536
534
535
534
534
533
533
532
533
532
531
531
530
530
530
531
531
531
530
530
531
532
531
532
532
533
532
533
533
534
533
534
535
536
537
541
544
549
554
562
565
570
572
575
576
578
578
580
578
578
578
577
575
574
571
570
568
566
563
561
557
554
551
549
547
545
544
543
542
541
540
539
538
537
537
537
536
536
535
534
534
533
533
534
533
532
532
531
531
530
530
530
530
529
531
530
532
531
531
531
532
532
532
532
532
532
532
533
533
533
535
535
538
541
547
553
560
565
570
573
575
576
578
579
579
578
579
577
576
575
574
572
570
566
564
561
557
555
551
549
548
546
544
543
541
541
540
539
539
538
538
537
537
537
536
536
535
535
534
534
533
533
533
533
532
532
531
531
531
531
531
530
530
531
531
530
530
531
532
531
531
532
531
532
532
533
535
539
544
551
557
563
568
572
576
578
580
580
582
581
581
581
580
578
577
575
573
570
568
565
563
559
555
551
549
546
544
541
542
540
540
539
538
537
537
536
536
534
534
534
534
533
532
533
532
531
531
531
530
529
528
528
526
527
527
527
526
528
526
Loop stopped.
