Output started
30000
474
465
462
462
461
460
459
461
460
461
458
459
458
459
459
460
459
461
460
462
462
463
462
464
464
465
464
465
465
467
466
468
467
467
467
470
470
473
475
478
483
488
495
504
514
524
534
542
548
551
552
547
542
535
530
524
521
515
511
505
502
497
495
491
489
487
487
484
484
480
478
477
478
478
480
481
482
481
482
481
481
480
480
480
479
477
475
473
470
468
466
465
464
464
462
462
462
462
463
464
464
465
466
467
467
468
468
469
470
471
471
472
472
473
473
474
474
475
475
476
477
479
479
483
485
488
494
500
507
517
527
538
546
552
556
555
552
549
542
537
530
525
518
512
505
501
496
493
490
488
485
483
480
478
475
474
474
474
476
476
477
478
478
477
476
477
476
475
474
472
471
470
468
467
465
463
463
462
461
460
461
461
460
460
462
462
463
462
463
462
465
464
466
465
467
466
469
469
470
470
471
472
472
472
473
473
474
475
478
482
487
495
504
515
526
537
545
550
553
553
550
547
542
535
529
524
517
511
503
499
492
489
485
484
481
480
476
474
472
473
471
473
473
474
475
476
476
476
476
477
475
474
473
473
469
468
465
465
462
461
461
459
459
458
458
457
457
457
458
458
459
459
460
460
463
462
464
464
466
465
466
466
466
466
468
469
470
469
471
472
476
479
483
489
496
506
517
528
538
546
551
553
552
549
546
539
533
526
519
512
506
501
496
491
488
485
482
480
477
475
474
472
471
471
470
472
473
473
473
474
473
475
474
474
473
473
470
469
467
465
463
463
461
460
458
458
457
459
458
459
458
460
460
462
461
462
462
463
462
464
463
466
465
465
465
466
466
468
468
470
470
472
472
475
478
483
488
496
505
516
527
537
544
548
551
551
548
543
539
532
526
519
513
506
501
495
492
488
486
483
480
478
477
472
472
470
470
470
472
472
473
474
475
475
475
474
474
474
474
472
472
469
468
466
465
464
463
462
463
462
462
462
461
461
461
462
462
463
462
464
464
465
465
466
465
467
466
467
466
467
467
469
469
472
471
474
475
478
480
485
490
497
506
518
528
538
546
551
553
553
550
546
540
533
526
520
513
507
500
495
490
486
483
480
479
477
475
472
471
470
471
470
472
472
475
475
477
477
478
477
478
476
476
474
472
470
470
467
467
466
465
463
463
462
462
462
462
461
461
461
462
463
463
463
464
464
464
464
466
466
466
466
465
467
467
469
470
472
473
472
475
476
478
481
485
489
494
501
511
522
532
542
548
553
555
554
550
545
538
533
525
520
512
508
501
496
491
488
485
482
478
477
473
472
471
471
472
475
476
479
481
483
483
483
482
480
480
480
479
478
476
473
470
468
467
467
465
465
466
465
465
464
464
463
462
461
463
461
464
463
466
465
467
467
468
468
470
469
471
472
474
474
475
474
476
477
479
481
484
487
491
494
499
504
512
520
529
537
545
552
554
555
554
550
545
539
532
528
523
518
511
507
500
496
491
489
485
483
480
479
477
477
475
476
475
478
478
479
480
481
481
482
481
482
479
478
477
476
475
474
471
471
468
468
466
466
465
465
463
462
461
462
462
462
463
464
464
464
464
466
466
468
472
471
472
472
473
473
474
475
476
476
477
478
481
483
487
490
495
501
510
521
533
542
551
557
560
558
556
551
545
539
533
527
521
514
508
501
498
494
492
487
485
481
480
478
477
476
477
477
478
478
481
483
485
485
486
486
485
483
481
481
478
476
474
474
472
472
471
471
469
469
468
469
467
467
467
468
468
469
467
468
468
469
469
471
471
472
471
473
473
475
474
475
476
477
476
478
480
483
485
489
493
501
507
516
529
540
548
554
557
557
556
553
548
542
536
530
523
517
511
503
500
495
492
489
488
484
483
481
480
479
479
479
480
481
483
484
485
486
486
485
484
482
481
480
479
477
476
474
472
471
469
469
467
466
466
465
465
465
464
464
464
464
464
466
466
467
467
470
470
470
469
469
469
470
470
471
472
474
475
477
477
480
484
491
496
506
515
528
538
547
552
557
556
556
551
547
540
533
526
520
513
509
503
498
494
491
488
487
484
482
479
477
477
477
479
480
481
483
484
485
486
486
486
486
484
483
481
479
476
474
473
471
471
469
469
468
468
465
465
466
466
466
467
466
468
467
468
467
469
469
470
471
471
471
473
473
476
476
477
477
479
481
483
486
491
496
503
512
523
534
544
551
557
559
559
555
549
544
536
528
520
514
507
503
498
495
490
488
485
484
481
480
478
478
477
479
479
482
483
484
484
485
484
485
484
483
481
480
477
476
473
471
469
469
467
467
465
464
464
464
463
465
465
464
464
463
464
465
465
466
466
466
468
466
468
468
470
470
472
472
475
475
479
481
488
494
504
513
525
535
545
550
554
553
551
546
541
535
528
521
515
508
503
497
494
489
486
484
483
480
479
477
475
473
474
473
474
475
476
477
477
477
477
476
475
475
473
470
469
467
465
464
461
460
458
458
455
457
456
457
457
458
457
457
456
458
457
459
458
461
461
461
460
462
462
465
466
467
467
469
469
474
478
484
491
501
511
523
533
543
550
553
555
552
548
542
536
528
522
516
510
503
497
492
490
487
486
483
483
480
478
475
472
470
470
468
469
470
472
472
474
473
474
472
472
471
472
468
469
466
465
462
461
458
458
456
456
455
455
454
454
454
454
454
455
455
455
456
457
458
459
458
459
462
462
463
463
465
465
466
467
470
473
479
484
492
500
512
523
535
543
551
552
552
550
545
539
533
527
521
514
509
503
498
494
491
488
486
483
481
479
476
473
470
469
469
468
469
470
471
472
472
473
472
472
470
469
467
466
464
462
459
458
456
456
454
454
453
454
453
453
453
453
454
455
455
455
455
456
456
458
459
460
460
461
462
461
463
464
465
466
468
469
470
474
479
485
493
502
511
523
534
544
550
553
552
549
544
539
533
527
522
517
513
508
503
498
494
491
488
485
483
479
479
476
475
473
473
472
473
475
476
476
478
478
479
477
476
475
474
472
471
469
467
464
462
461
459
458
458
456
457
456
457
456
456
456
457
455
456
455
456
457
457
456
457
458
459
460
460
462
463
464
464
465
466
469
470
476
480
488
494
505
515
529
539
548
554
557
555
553
546
541
533
529
522
518
512
508
502
498
495
492
490
490
489
487
484
482
479
478
478
479
481
482
484
486
485
485
484
483
482
479
478
474
473
470
467
464
463
462
461
458
459
457
457
456
456
456
456
454
455
452
452
451
452
450
450
450
451
451
453
453
455
456
459
461
465
469
476
483
491
501
513
523
533
540
545
545
543
538
533
527
522
516
511
505
502
497
493
490
487
486
485
483
482
480
477
477
476
477
477
479
479
482
482
483
483
484
481
482
479
478
475
474
472
470
468
466
463
462
460
461
459
459
459
459
458
458
456
458
458
458
458
459
457
457
456
457
458
459
461
462
464
466
470
474
480
487
498
508
520
527
536
541
545
542
539
535
531
524
518
512
507
501
496
491
487
483
482
478
477
476
475
474
475
472
474
474
475
476
477
478
479
480
481
479
481
479
479
478
477
475
474
472
470
469
467
468
467
467
465
465
465
465
464
466
465
466
465
467
467
468
467
469
470
473
474
475
475
476
477
479
482
486
491
499
507
519
528
538
545
552
554
553
549
544
538
531
524
518
511
505
500
495
492
488
486
484
483
481
481
479
479
478
480
480
483
483
484
483
484
483
484
483
483
481
481
479
478
475
473
471
470
468
468
466
466
465
465
465
466
465
465
465
465
466
467
467
467
467
468
469
471
471
472
473
474
474
476
478
480
485
491
497
507
518
529
539
547
553
555
554
551
547
542
537
528
521
513
507
502
498
493
491
488
487
485
485
480
479
477
478
476
477
476
478
476
477
478
479
479
479
479
480
478
477
476
476
473
473
471
471
469
469
467
466
465
465
465
465
465
465
466
465
468
468
469
469
470
471
472
471
473
472
473
473
475
477
479
482
488
495
506
516
528
537
544
548
552
549
548
543
537
529
523
515
508
501
496
490
487
484
482
480
479
478
477
475
473
472
472
474
475
478
478
480
480
481
480
481
481
480
478
477
474
473
471
470
468
468
466
467
465
464
464
465
463
464
464
465
465
467
466
467
466
468
468
469
469
471
472
473
473
475
476
478
480
484
489
498
506
516
527
537
545
549
550
550
545
540
535
527
520
512
506
500
496
491
489
484
483
480
478
475
473
472
472
471
473
474
477
478
480
481
483
484
484
482
482
481
480
479
478
475
473
472
471
469
467
465
465
465
465
465
465
465
466
466
468
469
469
470
471
471
472
473
473
474
475
476
477
478
478
480
481
485
488
494
500
510
520
533
541
548
550
551
550
546
540
534
526
522
514
508
501
496
490
486
482
481
480
479
475
475
473
473
473
474
475
477
479
480
481
482
482
482
483
482
481
479
479
477
476
475
474
472
472
471
471
470
469
468
470
469
470
471
470
470
471
471
473
472
473
473
473
472
473
474
476
477
478
479
479
480
483
485
488
492
499
507
517
527
538
546
554
557
557
555
551
545
538
531
524
517
510
504
498
494
490
488
485
482
479
478
476
475
474
477
477
479
481
483
483
485
486
487
485
485
485
485
483
481
479
479
477
476
474
475
473
473
472
473
473
473
471
472
471
472
472
474
474
475
476
476
476
477
477
478
479
479
481
481
481
483
485
486
488
492
496
502
509
517
526
535
545
551
556
556
556
551
546
540
534
527
522
515
509
502
498
492
490
488
486
483
481
478
478
478
479
480
483
484
486
487
488
488
489
489
490
490
489
487
485
485
483
482
481
481
479
477
477
475
474
475
473
474
473
473
472
473
472
473
473
474
475
477
477
477
477
477
478
480
480
481
482
484
484
487
488
492
496
504
510
521
530
541
549
554
557
557
554
550
544
538
531
525
518
513
506
500
496
493
490
487
485
483
482
481
480
479
480
481
485
486
489
490
492
491
492
491
490
489
487
486
485
482
481
479
478
477
477
475
475
476
476
475
476
476
476
475
476
476
476
476
477
477
477
477
478
479
480
480
481
482
483
484
486
488
491
493
497
503
510
520
529
540
547
553
554
556
552
549
543
537
530
525
519
514
506
502
497
493
490
489
486
484
481
479
479
480
481
484
486
488
489
491
492
493
493
493
492
492
492
491
490
488
486
484
481
480
478
477
476
475
475
474
475
474
474
474
475
475
476
475
477
476
476
475
477
477
477
478
478
479
480
481
484
486
488
491
496
502
510
519
530
539
549
554
556
555
553
549
544
537
531
524
518
511
506
501
496
492
489
487
485
483
481
480
480
480
481
483
483
485
486
489
489
490
489
490
489
489
487
486
484
485
483
482
481
480
479
479
476
476
475
476
475
475
473
474
473
472
473
474
474
475
476
477
478
480
480
481
483
484
484
487
488
491
495
500
508
517
527
537
547
553
557
557
556
550
544
537
531
524
519
512
508
502
498
494
493
490
489
486
487
484
483
482
483
482
485
486
488
488
488
488
488
487
488
486
485
483
482
479
478
476
475
475
473
472