Output started
30000
500
493
488
485
482
479
477
474
472
468
467
464
463
463
461
461
461
459
458
456
454
451
449
448
447
448
448
450
450
451
450
452
450
450
450
452
452
453
453
455
456
459
459
461
461
463
464
465
466
468
468
471
471
474
475
478
480
484
488
494
499
507
513
521
524
528
532
534
538
541
543
544
545
546
547
546
545
544
543
541
537
534
533
529
527
524
523
519
516
512
510
506
505
505
504
501
501
498
497
493
492
488
487
486
485
480
480
477
477
474
473
470
469
467
465
462
462
460
460
458
457
456
457
457
458
459
460
459
459
460
460
462
462
463
463
462
462
462
460
462
462
464
466
467
466
467
467
469
469
471
472
475
477
482
487
496
504
514
523
531
538
544
547
552
553
554
554
554
554
553
550
549
545
542
538
534
531
528
526
523
521
518
517
514
511
507
505
503
501
500
501
499
499
497
494
491
489
485
484
482
482
480
480
477
475
473
471
469
467
466
465
463
462
460
458
459
460
460
462
463
465
464
464
463
463
463
464
464
464
464
464
464
465
466
464
464
464
464
461
460
460
460
460
464
466
469
471
475
479
486
493
502
510
519
527
534
539
546
549
553
555
559
559
561
560
560
557
557
554
552
549
548
544
541
535
533
529
526
521
519
516
513
509
507
504
502
498
497
496
493
492
490
488
486
484
481
479
477
475
472
470
468
467
464
462
458
457
455
457
457
458
458
458
455
453
449
448
446
446
446
447
449
451
454
458
459
460
459
460
460
460
458
459
458
460
458
459
460
461
462
462
463
465
468
472
477
483
492
499
509
517
527
536
544
550
554
556
557
557
560
559
559
558
558
556
556
553
552
548
548
546
544
540
536
530
526
520
516
511
509
505
503
501
499
497
496
493
491
489
487
482
479
474
472
469
466
462
460
457
456
454
452
450
448
448
447
445
444
444
440
438
434
434
434
436
436
438
438
441
441
443
443
446
447
448
448
449
449
449
449
449
448
449
448
449
450
452
452
455
457
462
468
476
484
493
503
513
523
532
540
547
552
555
557
558
558
557
557
556
555
554
554
551
549
547
545
540
538
533
529
522
519
514
512
507
504
499
497
493
490
486
483
480
477
474
472
469
466
462
461
457
455
452
451
449
447
446
446
444
444
443
441
440
439
439
438
439
440
441
443
443
442
441
440
440
440
440
440
442
442
444
443
443
443
445
445
446
446
447
447
448
448
451
450
452
452
457
461
468
476
487
498
509
520
530
539
546
551
555
556
557
556
555
552
551
550
548
546
544
541
538
534
530
524
520
515
511
507
503
500
497
495
492
492
490
488
486
485
481
479
476
474
471
471
468
466
462
460
455
453
449
447
444
443
441
441
439
437
435
433
433
434
434
435
434
436
436
437
438
440
440
442
442
443
442
442
442
444
446
447
448
446
447
445
444
444
446
448
450
451
451
451
454
457
464
473
484
497
511
522
535
542
550
554
558
559
560
559
558
556
555
553
553
550
546
542
540
536
533
527
524
520
517
513
508
505
501
498
497
495
494
492
489
487
483
481
479
477
475
473
470
467
464
459
453
451
448
448
445
445
441
441
438
437
434
434
433
436
435
435
434
433
433
434
432
434
433
435
436
438
439
441
439
440
440
439
439
441
442
442
443
443
443
444
445
447
448
450
453
459
466
474
484
495
508
519
530
538
548
552
558
559
561
560
561
559
560
557
556
553
550
546
544
540
538
533
531
527
525
519
514
508
505
500
496
492
490
487
485
482
480
478
474
471
469
467
464
461
459
455
453
452
449
448
446
444
442
440
437
435
434
434
433
434
433
434
433
434
433
433
432
434
432
432
431
434
435
438
438
440
439
441
441
442
442
442
441
442
442
442
442
443
445
447
448
450
453
457
464
472
481
492
503
514
526
535
545
551
556
559
561
561
561
559
558
556
556
553
552
550
548
544
541
537
534
529
525
520
516
511
507
502
499
496
494
492
491
488
487
482
478
474
471
468
466
463
460
457
456
453
451
449
446
444
443
442
441
440
438
437
437
437
436
435
435
435
435
436
436
438
437
438
439
439
439
441
441
442
444
446
447
448
447
449
448
450
449
449
449
451
451
452
452
453
452
454
455
459
463
469
476
484
493
504
515
527
539
546
554
560
564
566
567
567
566
566
566
564
562
560
560
558
556
552
549
544
539
533
529
523
521
515
512
507
503
498
495
491
490
488
487
485
483
480
476
473
471
468
467
463
461
458
457
454
453
451
450
448
448
445
444
443
444
443
442
442
442
441
442
442
442
443
443
445
446
446
445
446
446
446
446
448
448
450
449
451
451
452
453
455
455
457
457
458
457
458
457
459
459
463
465
470
474
479
485
493
501
511
520
532
541
551
558
564
568
570
571
572
572
572
572
571
570
569
567
565
562
559
557
555
552
547
544
539
535
527
524
516
512
507
504
499
498
493
490
486
483
480
478
475
474
474
474
472
470
465
462
459
455
452
449
446
444
441
439
438
437
436
436
436
436
437
437
438
439
440
440
441
440
442
442
443
443
444
443
444
444
447
447
448
449
451
451
454
455
456
456
458
457
458
458
459
459
460
460
462
463
466
468
473
478
487
496
508
520
535
547
560
568
576
580
583
583
582
580
579
577
575
572
570
567
563
560
557
553
549
545
539
534
528
525
518
514
509
507
503
499
496
493
488
486
481
478
474
473
470
469
466
465
462
460
456
454
450
448
446
445
443
442
441
439
437
435
434
435
434
434
433
434
435
435
436
436
434
434
435
435
436
435
437
438
439
439
442
441
443
443
445
445
447
447
448
447
448
448
450
451
453
453
456
455
456
457
459
463
468
473
484
496
510
522
536
547
556
562
566
569
570
570
570
570
567
565
563
560
557
553
549
545
543
540
535
532
526
522
516
512
507
504
501
499
496
494
491
490
487
485
480
478
474
471
467
465
461
460
457
455
452
451
449
448
446
444
442
440
438
438
436
437
436
438
437
439
438
439
438
439
439
440
439
439
438
437
436
437
439
440
442
444
447
446
447
447
448
447
449
449
452
453
455
454
455
456
457
457
459
461
465
469
475
480
491
502
515
527
541
554
564
571
576
578
580
579
578
575
575
572
569
567
564
560
555
551
545
540
536
530
525
520
513
509
504
500
496
493
491
489
486
486
484
482
479
475
471
468
465
463
459
456
455
454
451
449
446
444
440
437
435
434
433
432
432
432
432
432
431
433
434
435
436
437
437
438
439
439
440
440
442
443
444
445
446
447
448
450
450
450
451
450
451
451
454
454
455
454
455
455
457
458
458
459
462
464
470
476
487
499
514
527
542
554
565
573
580
583
588
587
587
584
583
580
578
574
572
569
565
561
558
554
551
547
542
536
531
523
517
511
505
501
496
494
489
487
482
479
474
472
468
465
463
460
458
455
452
450
447
444
440
439
437
437
435
434
431
432
430
430
428
429
427
427
428
428
428
430
430
430
430
431
431
432
432
433
434
435
436
437
438
438
438
438
440
440
441
442
444
446
447
448
450
449
450
450
452
452
455
455
457
458
463
469
480
491
506
521
538
553
566
575
585
591
597
598
600
599
598
595
593
589
586
582
579
575
573
568
564
558
553
548
542
536
528
521
514
507
501
497
492
490
486
484
480
476
472
469
465
462
457
455
448
448
443
440
436
434
431
429
426
426
425
424
421
419
419
419
418
419
419
422
421
421
419
419
419
422
421
422
422
423
424
425
425
427
427
427
426
426
428
429
431
431
434
435
438
439
440
441
443
443
445
445
446
446
448
449
451
454
459
465
475
486
501
518
535
551
568
582
594
602
607
610
610
609
605
599
594
589
586
583
581
579
578
575
571
566
561
556
549
543
536
528
520
513
507
503
498
497
494
493
491
488
484
481
475
470
466
462
456
452
448
445
439
436
431
429
425
424
421
419
417
415
413
412
410
410
409
409
408
409
408
410
410
411
410
412
412
414
414
415
416
415
415
416
417
419
421
423
425
426
429
430
431
433
435
436
438
438
440
441
443
443
444
445
447
447
451
453
459
464
474
484
501
516
535
553
568
581
591
598
604
607
612
614
616
615
613
606
602
595
590
584
578
572
566
558
548
540
532
525
517
509
502
496
492
488
484
482
477
473
468
464
459
455
451
448
445
442
438
436
433
430
426
423
420
417
415
413
411
411
411
411
410
411
411
412
412
413
413
413
411
412
412
411
411
413
413
415
415
416
418
421
423
425
426
427
428
429
430
431
433
432
434
433
435
437
440
440
442
442
444
444
445
446
449
450
453
453
456
458
464
471
482
493
507
520
537
549
563
574
585
590
596
596
597
594
593
590
589
585
582
578
575
571
567
562
558
552
545
538
532
526
519
512
506
502
498
494
489
486
483
481
476
474
470
468
463
460
456
455
451
449
446
445
441
437
432
430
427
427
425
425
423
423
421
420
417
417
417
418
419
422
424
425
425
425
426
427
429
431
431
432
433
434
435
436
438
439
442
442
444
444
446
447
449
449
450
450
454
454
456
456
457
456
457
456
458
458
459
461
464
467
471
476
484
492
505
517
532
545
558
568
580
587
592
593
593
591
591
586
583
581
578
576
571
568
563
560
556
552
546
542
536
530
523
519
513
509
504
502
499
496
492
489
484
482
479
477
474
472
468
467
464
461
456
454
450
448
445
444
441
441
439
438
436
437
435
435
434
434
434
435
434
434
434
434
434
435
435
435
434
434
434
437
438
439
440
439
440
440
441
442
444
445
446
447
448
448
448
449
450
449
450
450
453
455
457
457
458
458
459
459
460
461
464
468
477
485
498
509
524
538
554
566
579
587
594
597
598
597
594
591
588
584
581
579
576
573
570
567
562
558
553
547
541
537
531
526
521
518
514
511
507
505
502
500
496
493
488
486
481
477
473
471
467
466
462
459
455
454
450
450
446
444
441
440
439
439
437
436
435
435
433
434
435
437
437
438
439
437
438
438
436
436
438
439
441
442
443
442
441
440
442
442
443
443
445
445
446
447
449
449
451
451
453
453
455
454
455
455
456
458
463
472
485
499
517
533
551
566
579
590
598
603
604
604
605
602
598
594
590
584
578
574
569
565
560
554
548
543
537
531
524
516
508
503
500
499
499
497
495
492
487
485
480
478
474
472
468
466
462
458
453
450
447
445
441
439
437
434
431
430
426
426
423
422
422
423
423
424
424
425
424
424
425
424
426
427
428
428
428
428
429
430
431
432
434
434
436
436
437
436
437
436
437
437
440
440
442
443
445
444
446
448
453
458
467
480
498
516
536
556
576
593
607
616
622
624
624
621
620
615
611
605
602
598
594
591
587
583
576
569
561
554
545
538
529
522
514
508
501
495
490
487
483
480
475
472
466
462
457
452
448
443
438
435
430
426
421
416
412
408
404
402
399
399
396
396
394
395
394
395
394
396
396
398
398
399
400
402
403
402
402
402
403
405
407
408
409
409
410
411
412
414
416
417
417
419
421
421
423
423
424
424
426
427
429
430
437
443
455
468
487
507
530
551
571
588
606
617
626
629
631
629
628
623
620
615
610
605
602
599
595
591
585
577
569
560
549
539
528
519
510
501
493
487
481
475
468
462
455
450
445
440
434
432
427
424
419
414
409
406
402
399
395
394
390
387
383
381
379
378
375
375
373
372
372
373
374
377
378
380
380
381
381
381
382
383
384
385
387
388
390
392
394
397
398
400
401
402
406
407
410
411
414
415
417
416
418
418
422
424
427
430
435
440
451
465
485
505
530
553
576
596
614
625
635
639
642
641
639
636
632
626
621
616
612
606
602
596
590
583
574
562
552
540
528
516
505
492
482
474
467
461
455
450
444
438
432
427
422
419
412
408
402
399
393
390
384
382
377
375
373
373
371
371
369
369
366
366
364
365
366
369
370
374
375
377
376
378
379
381
381
382
383
384
385
387
388
391
393
395
398
400
402
404
405
407
409
410
414
415
417
419
421
421
424
424
426
428
431
431
433
434
438
443
453
467
486
505
527
548
571
589
606
618
626
629
632
629
627
623
620
614
610
605
601
596
593
587
581
571
561
551
540
530
520
509
500
492
483
477
470
463
457
451
447
443
437
433
429
426
421
419
415
412
406
403
397
395
392
390
386
385
382
381
380
380
379
380
380
381
380
382
381
381
380
381
381
383
384
386
388
389
392
395
398
400
402
403
406
407
410
412
415
416
420
421
422
424
425
426
428
429
432
432
435
435
435
435
437
439
445
453
468
484
504
522
542
558
574
585
595
600
602
601
599
595
590
586
583
578
573
567
563
558
554
548
541
533
525
518
510
503
495
489
483
478
474
469
466
461
458
455
451
449
444
440
435
433
429
427
421
417
412
409
405
404
401
400
398
398
397
398
397
399
399
400
400
401
403
405
407
409
409
412
412
413
414
415
416
418
419
421
422
425
426
427
427
428
430
432
433
434
435
437
437
438
440
442
443
444
445
444
445
446
450
455
466
477
494
510
527
543
560
572
584
590
594
595
595
591
588
586
585
581
579
575
573
567
563
557
552
544
538
532
527
520
515
507
501
495
490
485
480
475
472
467
465
464
461
458
453
450
445
442
437
436
432
430
426
422
418
415
411
411
409
410
409
410
Loop stopped.
