Output started
30000
565
568
567
568
566
567
566
566
566
566
565
565
564
565
565
565
564
563
563
563
563
564
564
563
564
565
566
568
569
570
572
573
573
575
577
579
581
582
583
583
583
582
583
581
581
580
580
579
578
577
577
576
576
575
576
575
576
575
576
575
575
574
575
576
576
576
576
575
575
574
574
572
573
571
572
570
570
569
569
570
569
568
568
567
567
566
567
566
565
564
564
564
564
564
564
563
562
563
561
562
561
562
561
562
561
562
560
561
560
561
562
562
561
561
561
562
561
562
561
562
563
564
565
567
567
568
569
571
572
574
576
578
581
583
585
586
586
587
587
587
586
586
585
585
584
584
582
582
582
580
580
580
579
578
578
579
579
579
578
577
578
577
579
578
579
577
577
576
576
574
574
572
572
572
572
570
570
568
568
566
567
565
565
565
565
563
564
563
563
563
563
562
562
561
561
561
561
561
560
560
559
560
559
559
558
559
558
560
559
559
559
559
559
561
560
561
561
561
561
562
561
561
561
562
563
563
563
565
567
570
571
573
575
578
580
583
585
588
588
590
591
591
590
589
588
586
585
584
583
583
582
582
581
579
579
578
579
578
578
577
578
578
577
576
577
577
577
575
575
574
574
572
571
570
569
567
566
566
565
563
564
562
562
561
561
560
560
559
559
559
560
559
558
558
558
557
557
558
557
557
556
557
556
557
557
557
557
557
557
557
558
557
557
558
558
558
558
559
558
559
557
557
557
558
558
559
559
561
561
563
564
568
570
572
575
579
581
584
584
587
587
588
587
587
585
585
584
583
583
582
580
579
579
579
578
578
578
578
578
577
576
576
576
576
575
576
576
575
575
573
573
572
571
570
569
567
566
564
565
563
563
563
563
560
559
558
558
558
558
557
558
558
557
556
556
556
555
555
556
556
556
555
555
555
556
555
555
556
555
555
555
555
555
555
555
556
556
556
556
557
558
559
559
560
559
560
560
563
564
567
569
572
574
577
579
582
584
587
587
589
589
590
589
589
589
588
585
585
583
584
583
583
581
582
581
581
579
579
578
577
576
576
574
573
573
572
573
574
571
571
569
569
568
567
565
564
563
561
561
559
558
556
557
556
555
554
555
555
555
554
554
555
555
554
555
554
554
555
555
554
556
555
556
555
557
556
557
557
557
557
558
558
558
559
558
558
559
561
562
564
566
569
572
575
577
581
582
585
587
588
588
588
586
586
584
585
583
583
581
580
580
579
577
578
577
577
576
575
574
573
572
572
570
570
569
569
567
566
565
564
563
562
560
560
558
558
558
557
555
555
555
554
554
554
553
553
552
552
552
552
552
551
551
551
551
550
552
551
552
552
552
551
551
552
553
551
552
552
552
552
552
550
553
553
555
557
560
563
567
569
572
575
579
581
583
584
586
585
586
584
585
583
582
582
581
580
578
578
578
578
577
576
575
575
574
572
572
572
570
569
567
566
565
564
563
563
562
561
559
558
557
556
555
555
553
553
552
553
551
552
550
551
550
550
548
549
548
549
549
550
548
549
548
549
547
548
548
547
547
548
548
547
547
547
548
548
549
549
548
548
547
547
548
547
548
548
549
551
554
557
561
565
570
573
578
581
584
586
588
589
590
589
588
587
586
583
583
582
580
579
579
575
575
574
573
572
572
571
572
570
569
570
569
569
569
569
568
566
566
565
564
563
562
561
561
560
557
558
557
555
553
553
552
552
550
550
549
549
548
547
547
547
546
546
546
546
545
546
546
546
545
546
547
548
548
548
547
547
548
548
548
550
550
551
552
551
551
552
552
552
552
552
554
555
559
563
568
573
578
583
587
591
595
595
597
597
598
596
596
594
592
589
587
585
584
583
582
579
579
576
576
573
572
569
570
568
568
566
566
566
566
565
565
564
563
562
562
560
559
559
558
556
554
553
552
551
551
550
549
549
549
548
547
547
546
546
546
547
547
547
547
547
547
547
548
547
547
548
547
548
545
546
546
547
547
547
547
548
548
549
549
550
550
550
550
552
552
554
556
561
565
571
576
582
587
593
598
601
603
605
605
604
602
600
598
596
594
592
590
588
587
585
584
580
579
576
575
573
571
567
567
566
565
563
562
561
560
559
558
556
556
553
553
551
550
549
548
546
547
545
544
543
543
543
543
542
543
542
542
542
542
542
542
543
542
543
542
543
542
542
542
544
544
545
544
544
544
544
545
545
544
546
546
548
547
547
547
548
548
547
547
549
550
552
554
559
564
571
577
583
588
593
596
600
601
602
602
600
598
596
593
591
589
587
585
582
581
578
577
576
573
571
568
567
565
562
561
561
560
558
557
556
557
556
555
553
552
550
549
547
546
544
543
542
542
541
540
538
539
538
538
538
538
537
538
537
538
538
538
538
538
538
539
538
540
540
540
541
541
542
543
543
544
544
544
544
545
545
545
545
546
546
546
546
547
547
546
548
547
548
549
550
552
556
560
566
570
576
580
585
590
594
597
599
599
599
597
596
594
593
589
587
584
582
580
579
576
575
573
572
571
570
568
565
565
564
563
562
561
560
559
558
557
556
555
554
553
552
550
549
548
546
546
544
543
542
542
542
542
541
542
540
541
541
542
540
540
541
542
541
542
542
543
543
543
543
544
543
544
543
544
544
546
544
545
546
546
547
547
547
547
547
548
548
548
548
549
549
550
550
550
551
552
553
554
558
561
566
571
577
582
588
590
595
596
599
598
599
597
597
594
592
589
587
585
584
581
579
578
577
575
574
571
571
570
569
567
567
567
566
566
565
565
565
565
564
562
562
561
559
558
557
555
555
553
552
551
550
549
548
548
547
548
546
547
546
547
546
546
545
545
545
544
544
545
544
544
544
545
545
546
545
547
546
547
547
547
546
546
547
548
548
549
549
550
550
551
551
551
551
551
552
553
554
555
556
559
564
568
572
576
582
586
592
595
597
599
601
600
599
597
596
594
592
589
586
584
583
580
578
576
575
572
572
570
570
570
570
570
569
568
569
569
569
569
569
566
567
564
564
562
560
559
557
556
555
554
553
552
551
551
551
550
549
549
548
548
547
547
548
547
547
546
545
547
547
547
546
546
547
547
545
546
546
546
546
547
546
548
548
548
547
549
549
549
550
550
549
550
550
551
551
551
552
553
556
560
564
569
573
577
583
588
591
594
596
597
597
597
595
592
591
588
586
584
583
580
579
577
575
574
574
573
573
571
572
571
571
571
571
570
571
570
570
569
569
567
566
564
563
561
561
558
557
556
556
556
555
554
553
552
551
550
549
549
549
548
548
549
548
548
547
547
546
547
547
547
547
548
548
549
549
549
547
548
548
549
548
548
548
550
549
550
549
550
550
552
551
551
551
552
553
556
559
564
567
573
577
582
586
591
594
596
597
598
597
595
594
591
588
586
585
584
582
579
579
577
576
574
573
572
572
571
570
570
569
569
568
568
568
567
568
566
566
564
564
561
560
559
558
556
555
552
553
551
551
550
549
548
549
548
547
547
546
546
548
548
548
548
548
548
548
549
549
549
547
548
549
549
549
549
549
549
549
550
550
551
551
551
550
551
550
551
551
553
552
552
553
555
559
563
568
572
577
583
587
591
594
597
598
599
598
598
595
594
590
588
585
584
583
581
579
578
577
575
574
573
571
571
570
568
568
568
567
566
566
565
565
564
564
562
561
560
559
557
556
555
554
552
551
550
549
547
547
546
546
545
545
544
544
543
543
543
543
543
544
543
544
543
544
544
545
545
545
545
546
547
547
547
547
547
547
548
548
547
547
546
547
547
547
547
546
549
550
553
556
562
567
572
577
583
586
590
592
595
595
595
593
593
590
588
585
584
582
580
578
577
575
572
571
571
570
570
568
568
567
567
567
567
567
566
564
564
562
561
560
559
557
556
556
555
552
551
550
548
548
547
546
545
545
544
545
543
543
543
543
541
541
540
542
541
542
541
541
542
543
542
542
541
542
542
543
541
543
542
543
542
544
544
545
544
545
545
546
547
548
550
553
558
561
567
573
578
585
590
595
596
599
599
599
597
595
594
591
589
586
584
581
580
577
575
573
572
569
567
565
565
563
562
561
560
558
558
556
557
556
555
555
553
550
550
547
547
546
545
543
543
542
542
541
540
538
539
537
538
538
538
537
538
538
538
539
540
541
541
542
541
542
541
541
541
542
543
544
543
545
545
546
547
548
547
548
548
548
547
548
547
549
549
552
553
557
560
566
570
576
581
586
589
592
593
594
595
594
593
591
590
588
585
583
582
580
579
578
576
573
572
570
569
566
566
563
562
560
559
558
558
556
555
554
554
551
550
548
548
548
547
546
545
543
543
541
541
541
542
540
540
539
539
538
539
538
539
539
539
539
539
540
539
539
539
540
539
539
540
540
541
541
542
542
543
544
544
545
545
547
547
546
546
548
547
548
548
548
547
548
549
551
554
558
561
566
569
575
579
585
587
590
590
591
591
591
589
589
586
585
584
583
579
579
577
576
575
572
570
569
567
563
563
560
559
557
556
555
555
554
554
553
553
550
549
548
547
545
545
544
543
542
541
540
541
540
539
538
539
538
540
539
540
539
540
541
541
540
542
541
542
542
543
542
543
542
543
542
544
544
543
544
544
544
544
545
545
547
547
547
547
548
549
549
549
549
549
550
550
550
549
549
550
550
550
552
553
556
559
563
565
569
572
577
579
582
584
586
586
587
585
584
583
583
581
581
580
581
579
579
576
575
575
573
572
571
569
568
566
566
566
564
564
563
562
561
561
560
559
558
557
556
556
555
555
554
553
552
552
551
551
550
551
549
548
548
549
548
549
549
549
548
549
548
549
548
548
548
548
547
548
548
548
547
548
548
548
548
548
549
549
549
549
550
551
551
552
552
552
553
554
554
555
555
555
556
555
557
556
557
556
557
556
557
557
557
558
560
562
564
566
570
571
575
577
580
581
584
584
586
586
586
585
585
583
583
581
581
580
578
578
578
576
576
576
575
574
574
574
573
571
571
570
570
570
569
568
567
566
565
564
562
562
560
559
558
557
556
555
553
554
553
553
552
553
552
553
553
554
554
554
553
554
554
554
555
555
555
556
555
555
555
556
555
557
557
557
557
557
557
558
558
559
559
559
559
559
559
560
560
560
561
562
562
562
562
562
562
561
562
562
562
562
563
561
562
563
565
566
569
570
573
576
579
581
583
584
585
585
587
587
587
586
585
584
583
582
582
581
581
580
581
581
579
579
578
578
578
577
576
576
575
574
573
572
570
570
569
568
567
568
566
565
563
563
562
562
559
560
559
560
559
559
558
559
558
560
560
561
560
560
559
560
559
559
559
560
559
560
559
561
560
560
560
561
562
563
563
563
564
563
563
563
562
563
564
564
564
563
564
565
565
565
566
565
565
565
566
565
567
567
567
566
568
568
570
571
574
576
578
580
582
584
586
587
589
588
589
589
589
587
587
586
586
584
583
581
582
581
581
580
580
579
578
578
578
578
577
577
577
575
575
575
575
573
572
571
570
569
568
568
568
568
566
567
564
564
563
563
562
563
563
563
562
562
561
561
