Output started
30000
521
521
520
520
518
518
518
519
519
521
521
521
521
520
521
523
526
527
530
535
538
543
547
550
554
557
559
560
562
561
563
562
563
562
562
561
561
559
560
558
559
557
558
555
555
553
553
551
551
549
550
549
550
550
550
549
549
548
547
545
545
544
544
544
543
541
541
539
538
537
536
536
534
534
533
532
532
531
529
529
527
528
526
526
525
525
523
524
522
523
522
523
522
523
521
522
521
522
521
521
522
522
523
524
523
524
522
523
522
523
522
523
524
525
525
525
526
527
528
530
532
533
537
540
544
548
551
555
559
561
563
565
567
567
568
566
567
565
565
562
561
560
559
558
557
556
556
555
554
552
553
553
552
551
551
551
552
551
552
552
551
550
550
549
548
548
547
547
545
544
544
543
541
540
539
538
537
535
535
534
534
532
532
530
530
529
529
528
527
526
525
525
524
525
524
524
524
524
523
524
525
525
525
524
524
524
523
524
524
524
524
525
524
525
525
526
527
528
528
529
528
528
529
529
529
531
532
534
536
539
542
546
549
552
556
558
561
563
562
564
563
561
560
559
559
558
558
557
556
555
555
553
553
552
552
551
552
550
551
551
551
550
551
551
551
551
552
551
551
549
550
548
548
547
547
545
545
543
542
540
540
539
538
537
536
535
535
534
534
534
533
533
533
534
533
533
534
534
534
535
535
536
535
536
536
537
536
537
537
537
536
538
536
539
537
538
538
539
537
538
537
538
537
539
539
541
542
546
549
554
556
561
563
567
569
570
573
574
574
574
573
573
572
570
569
568
568
567
566
564
563
561
562
559
560
558
557
556
557
556
558
556
557
556
557
556
556
554
554
552
551
550
549
547
546
543
542
540
539
537
537
536
534
533
533
532
532
531
531
531
530
531
530
530
530
530
531
531
532
532
531
533
534
535
534
534
534
535
534
536
535
536
534
534
535
536
536
538
541
545
549
554
558
564
568
572
575
577
579
581
582
581
581
580
576
575
572
571
567
567
565
564
562
562
560
560
557
556
554
553
551
549
549
548
548
548
548
547
545
544
543
542
542
540
539
538
538
536
535
532
532
531
531
529
529
527
527
526
526
525
525
524
524
523
524
523
524
525
525
526
526
525
526
526
527
527
528
528
528
528
528
529
530
531
531
530
531
531
533
534
537
540
544
548
553
558
564
570
574
579
581
583
582
583
582
582
580
579
576
576
573
570
568
568
565
564
561
560
558
556
554
552
549
548
546
546
544
545
543
543
543
542
541
541
538
538
536
535
534
534
533
532
531
529
527
526
525
524
524
522
523
520
520
519
520
519
519
518
519
518
519
519
520
519
520
519
521
521
522
521
524
522
523
523
524
523
525
524
525
525
527
526
527
527
529
532
535
538
543
548
553
560
565
572
576
580
581
583
584
584
583
583
580
580
577
575
572
571
567
566
562
561
559
557
554
553
550
548
546
545
542
541
540
540
538
540
538
538
537
535
534
534
533
532
530
528
526
525
523
523
522
520
519
518
516
516
515
516
515
515
515
513
514
513
514
513
514
513
514
514
515
515
516
517
517
517
517
517
518
519
519
519
519
518
519
520
522
520
521
521
522
523
526
527
531
535
541
546
552
558
564
568
572
574
576
577
578
578
577
576
574
572
571
570
568
567
565
565
562
561
558
557
553
552
549
547
545
544
543
543
542
541
540
540
540
541
539
538
536
535
532
532
529
529
528
526
524
524
522
520
519
518
516
517
516
517
517
517
516
515
514
514
514
516
515
517
517
517
517
517
517
518
518
518
517
516
516
515
516
516
517
518
518
518
520
520
523
526
530
534
540
545
551
556
562
565
569
570
574
574
575
574
574
572
572
570
569
566
565
562
561
557
556
553
551
549
546
543
540
539
536
535
534
534
534
533
533
531
530
528
526
525
524
523
521
522
520
518
517
517
514
514
513
513
511
510
508
507
507
507
507
507
506
507
507
508
507
508
507
508
507
509
509
510
509
509
509
510
511
512
511
511
512
513
515
517
522
526
532
537
542
548
554
558
563
566
566
565
566
565
565
563
563
560
558
557
555
553
552
549
548
546
546
543
542
540
539
536
536
535
536
535
535
534
534
533
532
530
530
528
526
526
524
523
520
519
518
518
517
517
515
514
512
511
509
508
505
505
503
503
503
504
502
502
501
502
502
502
503
504
505
506
506
506
505
506
506
506
506
508
507
507
507
510
512
517
519
525
530
537
543
550
555
560
563
564
566
565
565
565
564
563
561
559
559
557
554
553
552
550
549
548
547
545
545
543
543
541
541
539
540
540
540
539
538
536
535
532
531
528
527
526
526
523
522
520
520
517
515
514
513
512
511
509
509
507
507
506
505
504
503
503
504
504
504
504
504
505
503
504
504
504
504
505
505
505
506
506
505
506
506
507
507
508
508
510
511
515
518
523
528
535
541
547
552
559
563
566
568
569
569
569
566
567
564
563
561
559
557
556
552
552
551
549
548
547
546
544
543
541
541
539
539
539
539
538
539
537
535
533
532
530
529
527
526
524
523
521
520
517
516
514
513
511
510
509
508
506
507
504
506
505
505
504
504
502
503
501
502
502
503
503
503
504
504
505
504
504
504
504
504
505
506
506
506
506
506
506
507
509
509
510
508
510
511
514
517
522
525
532
536
543
548
554
558
563
565
567
567
567
565
564
562
560
558
556
553
551
548
548
545
544
541
541
539
537
536
536
535
535
536
536
536
537
536
536
536
535
533
531
531
530
529
528
528
527
526
524
523
521
521
517
517
515
516
514
514
513
512
511
511
510
511
511
511
511
511
511
511
510
511
511
512
511
512
511
511
512
513
513
514
514
515
517
517
518
519
519
518
517
518
521
523
527
531
536
543
551
557
562
566
570
573
574
574
574
572
570
567
565
562
560
558
557
553
550
547
546
543
542
541
540
538
537
535
535
535
534
535
535
535
535
533
532
531
531
530
530
530
530
528
527
525
524
523
523
522
521
519
519
518
517
516
515
514
513
513
514
514
513
514
513
514
515
516
515
516
515
516
515
517
517
519
518
519
519
521
521
522
522
523
523
524
523
524
524
525
528
532
535
540
546
554
560
566
572
576
579
582
584
584
583
583
581
580
579
576
573
570
567
563
561
557
556
553
551
549
547
544
543
540
540
539
540
539
540
538
537
536
537
535
534
532
532
530
530
529
529
526
526
523
522
521
520
519
519
517
517
516
516
516
515
514
513
512
511
511
511
511
511
512
511
510
510
511
511
512
512
513
512
514
514
514
516
516
516
517
518
519
519
520
519
520
520
523
526
531
536
541
547
554
560
567
572
578
582
584
584
585
585
584
583
581
580
577
574
571
569
567
564
560
558
555
554
553
550
549
548
546
545
544
544
543
543
542
543
541
540
538
537
535
534
533
532
529
527
525
525
523
522
520
520
518
517
515
514
513
512
511
510
510
509
508
508
508
508
508
508
507
508
509
509
510
510
509
510
511
510
510
511
511
511
512
512
512
513
514
514
515
514
515
515
516
518
521
525
530
534
542
548
556
563
570
573
578
581
583
583
583
581
580
579
577
575
574
572
570
567
566
564
562
559
557
555
553
551
548
546
545
543
541
540
539
540
538
537
536
535
533
532
529
529
528
527
526
524
522
520
516
513
511
510
508
508
506
505
505
504
504
505
503
503
502
504
504
505
504
505
505
505
504
505
505
507
507
508
508
508
509
510
510
511
511
512
512
512
512
513
514
515
516
516
517
518
522
525
531
536
543
550
557
564
570
575
577
579
580
580
582
580
579
578
578
576
575
572
571
568
566
563
561
559
558
555
553
550
549
546
544
542
540
538
538
536
535
534
533
532
529
528
526
525
523
521
520
518
516
515
513
512
510
509
506
507
506
505
502
503
502
503
501
503
502
503
502
503
502
503
504
505
505
506
507
508
507
508
509
509
510
511
511
511
512
512
512
513
513
512
513
514
514
515
515
514
515
515
517
521
524
529
535
541
549
557
564
568
573
576
578
578
579
577
578
576
576
573
574
571
570
569
567
563
561
558
556
554
553
550
548
545
545
543
542
541
541
540
540
538
536
534
532
531
528
526
523
521
518
517
515
514
512
511
511
511
510
510
507
506
503
502
500
499
497
497
495
496
495
495
494
495
493
493
493
494
493
494
493
494
494
495
494
495
496
498
499
501
501
503
502
503
504
504
505
506
507
507
509
511
515
519
523
530
537
543
549
555
561
565
569
571
572
571
571
569
568
564
563
561
559
558
556
552
551
548
548
547
547
549
550
549
550
550
549
548
548
547
546
545
544
542
541
539
538
538
538
538
536
534
532
530
527
525
523
521
519
517
515
516
514
513
512
512
510
512
512
512
512
513
512
512
510
512
512
514
514
518
520
522
522
524
523
523
522
523
522
522
519
518
517
517
516
519
520
523
527
533
539
546
554
561
568
574
576
579
580
579
578
576
573
569
566
562
559
557
554
553
551
548
547
543
541
538
538
535
535
534
535
534
535
535
535
533
533
531
530
528
528
527
528
526
527
526
525
523
521
519
520
518
518
517
517
517
516
516
517
519
521
522
520
520
518
516
514
513
511
512
512
512
513
512
513
515
516
518
518
518
518
519
519
518
518
519
519
520
523
529
533
539
545
553
559
565
571
577
580
584
585
586
586
584
582
580
577
574
570
568
566
564
560
558
556
552
549
546
544
542
540
540
539
539
539
538
538
538
537
535
534
532
531
529
528
526
526
522
519
516
514
512
511
510
509
507
507
505
505
502
502
502
502
501
501
501
502
502
505
505
507
507
508
509
510
512
513
514
515
516
517
518
519
518
519
520
520
520
521
522
523
526
530
534
539
546
551
559
565
572
577
582
585
586
586
587
585
585
582
581
578
576
573
571
568
566
563
561
557
556
553
552
548
546
544
541
539
538
538
537
535
535
533
532
530
529
528
527
524
522
521
520
519
518
516
514
513
511
511
509
510
509
510
508
509
508
509
508
509
509
509
508
508
508
509
508
509
508
509
508
510
512
513
514
515
516
517
518
519
519
521
522
522
523
524
524
525
526
529
534
539
544
551
557
564
571
577
582
585
587
587
587
585
585
583
583
579
578
574
571
569
567
565
564
560
558
555
554
551
549
545
545
542
540
538
537
535
534
532
532
530
531
529
529
527
526
525
523
521
519
518
518
517
515
514
513
512
511
511
509
508
509
508
507
507
507
508
507
508
508
509
508
509
510
511
511
513
513
512
512
513
512
512
511
512
512
512
512
512
513
514
515
518
517
520
519
520
520
522
526
530
535
541
546
552
559
566
572
577
582
584
585
585
586
585
585
583
579
576
573
569
569
566
565
562
560
558
556
554
553
551
550
548
546
542
542
540
540
538
538
537
537
534
533
531
530
528
529
528
527
525
524
521
521
518
517
516
515
514
514
514
514
512
511
511
511
511
508
509
508
507
507
507
506
508
507
508
508
510
511
513
513
514
514
515
514
516
517
518
517
518
517
519
519
520
520
521
521
522
522
523
523
523
523
526
528
531
536
542
548
554
560
565
570
575
577
579
