Output started
30000
304
274
265
264
266
268
270
271
274
277
279
281
280
281
284
287
288
292
292
295
295
299
300
303
303
305
304
306
305
307
305
308
307
309
307
308
305
305
304
305
303
303
301
302
300
300
300
299
298
297
295
296
297
296
296
297
296
296
297
297
296
294
294
294
293
294
294
293
293
293
295
294
295
293
294
292
292
290
292
290
292
291
292
290
292
290
291
289
291
290
291
290
291
290
291
291
292
291
291
291
291
291
292
292
294
293
294
294
295
295
296
296
297
298
301
301
302
303
305
306
306
305
306
308
307
308
307
307
306
306
304
304
302
301
299
300
298
300
298
299
297
298
296
297
296
296
295
296
293
294
293
295
293
294
293
294
293
293
292
292
291
291
290
290
289
290
290
291
288
289
288
288
288
288
288
287
290
288
290
289
292
290
291
289
291
289
291
289
291
289
290
289
290
288
289
288
291
290
291
291
293
292
295
295
298
299
301
301
304
303
306
306
308
308
309
308
308
309
310
309
309
307
306
305
305
305
303
303
302
301
301
303
301
302
300
301
299
300
298
299
297
298
296
297
296
297
294
295
293
294
293
295
293
294
292
293
292
293
291
292
291
291
291
291
290
290
289
290
289
290
289
290
290
290
288
288
290
290
289
289
289
289
290
291
293
291
292
290
291
290
291
289
292
290
293
293
295
295
297
297
299
298
301
301
304
304
306
307
309
309
310
310
309
309
309
308
308
307
308
309
308
307
306
304
304
303
302
301
300
300
299
298
297
297
296
295
296
297
295
296
295
295
293
294
293
295
293
293
292
293
292
293
291
291
290
291
289
290
289
290
290
290
289
290
289
289
288
289
289
289
289
291
290
290
289
289
288
290
289
290
290
290
289
289
289
289
289
289
288
290
293
293
294
293
295
293
296
296
299
299
302
303
306
306
309
308
311
310
311
310
312
310
311
309
310
308
308
307
307
304
304
302
302
301
300
298
298
297
297
296
296
295
295
295
296
294
294
293
292
291
291
291
290
293
292
293
292
292
290
291
288
289
288
289
288
289
287
289
288
289
288
289
287
290
288
289
289
290
288
290
289
290
290
291
290
291
290
292
291
292
291
290
290
290
290
290
290
292
292
290
290
291
292
294
295
296
300
300
305
305
307
308
310
309
311
309
310
309
310
308
309
307
309
307
307
304
305
302
302
300
300
299
300
298
298
296
295
294
294
294
293
293
293
293
293
292
293
292
291
290
290
288
287
288
288
288
287
287
286
287
286
288
287
288
286
288
287
288
285
287
285
287
286
289
286
288
286
287
286
288
287
287
286
288
288
288
287
288
287
288
287
288
288
289
288
289
289
291
292
293
293
295
295
297
297
299
300
303
305
307
308
308
308
309
310
309
310
308
310
309
309
307
307
305
306
303
303
300
302
298
300
297
298
295
295
292
293
291
293
291
292
290
291
290
290
289
290
288
288
288
288
287
287
285
286
286
286
284
284
283
284
285
285
284
284
284
284
286
284
286
285
286
285
286
285
287
285
288
286
287
286
287
285
287
286
287
287
288
286
287
286
288
287
288
288
288
288
290
287
290
290
291
292
294
294
297
298
299
300
303
304
306
307
308
309
310
309
309
309
310
311
310
311
309
310
307
308
305
306
303
304
301
302
299
300
298
298
296
298
294
295
293
294
292
293
290
292
290
292
290
290
289
290
289
289
288
288
287
287
286
286
287
287
288
287
285
285
284
284
285
285
286
285
288
287
289
287
290
288
288
287
288
287
289
287
288
286
288
288
290
288
289
288
288
286
289
288
290
290
290
290
291
290
289
289
289
290
291
291
293
293
296
297
298
300
301
303
306
307
309
309
310
310
312
312
311
314
313
314
313
314
312
313
310
310
306
307
304
304
301
301
299
299
297
297
295
296
294
295
294
295
293
293
291
291
290
290
289
290
289
289
288
289
289
288
288
288
288
289
288
288
287
286
286
286
286
286
286
286
288
286
288
287
288
287
288
286
288
286
288
287
288
287
289
288
289
288
289
288
290
289
291
289
290
289
290
289
291
289
290
290
290
290
291
290
293
294
295
295
297
298
300
301
303
304
306
308
309
311
311
311
312
311
311
313
311
312
311
312
310
310
306
306
303
304
302
303
301
302
299
299
297
298
296
297
296
297
296
296
294
295
292
293
291
292
291
292
291
291
290
289
288
289
289
288
288
288
287
287
287
287
286
286
288
288
288
289
290
288
289
288
290
289
290
288
289
287
289
288
289
287
289
288
290
288
289
289
291
289
290
289
290
290
290
289
291
291
292
292
293
293
293
294
297
297
299
300
303
306
309
310
312
312
312
312
312
312
313
313
312
314
312
312
309
310
307
307
304
305
302
303
300
301
298
300
297
297
296
297
294
296
293
294
293
294
292
292
291
290
289
290
289
289
288
289
288
288
287
287
287
287
286
287
287
288
286
286
285
286
286
286
286
286
289
288
290
289
290
288
289
288
290
288
290
289
291
289
291
289
291
289
290
289
291
289
292
290
291
290
292
292
293
293
294
295
296
296
298
299
302
303
306
307
311
313
314
314
314
312
312
312
311
311
310
310
310
312
309
309
306
306
304
304
302
303
300
301
298
299
297
297
294
296
295
295
293
294
293
294
292
293
291
292
289
290
289
289
288
289
288
288
286
286
286
286
286
287
286
286
287
287
286
285
286
286
286
286
287
287
289
288
289
288
290
288
289
287
289
288
290
288
290
288
290
289
291
290
292
290
292
290
292
290
291
290
291
291
293
293
295
295
298
298
300
301
305
307
309
311
314
314
316
316
316
315
314
314
314
314
314
312
312
311
312
313
309
310
307
307
305
306
302
303
300
301
298
299
298
298
295
297
295
296
294
295
293
294
292
293
291
292
291
291
289
289
288
289
289
288
288
287
287
287
287
288
287
288
286
286
286
287
286
287
287
287
288
289
291
289
291
289
291
289
291
290
291
290
292
290
292
289
291
289
292
291
292
290
292
291
293
292
294
292
293
292
293
292
295
295
297
298
300
301
303
304
306
308
310
312
315
316
317
316
316
317
315
316
316
315
316
318
315
315
313
313
311
311
308
308
306
307
304
304
301
302
299
299
298
300
298
299
296
296
295
295
294
294
292
293
291
290
289
289
287
287
286
287
286
287
286
287
286
287
287
287
286
285
285
286
288
288
288
288
289
287
289
289
291
291
291
290
292
291
293
291
293
291
294
293
294
293
295
293
295
293
295
293
296
295
296
295
296
295
296
295
296
295
296
294
297
297
298
298
299
300
302
303
305
306
308
309
311
313
315
317
317
320
319
321
318
320
318
319
317
318
316
317
315
315
312
312
309
310
307
307
304
306
303
303
301
302
300
300
298
299
298
299
296
297
296
296
295
295
295
295
293
293
292
291
291
291
290
290
289
290
290
290
289
289
292
290
292
291
293
291
292
291
292
290
292
291
293
292
294
291
293
293
293
292
293
292
295
294
296
294
295
294
296
294
295
295
295
295
296
296
296
296
296
296
297
298
299
299
299
299
299
301
302
302
304
305
307
310
313
316
317
319
319
321
319
318
316
317
315
316
314
316
314
314
312
311
308
309
307
308
306
307
306
305
303
303
302
303
301
302
302
302
300
300
298
299
297
298
297
298
298
298
296
294
293
293
292
294
293
293
293
293
295
293
295
293
294
293
294
292
294
292
294
293
294
293
295
294
295
294
295
293
295
294
296
295
296
296
297
295
296
295
297
295
296
295
296
296
296
296
296
297
297
297
298
297
299
299
300
301
302
304
307
309
311
315
316
319
319
320
319
321
319
320
318
319
317
318
316
318
314
315
312
312
309
310
308
309
307
308
304
304
303
304
303
305
303
304
303
301
300
301
300
299
298
297
297
296
296
296
294
293
293
292
292
292
292
291
293
291
292
291
292
292
293
291
291
289
293
291
294
292
293
291
293
291
292
290
293
292
293
290
291
291
292
291
293
293
294
293
294
295
296
295
295
295
296
295
296
296
298
298
299
299
300
301
302
305
307
309
311
315
316
319
319
321
321
323
322
323
320
322
320
321
319
319
317
318
315
316
313
312
310
310
309
309
306
306
304
304
302
303
301
302
300
302
301
301
299
298
298
297
297
297
297
296
295
294
294
293
293
293
293
294
293
292
295
293
294
293
294
293
294
292
294
292
293
292
295
293
294
293
295
293
294
293
294
293
294
293
294
294
295
294
295
295
295
295
296
295
296
296
297
296
297
296
297
296
297
296
297
298
300
301
304
304
307
310
313
318
319
323
323
327
327
329
327
328
325
327
325
327
324
325
322
323
320
320
317
317
314
314
312
313
311
312
309
308
306
306
304
303
301
300
299
300
300
299
298
297
296
295
295
294
293
293
291
290
290
288
290
290
289
289
291
289
292
289
291
288
290
288
289
288
289
288
290
288
291
290
290
287
288
286
289
289
291
290
291
290
291
291
292
291
293
293
294
293
294
293
294
294
295
294
296
295
295
295
295
294
294
296
297
298
299
302
304
308
310
313
314
319
320
325
326
329
329
332
331
332
329
330
327
328
325
326
324
324
321
320
317
317
315
316
314
313
310
309
307
306
304
304
301
300
299
299
299
298
297
296
294
294
291
291
291
290
290
289
288
288
289
288
288
287
288
286
288
286
287
284
287
285
287
285
286
285
287
285
288
287
287
285
287
285
287
286
288
287
288
288
289
289
289
289
290
290
291
291
292
292
292
292
293
293
294
292
293
292
293
293
293
292
293
294
295
297
297
299
298
302
302
305
305
310
312
319
320
325
326
328
329
331
330
330
329
330
327
328
325
325
322
322
319
317
316
317
313
312
310
309
307
307
304
303
301
300
299
298
298
298
296
295
294
294
293
292
292
291
292
291
292
289
290
288
289
286
288
286
288
285
286
284
285
284
286
285
287
285
286
285
286
284
285
284
286
285
287
286
286
284
285
284
285
286
286
286
288
287
288
289
288
287
289
289
289
290
290
291
290
291
291
293
293
294
294
295
294
296
295
297
297
301
302
308
310
315
317
321
322
326
325
327
325
326
323
324
322
322
320
320
317
315
313
311
311
311
310
310
307
305
304
303
302
301
301
301
299
297
298
297
297
297
295
295
294
294
296
295
295
293
293
290
291
289
289
287
289
287
289
286
287
285
286
285
287
285
286
285
286
285
287
286
287
287
288
288
288
287
288
288
288
289
289
288
289
287
288
288
290
290
290
289
290
290
290
289
290
290
291
294
293
295
294
296
296
298
299
304
305
311
313
318
319
323
324
326
325
326
325
326
324
324
322
323
321
320
316
315
312
314
312
311
308
309
306
305
303
302
299
298
297
297
296
296
294
294
294
293
293
291
290
290
292
290
291
288
289
287
288
285
287
284
285
283
285
284
285
283
285
282
284
284
285
283
284
283
285
284
286
286
285
282
284
283
285
284
286
286
287
286
288
288
288
288
289
289
288
287
288
288
288
288
289
289
290
291
291
296
296
299
300
303
305
309
311
316
317
322
322
326
324
326
324
324
323
325
322
323
320
321
318
318
315
314
312
312
310
311
308
308
305
304
302
301
299
299
297
297
297
297
296
294
292
292
291
290
289
289
289
289
291
288
288
287
288
286
286
285
286
283
285
283
285
283
284
283
284
283
285
283
285
283
285
284
284
282
284
283
284
284
285
284
286
287
287
287
288
288
289
289
289
288
289
289
289
288
288
289
289
289
290
292
293
298
298
302
303
308
310
315
317
321
322
326
325
328
326
326
324
324
322
323
322
323
320
319
316
316
313
313
310
312
310
309
307
305
304
303
301
300
299
298
298
297
296
295
295
294
292
292
290
290
289
289
288
287
286
286
287
284
285
284
285
284
285
283
284
282
284
282
284
282
284
282
285
284
286
285
286
285
285
283
283
283
284
284
286
286
286
286
287
286
287
287
288
288
288
288
289
289
289
287
287
288
289
290
291
292
293
296
299
302
304
308
310
315
316
320
320
324
323
325
324
326
322
323
320
322
320
321
319
319
316
316
313
312
310
312
309
309
306
304
303
303
300
300
298
298
297
298
297
296
295
294
291
290
289
288
288
288
288
288
287
287
288
286
287
285
286
284
286
284
286
283
285
283
285
283
286
284
286
285
287
286
287
287
286
284
286
284
286
285
287
287
288
287
288
287
289
288
290
290
290
290
290
290
290
290
291
291
291
292
292
293
295
297
299
302
305
309
312
317
318
322
321
324
322
324
321
322
320
321
319
320
319
319
316
316
314
312
310
311
309
309
307
308
305
304
301
300
299
299
298
299
298
298
297
296
295
293
292
292
292
291
290
290
288
287
287
288
288
287
288
287
288
286
287
285
287
286
288
287
288
286
288
287
288
286
287
286
288
287
288
287
288
286
287
287
287
287
288
287
289
289
290
290
290
290
291
290
291
291
292
292
293
293
294
294
295
296
299
300
304
307
311
316
318
322
322
324
323
323
320
321
319
320
318
318
316
317
313
312
309
310
309
309
306
306
304
304
301
301
299
299
298
299
297
298
297
296
295
295
293
293
292
292
291
290
290
289
287
286
286
286
285
285
285
284
286
285
286
285
288
285
286
284
285
284
287
285
288
285
287
286
Loop stopped.
