Output started
30000
393
361
347
341
337
335
332
330
327
325
324
324
323
325
325
326
327
327
330
328
330
329
330
328
329
326
328
325
324
323
322
319
319
316
316
314
314
314
314
314
316
314
314
312
312
312
314
313
314
313
315
315
317
317
318
316
317
317
317
317
317
318
318
319
319
319
320
320
322
324
327
334
336
343
347
355
361
369
375
381
384
388
386
385
381
378
370
365
359
356
348
343
337
334
329
326
323
322
320
319
316
315
314
314
314
314
312
334
326
325
338
332
332
315
307
304
302
303
302
301
302
300
299
300
299
299
301
303
302
301
303
301
302
302
303
302
304
303
305
304
305
304
305
304
307
306
309
309
312
312
312
312
315
314
317
316
318
319
320
323
328
331
337
342
349
355
363
369
376
380
385
388
388
386
382
377
372
367
363
359
353
349
343
341
336
334
328
328
323
323
319
319
317
317
315
316
314
316
315
317
316
317
316
317
316
317
315
316
314
314
312
313
311
310
308
308
307
306
304
305
306
305
304
305
305
305
305
305
306
307
307
308
309
310
311
309
311
310
311
312
313
312
314
313
315
315
316
315
319
319
323
324
329
332
340
343
351
357
366
373
379
383
387
387
388
385
381
375
370
365
362
356
353
348
345
341
338
334
332
328
325
324
322
321
320
319
318
320
318
319
317
319
318
319
318
319
317
318
315
316
314
315
312
313
310
311
309
310
308
309
306
307
307
308
307
308
307
308
307
308
308
309
310
310
307
308
308
309
311
313
312
313
311
312
312
313
313
314
314
316
320
321
324
325
331
335
341
346
354
359
368
373
381
382
386
385
386
380
377
372
368
362
359
353
351
345
342
339
337
334
332
329
326
324
324
321
320
318
319
318
319
319
320
320
320
319
319
319
318
318
317
316
315
317
314
313
311
311
310
310
309
309
307
308
306
307
306
308
306
308
307
310
309
310
309
310
308
310
309
311
312
312
311
311
311
312
312
314
314
315
316
317
318
319
322
326
330
335
338
343
351
358
365
373
378
383
385
387
386
381
378
372
367
361
358
351
349
344
342
337
335
332
331
326
327
324
323
322
322
321
322
322
323
322
323
323
324
324
324
324
323
323
323
322
321
319
319
317
316
314
314
313
313
312
311
311
312
311
311
312
313
315
313
315
316
316
314
315
316
318
315
318
317
320
319
320
319
321
321
323
321
323
322
325
326
331
334
339
344
350
356
365
371
380
384
388
388
389
385
382
377
371
365
360
355
349
343
339
335
332
328
324
323
323
322
321
321
318
318
315
317
317
318
317
320
319
320
319
322
319
319
315
317
315
315
313
314
311
310
309
308
307
307
306
307
305
305
304
305
304
305
305
307
307
307
308
308
307
308
308
309
309
309
309
310
310
311
313
313
316
315
318
319
323
326
332
337
344
348
357
365
375
381
388
390
394
391
391
384
380
373
368
362
359
352
349
344
340
335
333
329
328
325
323
320
319
317
315
314
314
313
314
314
314
314
314
315
315
314
313
312
311
310
309
310
308
308
306
305
304
305
302
304
302
303
300
303
302
304
303
304
304
306
305
306
306
307
305
308
308
310
310
311
312
313
312
313
312
314
314
315
316
319
320
324
328
333
337
345
354
362
370
379
386
391
394
395
396
392
388
381
375
369
365
358
355
349
347
342
340
335
333
328
326
322
321
317
317
314
315
313
313
312
314
313
315
314
314
313
313
312
311
309
310
307
306
304
304
303
302
301
302
300
299
298
298
299
300
301
301
303
302
302
299
301
301
303
303
305
303
306
305
307
307
308
307
310
309
311
310
312
311
315
314
318
319
325
328
335
341
349
357
368
375
383
388
395
395
395
392
389
383
379
372
367
361
356
366
351
344
339
336
333
331
330
328
324
322
318
319
315
314
311
312
311
313
311
313
311
312
321
316
309
308
324
313
304
302
301
300
299
302
297
299
297
296
298
300
295
295
295
297
299
300
300
301
301
298
296
296
296
297
299
300
301
302
304
305
307
307
309
314
320
319
320
317
319
327
319
318
325
329
338
342
352
362
374
380
387
390
393
390
389
384
381
375
370
364
360
357
352
346
343
339
337
333
331
327
326
323
322
319
317
315
313
312
312
312
313
313
313
313
314
314
314
314
312
312
311
310
306
307
305
305
303
304
301
303
301
302
300
301
301
302
302
304
304
305
304
306
304
305
306
307
308
310
309
312
311
313
313
315
316
317
317
317
316
317
317
319
321
325
328
333
338
343
353
358
367
374
382
385
388
388
390
385
382
374
370
362
358
351
347
340
338
332
330
326
325
321
321
319
318
315
316
314
315
315
317
317
319
320
320
320
320
320
320
319
319
317
317
315
313
311
312
311
310
309
309
308
309
310
308
310
309
311
310
311
309
312
311
312
310
311
311
313
313
315
315
316
316
318
317
319
319
319
319
320
321
323
323
327
330
334
339
345
352
361
368
376
383
389
392
394
393
388
383
376
369
364
358
351
346
342
338
334
331
327
327
323
320
317
316
314
314
311
312
310
312
312
314
314
316
314
316
315
316
315
315
313
313
311
311
309
308
307
308
307
307
306
306
304
305
304
304
304
305
305
306
306
307
307
308
307
308
309
310
312
311
312
311
314
313
315
314
316
315
318
317
320
321
326
329
335
340
349
355
364
371
379
385
390
391
391
389
385
379
373
366
361
354
350
344
340
336
333
330
328
325
322
320
319
316
314
311
310
310
310
309
310
311
312
314
314
316
314
315
313
314
312
312
310
310
307
308
305
306
304
305
303
305
303
304
304
305
305
307
306
307
306
308
307
307
306
308
308
309
310
311
312
314
313
313
314
315
316
317
317
318
320
322
325
331
336
342
350
356
368
375
384
388
393
395
395
391
388
381
375
368
364
357
354
348
346
341
338
334
332
329
327
323
322
319
318
316
315
313
315
314
314
314
315
316
316
316
316
315
315
314
313
311
310
307
307
306
304
304
303
302
302
304
302
303
302
304
303
304
303
305
303
306
305
306
304
306
306
308
308
309
309
311
310
313
312
313
313
315
315
316
317
320
323
328
331
338
345
355
363
372
379
387
391
395
394
393
390
385
379
373
369
364
359
355
352
347
344
340
337
332
331
328
327
323
323
319
319
315
315
314
316
315
317
316
317
315
317
315
316
314
313
311
311
308
308
307
306
305
305
302
302
301
302
301
302
301
302
302
303
303
302
302
303
303
303
305
305
306
304
307
306
308
307
310
309
311
309
311
310
312
312
315
316
321
323
329
333
341
347
357
365
374
381
388
391
393
391
390
384
379
372
367
362
358
352
348
343
340
337
334
330
328
324
321
319
317
315
314
314
314
314
315
317
315
317
315
317
315
316
314
314
312
313
310
309
306
306
305
305
302
303
302
303
302
303
302
303
302
303
303
305
304
306
306
305
305
306
307
308
310
311
311
312
312
314
313
313
315
315
316
316
317
319
321
324
329
331
338
343
353
360
370
377
384
388
392
391
392
387
383
376
370
363
359
352
348
342
338
333
329
326
324
321
320
317
317
315
314
315
315
315
316
316
318
318
318
319
319
318
317
316
315
313
312
311
310
310
308
309
307
307
305
306
305
306
306
307
306
308
306
309
307
309
309
309
308
309
309
311
311
313
313
315
314
316
316
317
316
318
317
320
320
323
327
333
338
346
353
362
370
379
385
391
392
392
391
387
381
373
367
361
357
349
345
340
336
331
328
324
322
317
316
313
312
309
310
307
309
308
310
309
311
311
313
313
314
312
313
311
311
308
308
307
306
303
303
302
302
300
301
300
300
300
300
301
302
301
300
301
301
302
303
304
305
305
305
306
305
307
306
308
307
309
309
311
310
312
313
315
317
323
326
333
339
349
356
367
374
382
388
393
393
394
390
385
379
372
366
361
356
351
345
340
336
332
329
326
323
321
318
316
313
311
310
309
309
310
310
309
312
311
312
311
312
310
312
309
309
306
308
304
304
302
303
300
300
299
299
298
300
299
300
298
300
299
301
301
302
302
304
303
303
302
303
304
305
306
307
307
308
309
309
310
311
310
311
313
317
321
326
332
338
347
356
367
375
384
389
394
396
397
393
390
384
379
371
367
361
358
352
350
344
341
338
335
330
328
324
321
318
316
313
312
311
312
310
312
311
312
311
313
311
311
310
310
308
308
304
304
302
301
301
306
307
299
296
295
296
295
296
296
297
297
297
297
299
297
300
299
300
299
301
299
301
301
312
314
308
304
310
317
315
307
308
316
321
314
315
318
331
341
342
344
354
371
386
383
383
384
394
396
385
375
369
364
361
357
360
360
346
340
341
344
333
326
320
319
319
325
321
313
309
317
320
312
306
304
305
322
321
308
305
306
313
317
306
302
299
300
308
312
299
297
297
306
305
298
293
299
305
299
295
294
303
309
302
296
296
298
313
319
305
301
301
304
319
319
310
307
308
314
327
323
313
309
313
325
334
325
328
337
357
359
355
359
367
371
377
378
380
378
376
371
366
359
356
350
347
341
338
334
332
329
326
324
321
319
318
316
314
313
313
314
314
316
316
318
318
319
318
319
317
318
315
316
313
313
311
310
308
308
306
306
305
305
303
304
303
305
304
305
304
306
304
307
306
308
309
308
307
308
309
310
311
312
312
313
313
314
314
315
316
318
319
322
325
328
333
339
345
353
363
369
377
380
385
386
386
380
377
370
365
359
356
349
346
340
338
333
331
327
325
322
320
317
317
314
314
312
314
312
313
313
315
314
316
314
315
315
315
314
314
313
313
311
311
308
306
306
305
305
304
305
304
306
305
307
305
307
306
308
307
309
308
309
306
309
308
310
309
312
310
311
311
313
312
314
314
316
315
318
318
322
323
328
332
338
343
351
357
365
372
378
382
384
384
381
377
373
366
360
357
353
349
344
341
339
335
331
331
327
326
323
322
318
317
314
314
311
313
311
313
312
315
313
315
313
315
313
314
311
312
310
310
307
308
306
306
305
306
306
306
305
306
305
306
306
307
307
308
308
308
308
308
309
310
310
311
310
312
312
312
313
312
314
313
315
314
315
314
316
315
318
319
323
325
333
341
351
352
358
364
375
382
384
384
385
383
384
382
375
366
363
365
364
351
347
342
340
336
334
331
329
327
324
323
324
325
319
316
315
320
323
319
317
317
324
326
316
314
313
316
317
316
310
310
311
315
307
305
305
308
304
302
300
304
306
306
303
303
303
308
310
305
302
303
306
310
307
307
307
310
311
310
308
309
309
311
311
312
311
312
314
315
318
318
320
323
327
332
339
344
351
359
368
376
389
391
394
391
403
415
431
412
419
415
394
374
368
363
363
355
353
340
340
308
295
289
314
300
292
295
292
324
317
308
332
324
301
306
327
333
312
308
319
299
296
293
293
297
295
296
296
302
301
299
296
312
330
331
328
314
291
283
303
292
285
286
293
307
297
293
292
300
342
356
338
333
323
297
289
287
288
294
299
301
300
303
305
308
311
316
322
329
336
344
353
362
370
376
383
386
389
387
385
380
378
371
367
362
358
353
349
344
342
338
337
332
330
327
327
324
324
323
324
322
323
321
323
321
324
323
324
324
324
322
322
321
321
320
320
317
316
315
314
313
313
312
312
311
310
309
309
308
308
308
308
310
310
311
312
313
311
313
312
314
313
314
314
314
314
316
316
318
317
319
318
320
320
325
326
331
336
343
349
357
364
373
379
387
390
392
389
387
382
377
370
365
359
354
348
344
339
335
330
327
322
320
317
316
314
313
312
311
312
310
312
312
314
314
316
315
317
316
317
315
316
313
313
311
310
307
307
304
304
303
304
302
304
302
303
302
304
303
303
303
305
305
306
306
306
305
305
306
308
309
310
311
312
311
312
312
313
313
314
317
319
323
327
334
337
345
352
362
370
379
384
390
391
393
390
387
380
375
368
365
357
353
346
343
337
335
330
327
323
322
319
318
314
314
311
310
310
310
310
311
310
311
312
313
313
313
311
311
309
308
307
306
305
305
304
303
304
302
302
301
304
303
302
299
300
299
301
300
304
302
304
302
304
302
304
302
306
306
307
306
309
307
309
308
310
310
313
314
318
322
328
333
340
347
357
364
373
381
387
391
395
393
390
386
381
375
369
364
360
357
350
347
342
338
334
332
327
326
322
321
317
316
313
313
310
312
310
312
311
313
312
314
312
312
311
311
309
309
308
308
306
306
304
303
301
302
300
301
300
300
300
301
300
300
301
300
301
303
303
303
304
305
306
305
307
306
309
308
310
309
311
310
313
312
316
318
324
327
334
338
347
355
366
373
381
387
394
395
396
393
390
384
379
372
367
362
358
352
349
344
342
338
335
332
328
325
323
318
317
314
312
311
311
312
312
312
313
313
312
314
312
312
310
310
307
308
305
306
303
304
302
302
299
301
299
301
299
300
299
300
299
301
301
302
301
303
303
303
303
304
304
305
305
307
307
308
308
309
309
311
311
314
316
320
325
330
336
343
352
361
371
378
386
389
393
392
392
387
383
376
371
365
363
357
354
348
346
340
338
333
331
327
324
321
320
317
316
314
314
313
314
313
315
315
317
317
317
316
315
314
314
312
311
309
308
306
304
303
301
300
300
299
299
300
Loop stopped.
