Output started
30000
435
421
418
420
420
421
420
419
418
416
414
414
413
412
411
409
406
404
403
398
395
391
389
384
383
379
378
375
376
373
373
371
371
369
369
366
364
362
361
358
357
354
353
350
350
348
347
344
344
343
343
342
342
342
342
341
342
341
342
342
342
344
344
345
345
346
347
348
346
348
346
349
348
349
349
351
351
352
351
354
353
356
355
357
356
357
357
359
359
361
360
362
363
366
369
376
383
392
400
409
415
422
427
432
434
435
434
432
429
427
424
421
418
414
412
408
405
402
398
394
392
387
386
382
381
377
376
373
373
370
372
370
371
368
368
366
366
364
363
360
360
357
357
354
354
352
351
349
348
347
346
346
346
346
347
347
348
348
348
348
349
350
351
352
352
351
352
351
352
352
354
354
355
355
356
359
358
359
359
361
360
361
360
361
361
362
361
363
362
363
363
365
365
368
369
376
382
391
397
406
412
420
427
433
436
438
438
439
436
434
431
429
425
423
419
417
415
413
409
406
402
398
394
391
387
384
382
379
378
376
375
373
373
371
370
368
368
366
366
362
361
359
358
354
355
352
351
348
348
346
347
344
345
342
343
342
345
345
346
345
347
347
348
348
349
348
349
349
350
350
352
352
352
351
352
352
353
353
354
354
355
358
358
360
359
360
360
361
361
363
362
363
363
365
365
367
369
374
380
388
395
404
412
420
426
432
436
440
441
442
441
439
436
433
429
427
422
420
418
416
413
411
406
403
397
394
390
388
385
382
378
376
374
372
371
369
368
366
366
364
364
361
360
357
357
353
353
350
349
346
347
345
345
343
343
342
342
341
342
342
344
343
344
344
345
345
347
347
348
349
349
348
350
349
351
350
352
352
353
352
354
354
355
355
356
357
359
359
360
361
360
362
361
363
363
364
364
365
365
368
368
373
377
386
393
402
409
418
424
432
436
440
441
442
440
439
435
432
428
426
422
420
418
416
412
410
405
402
397
394
391
388
385
383
380
378
376
375
373
372
371
369
368
366
365
364
363
359
358
354
354
350
350
346
346
344
344
342
343
341
341
340
342
340
341
341
342
341
343
342
345
345
347
347
347
345
347
346
347
348
348
348
349
350
351
352
353
354
353
354
354
355
356
357
358
360
360
362
361
363
363
364
363
365
365
370
374
383
390
399
406
416
422
429
433
438
438
438
436
434
431
428
425
421
417
415
411
408
404
400
396
392
389
385
383
382
380
377
375
374
373
372
372
371
371
369
368
367
365
364
364
361
361
357
356
353
353
350
350
347
348
346
347
345
347
345
346
345
347
347
349
349
352
351
353
351
354
354
356
356
358
359
361
361
362
361
362
363
364
365
365
365
366
365
365
366
367
368
368
368
369
371
371
373
371
372
372
375
380
387
393
402
409
420
427
436
440
444
443
445
442
440
436
434
428
425
420
419
414
411
407
405
399
396
391
389
385
383
379
378
374
373
371
370
369
369
369
368
367
365
364
362
361
360
357
356
355
352
352
350
349
348
348
345
347
345
346
345
347
346
348
348
351
350
352
352
353
352
354
354
356
356
358
358
359
358
359
359
361
361
363
362
363
363
364
364
365
364
366
364
365
365
365
364
366
367
367
368
369
372
376
384
391
400
407
416
423
432
436
442
442
443
440
440
435
434
429
427
421
420
416
414
410
408
404
401
397
394
389
387
383
382
378
377
374
373
371
370
370
369
368
366
366
365
363
362
360
357
356
353
352
351
349
348
348
348
348
346
348
347
348
347
349
347
349
348
351
351
352
351
353
351
353
353
355
355
357
356
357
357
358
358
359
359
360
360
361
361
362
361
363
362
363
361
362
362
363
364
364
365
366
367
370
375
382
390
398
408
416
423
430
437
440
443
444
444
440
438
434
432
427
425
420
420
416
415
410
409
404
401
397
394
390
388
385
383
379
378
376
375
373
372
370
370
369
370
366
366
364
362
360
358
355
353
351
350
348
347
346
345
346
344
345
343
343
343
344
343
346
344
346
346
348
347
349
347
349
349
351
351
352
353
354
353
355
354
356
355
358
357
358
357
359
359
360
361
361
361
362
362
362
362
364
364
365
365
367
372
378
386
394
402
410
418
425
433
436
440
440
442
440
438
434
432
428
425
421
419
417
416
413
411
405
402
397
396
391
390
386
384
382
380
377
377
375
375
374
373
371
371
369
368
365
363
360
359
357
356
353
352
350
349
348
347
347
346
346
345
346
344
346
345
347
347
348
347
348
347
349
348
350
349
351
350
351
350
352
350
352
352
353
353
353
353
353
353
355
355
356
357
356
355
356
356
358
358
359
359
362
361
363
363
368
372
378
386
394
401
409
416
422
429
432
435
433
433
431
429
425
422
417
416
412
411
408
407
402
400
396
394
389
387
383
383
380
379
376
376
374
375
373
373
372
373
371
370
368
367
364
363
360
359
357
356
354
354
351
351
349
349
349
348
348
348
349
349
350
350
352
352
355
354
355
353
356
355
357
354
357
356
357
356
358
358
359
359
360
359
362
360
362
362
363
363
364
364
365
364
366
366
368
368
368
368
370
371
376
381
387
394
402
410
418
424
429
434
436
436
436
436
432
430
426
423
419
416
413
412
407
406
401
399
394
392
388
386
382
381
377
377
375
375
374
374
373
373
370
370
368
367
366
365
363
361
359
357
356
355
353
353
351
350
351
350
349
348
349
348
349
350
351
351
354
353
353
352
354
354
355
354
356
356
358
357
359
358
359
358
360
359
361
360
362
362
363
363
364
364
365
366
366
366
367
368
369
369
370
370
373
376
382
388
396
404
412
419
425
429
432
433
434
434
431
429
426
423
419
417
414
412
410
408
403
402
398
396
392
390
386
385
381
380
376
376
374
373
371
371
369
369
368
367
365
364
362
361
358
358
356
355
354
354
352
352
350
350
350
349
349
349
349
350
351
351
352
351
353
353
355
356
356
354
355
354
356
355
356
356
358
357
359
358
361
359
361
361
362
361
362
362
363
363
364
363
364
363
366
366
367
367
369
371
378
383
390
397
405
412
419
425
430
432
434
434
434
432
430
427
425
423
419
417
415
416
413
412
407
405
402
399
395
394
390
389
385
384
382
381
379
379
376
376
375
376
373
372
371
369
367
366
364
363
361
360
358
357
356
356
355
354
352
352
352
351
351
352
351
352
350
351
350
352
352
352
353
352
354
354
355
354
355
355
356
355
356
355
356
356
358
356
359
357
359
358
360
359
360
359
360
360
362
362
365
364
367
368
374
380
387
393
400
406
414
419
425
428
431
430
431
429
428
425
423
420
419
416
415
413
411
409
407
407
403
400
397
394
392
391
387
386
384
382
380
381
378
379
377
377
374
374
372
371
367
366
362
362
359
359
356
356
354
355
352
351
351
351
350
350
349
350
350
351
351
352
351
352
352
352
353
354
354
354
354
355
355
355
357
356
356
356
357
355
357
356
358
358
360
360
362
361
363
362
365
364
365
365
367
367
369
369
373
376
383
388
395
402
408
414
420
423
427
429
430
430
429
427
425
423
420
418
416
413
412
410
410
408
404
404
400
398
395
393
391
389
386
386
384
384
382
382
380
380
378
378
375
374
371
370
367
366
362
361
358
358
355
356
355
354
352
352
352
352
351
351
351
351
351
351
351
352
352
352
352
351
352
352
352
351
352
353
353
353
356
355
356
356
357
357
357
357
357
356
358
358
360
359
361
360
362
362
364
363
364
364
366
369
374
379
386
392
400
405
413
418
424
426
429
429
429
427
426
423
421
417
414
411
409
407
405
403
400
398
394
392
390
389
387
385
383
383
381
382
380
382
380
381
379
379
376
376
373
373
371
371
368
368
365
364
361
362
359
360
359
360
359
359
359
359
359
360
359
360
359
361
362
363
363
364
364
364
364
364
365
364
365
364
365
365
367
367
367
366
367
366
367
366
369
368
370
369
372
370
372
372
373
372
374
372
376
377
383
387
395
401
409
416
424
428
434
436
437
437
437
435
433
430
427
423
421
419
416
414
412
408
405
402
399
396
394
390
387
385
382
382
379
380
378
379
376
376
373
373
371
369
367
367
365
364
361
361
358
358
358
358
357
357
356
356
355
356
355
356
356
357
357
358
357
358
359
359
360
360
360
362
361
361
361
360
361
361
361
362
362
363
363
363
364
362
363
363
364
363
364
363
364
364
367
366
367
367
368
368
374
378
386
393
402
408
417
424
431
435
439
439
439
436
434
431
429
425
423
419
417
415
412
409
407
402
399
395
391
388
385
382
380
378
376
375
373
374
373
373
371
370
369
368
365
365
362
362
358
359
355
356
353
353
351
352
350
351
350
352
350
352
352
352
352
353
353
354
353
355
355
356
355
356
356
357
357
358
358
359
359
360
360
359
360
361
361
362
363
363
365
364
365
365
366
365
367
367
368
367
369
369
373
376
384
391
399
407
415
421
427
431
435
436
437
435
434
431
428
424
422
419
417
414
413
410
408
403
401
397
394
390
389
385
383
381
379
378
377
376
374
373
373
372
371
372
369
368
365
364
362
361
358
359
355
355
352
353
351
351
350
351
350
352
351
352
352
355
354
355
356
356
356
357
357
358
357
359
358
359
358
359
359
360
361
360
360
361
361
362
363
363
362
364
364
365
365
366
367
368
369
370
371
373
377
381
387
393
402
407
416
422
428
432
435
435
436
433
432
429
426
423
420
416
417
414
413
410
408
403
401
397
395
391
389
387
385
383
382
380
379
378
377
375
373
371
370
368
367
365
363
362
360
360
358
357
355
355
352
353
350
352
350
351
349
350
349
350
349
351
351
354
352
354
354
356
355
357
357
357
357
358
358
359
359
361
361
361
361
363
363
363
363
364
364
365
364
364
365
365
367
369
373
378
384
390
398
403
410
414
419
422
425
425
427
425
424
420
418
415
414
410
410
408
408
405
404
401
400
397
396
392
392
389
388
386
386
384
384
382
382
381
380
378
377
375
375
373
371
369
367
365
362
362
361
359
358
358
356
357
357
357
355
357
356
357
356
358
357
359
357
359
358
359
358
360
359
361
360
361
360
362
361
363
363
364
363
363
362
363
363
363
363
365
365
366
366
367
365
366
369
373
376
382
387
393
399
405
411
415
419
421
423
422
421
419
417
413
410
407
406
403
403
401
401
397
396
392
392
389
389
386
386
384
383
382
383
382
383
382
383
380
381
379
380
377
377
376
375
374
373
371
370
369
369
367
367
365
364
364
364
364
365
365
365
367
365
366
366
367
367
368
367
367
366
368
366
369
369
369
368
370
369
370
369
370
369
371
370
372
371
373
373
374
372
374
374
374
374
376
377
382
386
392
397
404
410
416
419
422
424
423
422
420
419
417
414
411
410
408
407
404
404
401
400
398
398
394
394
390
390
388
388
386
386
385
386
385
387
386
386
384
385
381
382
380
380
378
377
375
375
374
374
372
371
371
372
371
371
370
370
370
371
371
370
370
370
370
371
371
372
372
372
374
373
374
373
375
374
374
374
375
374
375
374
375
373
375
374
375
373
376
375
378
376
377
377
380
382
387
390
397
401
409
414
419
423
427
428
428
427
425
423
422
418
416
413
411
409
407
405
404
401
399
397
396
396
394
392
390
390
388
388
386
387
385
386
384
384
383
383
381
381
379
379
377
376
374
375
372
372
370
370
368
369
367
368
367
368
367
367
366
366
366
367
366
366
367
367
368
368
367
367
367
367
368
368
368
369
370
370
371
370
371
371
372
371
371
370
371
370
372
371
374
373
375
375
379
383
389
395
402
406
415
420
427
429
433
433
433
432
431
428
427
424
422
419
419
416
415
414
412
409
408
405
402
401
400
398
396
395
394
393
391
391
390
391
389
389
388
387
384
384
380
380
376
375
372
371
368
368
366
365
364
364
362
362
361
361
360
361
361
361
361
361
361
361
360
360
361
362
362
363
363
364
363
363
363
363
363
364
364
364
365
365
365
367
367
365
366
365
367
366
368
368
370
372
379
382
390
396
405
411
418
424
429
432
435
435
436
433
432
429
428
424
422
419
418
416
415
413
412
407
406
402
400
398
396
394
392
390
389
386
386
386
385
384
384
381
379
379
377
376
374
372
368
367
363
363
360
360
357
358
356
357
354
355
355
356
355
356
356
357
356
357
356
357
357
359
358
360
359
360
360
361
360
361
361
361
361
361
362
363
363
363
364
363
364
364
364
364
363
365
367
367
369
369
372
374
380
384
392
397
405
410
418
422
428
429
432
431
430
427
427
423
420
416
414
412
412
409
408
405
403
400
398
394
393
391
390
388
387
385
384
383
383
383
383
382
380
379
378
377
376
373
372
371
368
368
366
366
364
363
361
361
359
359
357
359
357
359
359
360
359
361
361
362
362
363
362
363
362
363
363
364
362
364
362
363
362
363
363
363
362
363
363
363
362
362
362
363
362
362
362
363
363
365
366
369
372
377
384
389
397
401
409
413
419
420
422
420
421
418
417
414
413
409
407
404
405
402
401
397
395
392
390
388
387
384
384
381
381
381
381
379
379
378
378
377
376
376
375
374
373
371
370
369
367
366
365
364
363
363
361
363
362
363
362
363
362
363
363
365
363
365
364
366
Loop stopped.
