Output started
30000
614
622
623
623
622
621
620
620
619
618
618
619
618
619
617
618
618
619
618
619
619
619
620
621
621
621
622
623
624
627
634
641
647
654
661
668
674
679
683
686
689
691
691
692
690
689
688
685
681
676
670
666
662
658
654
649
646
643
641
638
637
636
636
634
634
634
634
634
634
633
634
632
633
631
631
630
629
629
626
624
624
622
621
620
619
617
616
616
616
615
615
614
615
613
612
611
612
614
614
615
614
615
614
616
616
618
618
618
619
619
620
622
621
623
622
623
625
628
636
643
648
655
661
668
672
678
681
685
689
690
689
688
688
685
683
679
674
669
664
660
656
653
647
644
640
639
636
634
632
632
632
631
631
631
631
631
632
631
631
630
629
627
627
626
625
624
623
622
621
619
618
616
615
614
615
615
615
614
613
613
612
612
612
613
616
616
615
615
616
617
618
618
622
633
646
657
667
676
681
680
675
667
660
651
645
643
641
643
645
647
650
653
655
658
661
665
665
667
665
665
664
664
662
660
656
650
645
643
639
637
634
633
630
630
628
628
628
628
629
629
630
628
627
627
627
625
622
621
619
618
615
614
612
611
609
607
605
604
603
603
604
603
603
603
603
603
604
605
606
605
608
610
612
612
613
612
612
612
612
612
611
611
613
615
617
622
627
632
638
645
653
661
668
674
680
684
688
690
691
691
690
687
685
681
678
674
669
664
660
655
650
647
642
639
636
633
631
630
628
626
624
624
622
623
622
622
621
619
619
618
617
615
612
611
610
609
609
608
605
605
603
602
601
600
600
600
601
602
602
602
602
601
601
601
602
603
603
605
606
606
607
607
607
608
609
609
609
610
611
612
613
616
620
626
632
639
646
654
664
672
679
686
691
693
696
696
696
693
691
690
688
684
682
677
672
667
662
656
651
646
642
639
635
632
629
627
626
624
623
621
622
623
623
622
621
620
619
617
615
614
612
610
609
608
607
606
606
605
604
603
602
603
601
601
600
600
602
604
603
604
603
603
602
603
604
604
605
605
604
605
604
607
605
607
607
608
608
608
610
611
612
615
622
627
633
642
650
660
668
675
681
687
691
694
697
698
698
697
696
695
692
688
685
678
673
668
663
657
654
649
645
641
639
635
633
630
629
627
626
626
626
624
624
622
622
621
620
617
616
616
614
612
611
611
610
608
607
606
606
605
604
603
602
601
601
600
600
601
601
601
602
603
603
604
604
604
604
605
606
606
606
607
607
608
608
610
610
612
611
612
612
613
614
617
622
628
635
643
651
659
667
674
680
685
690
692
694
694
693
691
689
686
682
678
672
667
662
658
653
648
644
640
636
634
633
631
629
628
628
627
626
625
625
625
624
624
622
621
620
619
618
617
616
615
613
612
611
609
609
607
607
606
606
605
605
604
605
604
605
606
606
608
608
609
609
610
611
610
611
612
614
615
617
617
618
618
619
619
620
620
622
622
623
626
631
638
645
653
661
669
676
682
688
692
695
697
697
697
696
695
692
690
686
680
676
672
666
661
655
651
647
644
641
638
636
633
631
630
629
629
628
628
628
627
626
627
627
626
624
624
622
620
619
618
617
615
614
612
611
610
608
607
606
605
605
605
607
607
607
607
607
607
607
609
610
609
610
610
610
609
609
610
610
611
613
612
614
615
616
617
618
618
618
621
628
633
640
648
658
667
675
681
688
693
696
700
701
703
703
703
700
697
693
690
683
679
673
670
665
660
655
650
646
642
638
636
633
631
628
628
627
627
626
627
626
626
624
624
623
623
622
621
620
619
617
616
615
613
612
610
608
606
607
607
607
607
607
606
606
605
605
605
606
605
606
607
609
608
609
609
610
611
612
612
613
614
615
614
615
615
615
617
619
624
632
639
648
656
665
674
682
689
696
700
703
705
706
706
704
702
699
696
693
689
684
679
674
668
663
657
653
648
643
640
637
635
632
630
628
627
625
626
625
625
622
622
620
619
616
614
612
610
609
608
607
605
605
604
601
600
598
598
597
597
596
598
597
598
598
598
599
600
601
602
603
605
606
606
607
608
608
609
609
612
612
614
615
616
616
616
617
618
619
622
629
636
644
654
663
672
681
688
695
699
704
705
707
707
706
704
702
698
696
690
685
679
675
669
664
657
652
645
642
637
635
633
629
628
627
627
626
625
624
623
622
621
620
619
618
617
615
614
613
611
609
609
607
606
604
602
602
601
600
601
600
599
599
600
600
601
602
602
603
604
604
606
606
607
607
608
608
607
609
611
611
612
612
613
615
616
616
617
616
617
618
618
620
623
630
639
648
659
667
676
683
690
696
701
705
707
708
708
706
703
701
697
693
687
682
677
673
667
662
656
652
646
642
639
636
632
631
629
628
628
629
627
627
625
625
625
624
622
621
620
618
616
615
613
611
610
608
606
605
604
604
603
604
603
603
603
602
602
601
602
603
603
603
603
603
605
606
608
608
609
609
609
609
610
611
612
613
614
615
616
616
616
617
618
619
622
627
633
639
647
655
665
672
681
689
695
701
705
707
708
708
707
705
703
701
698
692
686
681
675
669
664
658
653
649
644
641
638
636
634
633
632
631
631
631
630
630
629
629
628
627
624
623
620
619
616
616
615
614
611
611
609
609
607
607
606
605
605
606
605
604
604
605
605
605
605
605
605
607
607
607
608
609
609
609
610
610
611
611
613
614
616
616
618
618
619
620
622
628
634
640
648
657
666
676
685
691
698
703
707
709
711
711
710
707
704
700
697
690
687
680
675
671
666
660
655
651
647
644
641
640
638
635
635
634
635
634
634
634
634
633
632
629
629
627
625
623
622
621
618
616
614
613
611
611
611
611
610
610
608
609
609
609
608
608
608
608
608
609
609
610
610
611
612
612
612
613
614
615
616
617
618
618
618
619
620
620
622
625
630
638
645
654
663
672
682
689
695
700
705
708
709
708
707
704
701
698
693
687
683
677
672
666
661
656
651
647
643
639
637
634
633
630
630
628
628
627
628
628
628
627
627
626
625
624
624
621
619
617
615
612
611
610
610
609
610
609
609
608
608
607
607
609
608
609
609
609
608
609
608
609
607
608
610
610
611
613
613
613
613
614
613
614
614
617
619
624
631
640
646
656
664
673
680
688
693
696
699
700
698
697
695
693
690
687
680
675
670
664
658
654
650
644
641
637
635
633
631
631
630
630
631
630
631
631
632
631
630
628
628
625
625
623
622
620
618
617
615
612
612
610
609
608
608
606
605
606
607
605
605
605
606
606
607
609
609
610
611
612
612
613
615
615
616
616
616
616
617
618
620
623
629
637
645
655
665
674
682
690
694
699
701
703
702
702
699
698
695
692
689
685
679
675
668
663
656
651
645
643
638
636
633
633
630
629
629
628
628
628
628
627
625
623
622
622
620
620
617
616
615
614
611
610
608
606
605
603
602
601
601
600
600
599
601
600
601
602
604
605
605
606
607
608
610
610
610
609
610
610
611
611
612
614
618
624
632
640
651
661
672
682
691
697
702
705
707
708
708
707
706
704
701
696
692
686
680
675
669
664
658
653
648
644
640
637
634
631
629
628
627
626
623
623
622
620
618
618
617
616
614
612
611
609
606
605
604
602
600
600
598
599
598
598
598
598
598
598
597
598
599
599
600
601
600
601
601
602
603
604
605
606
606
607
607
608
610
611
616
624
631
639
649
660
670
680
690
698
703
706
708
709
709
708
707
704
700
696
691
686
683
676
671
665
659
653
649
643
639
636
634
631
629
628
626
625
624
621
620
618
617
616
614
612
609
607
606
605
602
600
598
597
596
596
595
594
594
593
592
593
592
592
591
592
591
593
594
596
596
597
596
597
598
600
601
604
605
609
608
610
609
610
611
614
619
625
634
646
657
668
678
687
693
700
704
707
708
708
706
704
703
700
696
692
686
680
675
669
663
657
651
645
640
635
632
629
627
624
623
622
622
621
620
618
616
614
614
611
609
607
605
603
603
600
600
598
596
595
593
592
591
590
590
589
590
590
590
589
590
592
594
595
596
596
597
598
600
601
602
603
602
604
604
605
606
607
608
608
609
611
612
618
625
634
645
657
667
678
686
694
699
704
707
710
709
708
706
704
701
697
694
688
684
679
672
666
659
655
650
644
638
634
631
629
626
625
623
622
621
620
620
617
617
615
614
611
610
608
606
604
603
601
600
598
596
595
594
593
593
592
593
592
592
591
592
591
592
591
592
591
592
593
594
595
598
599
600
602
603
603
603
604
606
607
608
609
610
611
612
613
617
619
622
625
632
642
652
663
673
682
692
699
704
708
710
711
711
711
708
706
701
698
693
688
682
677
671
665
657
652
646
642
638
635
630
630
626
626
624
624
624
623
621
621
619
618
617
615
615
613
611
608
605
605
605
604
602
601
600
599
599
599
599
598
598
599
599
599
600
601
601
601
602
602
604
605
605
605
607
606
607
607
609
609
610
611
613
613
615
614
616
616
619
619
622
628
634
640
649
661
671
681
689
696
703
707
710
712
711
710
708
706
703
699
694
688
681
677
671
667
661
656
651
648
644
640
638
636
635
635
632
632
631
631
628
628
627
625
623
623
621
619
618
618
615
614
612
611
610
608
608
606
605
604
604
603
602
602
602
602
601
602
602
602
603
603
603
604
605
606
607
607
608
608
610
610
611
612
612
613
615
614
615
616
617
618
621
626
632
638
648
658
667
675
684
691
698
703
706
707
709
709
708
706
703
700
696
690
685
679
674
668
663
657
653
649
646
642
640
637
636
635
633
633
633
632
632
630
629
629
627
626
623
623
622
620
618
617
615
614
613
612
611
610
608
608
606
607
605
605
605
605
603
604
604
605
606
607
607
607
608
609
610
610
611
612
613
614
614
615
616
617
618
619
619
619
620
621
624
629
635
642
651
659
667
674
682
688
693
697
700
701
703
702
701
699
696
692
688
683
679
673
668
663
659
653
649
645
644
640
639
637
636
635
635
636
635
635
634
634
634
633
632
631
630
629
627
626
625
623
622
621
620
619
617
617
616
615
614
613
613
612
612
612
611
612
614
616
617
619
619
618
618
617
615
616
614
614
614
614
614
615
615
616
616
618
620
622
627
633
639
647
656
664
672
680
686
691
695
698
699
700
700
698
696
693
690
686
681
677
672
668
664
659
655
649
645
642
641
639
639
637
637
636
636
635
636
635
635
634
634
632
632
630
629
627
626
624
623
621
621
620
619
618
616
615
614
613
613
612
613
612
612
611
611
611
611
611
611
611
612
613
614
614
614
615
614
616
617
618
618
619
618
619
620
622
627
634
641
648
656
666
673
680
685
689
692
696
696
696
695
693
689
688
685
679
673
669
663
658
654
649
645
641
638
636
635
634
634
634
634
633
633
633
633
634
634
632
632
631
629
627
626
624
623
622
622
619
618
617
617
616
616
616
615
616
615
613
613
613
614
613
615
614
615
615
617
617
618
619
621
621
621
621
622
621
622
622
625
627
634
640
648
656
665
674
681
688
693
697
700
703
704
702
699
697
694
692
688
683
678
674
667
662
657
653
647
644
641
639
635
634
632
632
633
632
631
631
630
631
629
629
628
626
624
623
621
620
619
615
612
612
611
609
607
607
605
604
604
605
606
606
607
609
608
608
609
610
611
611
612
613
616
616
617
616
617
617
618
621
624
629
635
642
651
659
669
678
687
693
699
702
704
704
704
703
702
701
699
696
691
685
680
674
669
663
657
651
646
642
638
636
634
632
630
629
627
626
625
626
625
624
623
621
620
618
616
614
613
611
609
608
607
607
605
604
602
602
602
602
602
602
601
603
602
603
602
604
604
605
605
607
607
608
608
608
608
609
609
610
611
614
617
625
633
643
653
663
673
682
690
696
699
702
704
704
704
703
702
699
696
690
686
680
675
670
665
658
653
647
643
639
636
631
628
625
624
622
622
620
619
619
618
616
615
614
613
612
610
609
608
607
606
605
603
602
601
599
599
599
599
599
599
599
599
599
600
601
601
603
603
604
604
605
605
605
605
606
606
607
607
608
608
610
613
620
629
637
646
657
666
677
684
692
698
703
705
708
707
708
706
704
701
698
694
689
683
677
670
664
657
651
645
641
636
633
629
626
624
623
622
620
619
617
616
613
611
610
608
607
607
605
604
601
600
599
598
595
595
594
594
593
594
593
593
593
593
594
594
593
596
595
597
598
599
600
600
602
603
603
604
604
604
604
606
605
607
607
609
610
617
625
634
643
654
664
673
682
689
696
699
702
703
705
704
702
699
697
694
691
684
680
672
667
661
654
647
641
636
633
627
625
621
619
617
616
615
615
615
614
613
613
612
611
609
608
606
605
603
602
600
600
599
598
597
596
595
595
595
596
596
594
594
595
595
594
596
596
597
599
601
602
604
605
605
605
606
607
608
608
609
610
611
611
612
612
614
613
614
615
619
625
634
644
654
663
673
680
689
696
700
703
706
709
709
707
706
703
700
697
692
687
682
677
671
666
660
654
649
645
640
637
634
632
630
628
627
625
624
623
623
622
620
619
617
617
614
613
611
609
607
606
605
604
600
600
598
598
597
598
598
597
597
597
597
598
597
598
597
598
597
598
599
601
603
603
Loop stopped.
