Output started
30000
513
498
492
487
486
482
480
476
473
468
467
462
461
456
455
452
450
447
447
444
445
442
445
444
444
443
442
442
441
440
440
438
437
435
435
433
430
430
429
428
427
425
424
424
423
423
421
421
419
420
419
421
419
420
418
419
419
420
419
422
421
422
422
424
423
423
422
424
425
427
426
427
428
430
432
437
442
448
455
461
468
473
479
485
490
494
496
497
498
497
495
492
489
487
485
482
480
478
476
472
469
466
464
461
460
457
456
453
451
447
447
446
446
446
446
445
446
445
444
443
443
441
440
439
438
436
435
433
431
430
429
428
428
426
425
423
423
422
422
421
420
419
419
417
418
419
419
419
420
420
420
419
420
423
424
425
426
425
425
425
425
426
427
429
430
431
431
431
430
431
432
438
442
448
452
459
464
471
477
484
487
491
492
495
494
494
491
490
485
485
481
479
475
474
470
467
463
462
459
457
455
452
450
448
447
446
445
444
446
446
448
448
448
447
448
446
447
445
446
443
443
441
443
439
439
437
437
435
436
434
435
433
433
432
434
432
432
431
432
432
433
432
432
433
435
435
436
435
435
436
436
436
437
437
437
438
437
439
438
439
440
443
444
444
442
442
441
442
443
447
451
456
460
466
471
478
482
488
490
494
496
497
496
495
493
492
489
487
484
480
479
476
473
470
468
466
464
462
459
458
456
454
453
453
452
452
453
454
454
454
454
453
452
452
451
450
450
449
448
447
446
447
445
445
444
443
443
443
443
442
442
441
441
440
440
439
440
439
439
439
439
438
439
439
441
440
442
441
442
441
441
441
442
442
443
441
443
442
443
443
446
447
447
447
446
445
446
448
451
454
457
463
468
474
479
485
490
495
498
502
501
502
500
500
498
497
494
495
492
492
488
485
480
477
473
472
468
467
462
462
458
457
454
454
453
455
455
457
456
455
456
457
456
455
454
453
453
450
450
448
447
445
443
442
443
441
442
439
440
437
437
435
437
435
436
433
434
432
434
433
434
434
435
434
435
435
436
436
437
437
439
439
440
441
440
441
442
441
442
440
441
442
443
445
445
445
446
446
449
451
455
459
464
469
474
480
487
492
496
500
502
503
503
502
501
500
498
496
493
490
487
487
484
481
477
476
473
471
469
467
465
463
460
459
458
458
457
457
456
457
457
457
455
455
454
455
453
454
451
451
449
448
446
446
443
442
441
440
439
438
437
437
436
436
436
436
435
435
435
435
435
434
435
434
436
436
438
437
439
439
440
439
441
440
443
441
443
442
442
441
442
442
444
443
445
444
446
446
448
450
455
458
464
468
473
478
485
490
494
496
498
498
498
497
496
494
493
491
488
488
483
482
479
477
473
473
469
468
466
465
462
460
457
457
455
457
455
456
454
455
453
453
452
452
451
452
450
450
449
447
446
445
444
442
441
441
441
440
439
439
438
437
437
437
437
436
437
436
436
435
436
436
437
437
437
437
437
438
438
437
438
439
440
439
440
440
441
440
442
442
444
444
444
443
443
443
445
447
450
452
456
460
465
472
478
483
488
491
494
495
496
495
494
492
490
487
484
482
480
478
475
472
469
467
467
465
464
462
460
458
458
458
458
458
457
458
457
458
458
459
458
459
456
457
456
456
455
455
451
451
448
449
447
447
446
447
445
446
445
446
445
445
444
445
443
445
443
444
443
444
444
444
444
445
444
446
445
445
445
446
447
447
449
448
450
450
450
448
448
446
450
450
455
458
464
468
474
478
485
487
492
493
497
496
497
494
494
490
489
485
482
479
477
473
471
468
467
465
464
462
460
458
457
457
456
456
455
456
457
458
458
459
458
459
458
460
459
459
457
457
455
455
453
454
452
453
451
453
452
451
450
450
449
449
449
449
448
448
448
448
448
449
449
448
448
448
448
448
448
448
447
448
448
449
450
451
452
452
451
451
452
453
455
460
463
466
471
476
481
486
491
495
499
501
501
501
500
498
497
494
491
489
488
484
482
479
476
473
473
471
470
467
465
462
461
458
458
456
457
458
459
458
459
457
457
456
456
454
456
454
453
451
451
449
450
447
447
446
446
444
444
444
443
444
443
442
441
441
442
442
441
442
442
443
440
442
440
441
440
443
442
443
441
442
441
444
444
446
446
447
447
448
449
452
453
458
462
467
471
478
482
488
494
497
499
501
501
501
500
499
497
496
493
489
488
485
484
481
479
476
475
471
470
467
465
461
460
457
457
453
455
454
456
455
457
455
456
454
454
452
452
452
451
450
448
446
445
443
443
441
440
440
439
438
439
438
438
438
437
436
436
436
435
434
434
434
434
434
435
434
434
435
436
437
437
438
437
438
438
438
438
439
439
442
442
442
442
443
445
447
450
455
459
463
468
475
481
487
493
498
500
503
503
502
500
500
497
496
492
491
488
487
484
482
477
475
473
472
469
466
464
462
457
456
454
454
454
454
455
455
454
453
452
452
451
450
450
447
448
446
445
443
443
441
440
439
440
438
438
436
437
435
436
435
436
433
434
433
434
432
434
432
433
432
433
433
434
433
434
434
435
435
436
436
437
438
439
439
438
440
439
441
442
443
443
445
444
445
446
449
451
457
460
467
468
476
481
489
494
499
501
505
504
506
503
503
500
498
494
493
489
487
484
482
478
476
473
470
469
466
463
460
459
456
454
454
455
453
454
454
454
453
454
451
451
451
450
450
449
447
446
444
442
441
441
440
440
438
437
436
435
433
434
433
433
432
431
431
431
431
432
432
432
432
431
431
432
433
434
434
434
435
436
436
436
437
436
436
437
436
438
439
440
441
442
441
442
441
443
445
449
453
458
463
469
475
482
488
493
498
500
503
503
503
501
499
496
494
490
487
484
482
478
475
471
469
465
464
461
459
455
455
453
454
453
454
453
454
453
454
453
453
451
452
451
451
450
449
447
447
445
444
444
442
443
442
441
440
440
439
440
438
439
438
439
438
439
438
439
439
440
439
440
440
442
440
442
441
444
444
446
445
447
445
447
447
449
450
450
450
449
448
447
448
450
454
459
462
466
472
476
483
488
493
496
498
499
499
497
496
492
490
486
484
481
479
474
472
469
467
464
463
460
458
455
455
454
454
454
455
454
456
456
457
457
457
456
456
456
456
455
456
455
454
452
451
450
449
448
448
446
447
446
445
446
444
443
442
442
442
443
443
443
444
444
444
444
444
445
445
445
445
446
444
444
443
446
447
449
451
453
453
453
452
452
454
458
461
466
471
476
481
486
492
497
501
505
506
507
506
507
504
503
500
498
493
490
485
483
478
476
474
471
469
467
465
463
462
460
458
457
458
458
460
459
461
461
461
460
460
458
458
456
456
454
454
451
450
447
447
445
446
444
444
442
443
441
442
440
441
440
440
439
440
440
441
441
442
443
444
443
443
444
445
443
443
443
442
443
443
444
445
446
447
447
446
448
449
452
455
460
463
469
473
481
485
492
496
501
502
503
502
501
498
497
495
493
490
488
484
482
479
476
474
471
469
467
465
464
461
459
456
455
454
453
454
454
454
454
453
453
452
451
452
451
451
450
449
448
447
446
444
443
442
442
442
441
441
440
441
438
438
438
438
437
438
438
439
438
439
439
439
439
440
440
440
442
443
442
443
440
441
441
443
442
444
445
446
446
447
449
452
454
457
462
468
473
478
483
488
494
497
500
502
503
502
501
499
498
495
494
489
488
485
484
480
478
474
473
470
469
466
465
462
461
458
458
457
458
458
460
458
460
457
457
455
455
453
454
453
452
449
449
446
446
444
444
442
442
441
441
441
441
442
440
440
438
439
438
438
438
438
437
439
437
438
437
438
436
440
441
446
447
451
452
453
450
450
446
445
442
441
439
440
439
442
445
449
454
459
463
469
475
481
487
492
496
498
498
497
496
494
491
489
487
485
482
480
479
475
473
469
468
466
465
461
460
457
456
454
454
453
454
453
454
453
453
452
453
452
452
451
450
449
449
448
447
445
444
443
442
441
441
439
439
437
437
436
436
435
436
436
436
436
436
436
437
437
438
438
439
439
439
441
441
442
442
443
445
444
444
446
447
446
447
446
446
444
445
447
448
452
457
463
468
474
479
486
491
496
498
501
500
500
496
495
492
490
487
485
482
480
475
473
469
467
464
462
460
459
456
455
455
455
454
455
456
457
458
456
457
455
455
452
452
449
449
447
447
444
445
443
443
441
443
442
443
442
443
441
442
441
442
441
442
441
442
441
441
440
441
440
441
439
440
439
440
440
441
441
441
442
443
445
447
451
449
448
447
448
449
454
459
465
469
477
481
489
496
503
506
510
511
513
511
511
509
507
502
500
496
494
490
489
483
479
477
473
470
468
464
462
459
457
456
455
454
454
454
455
455
455
453
452
451
451
449
450
450
454
459
457
453
454
450
448
447
445
444
441
441
438
439
435
435
434
433
433
429
432
433
433
433
433
430
420
418
419
421
423
424
424
427
426
427
433
445
449
450
450
448
450
454
457
460
465
463
467
474
480
489
495
500
504
506
506
506
504
503
501
499
496
494
490
487
484
481
478
475
473
469
466
461
457
451
451
447
447
445
447
447
448
446
449
446
447
445
445
445
445
443
443
440
440
438
437
433
433
434
433
431
430
431
431
428
427
429
429
429
428
429
428
429
429
431
429
430
428
430
429
431
429
433
431
431
429
430
430
430
431
433
430
432
434
437
439
446
452
456
464
473
480
488
494
500
504
506
508
509
509
508
504
503
500
496
492
490
487
484
480
477
476
472
468
466
464
458
455
454
453
450
451
451
451
451
451
451
449
446
447
447
446
442
441
440
439
437
435
434
432
431
431
433
432
428
431
429
427
426
427
427
426
425
426
425
425
425
428
431
430
426
429
430
426
426
430
431
427
426
430
432
428
431
434
434
431
432
435
436
435
442
449
456
456
466
474
481
483
492
498
502
498
502
502
500
494
495
493
489
481
482
477
472
469
470
467
462
458
458
455
450
449
450
448
444
445
449
448
444
448
449
448
443
445
447
444
440
443
443
440
438
438
439
436
433
436
433
433
430
433
432
429
428
430
427
427
427
428
427
428
426
428
430
429
430
433
432
431
430
431
431
433
437
440
438
439
438
437
437
438
439
442
446
451
460
466
469
475
485
490
495
497
504
505
500
499
500
496
489
486
487
483
475
474
474
470
463
463
461
458
453
453
451
448
446
447
449
447
447
450
451
448
447
449
447
445
445
447
447
443
443
444
444
439
439
441
439
436
438
439
436
433
437
440
438
436
440
442
437
436
439
438
438
438
440
441
439
440
442
442
439
442
444
446
442
445
447
447
444
445
446
447
447
455
460
466
466
477
484
491
490
501
505
506
504
506
507
502
498
497
492
489
486
486
483
479
472
472
471
465
465
465
463
456
456
454
455
450
450
452
454
449
452
450
451
445
448
448
446
442
447
444
443
438
441
439
436
434
437
437
435
433
436
433
431
431
433
433
430
431
434
433
431
434
436
435
430
433
436
435
431
436
437
438
433
437
437
438
434
441
438
438
437
443
444
448
450
459
462
467
473
483
488
492
498
504
503
501
502
503
501
495
496
495
491
485
487
485
482
474
475
473
470
463
464
464
460
457
457
455
454
453
455
456
454
453
456
454
451
451
453
450
447
446
446
445
440
439
441
437
433
434
436
435
431
434
435
433
431
435
437
435
435
438
436
434
434
435
433
433
433
433
434
433
434
436
436
433
433
433
434
434
435
436
437
437
438
441
443
446
452
457
461
468
476
481
487
493
497
499
498
499
499
497
494
492
490
488
485
483
481
478
474
473
470
468
464
463
460
458
454
454
452
452
450
452
450
452
450
453
450
451
449
451
448
448
445
445
442
440
438
439
437
436
435
435
434
434
434
435
434
433
434
434
435
433
434
434
434
432
434
433
433
432
435
434
435
433
437
436
437
435
439
438
440
441
443
441
441
440
443
444
446
450
455
460
466
472
480
484
489
493
495
496
496
494
494
491
487
487
483
480
476
478
472
470
468
469
464
462
459
461
456
456
454
456
454
456
456
458
457
456
455
457
455
454
453
454
452
452
451
451
449
447
448
447
445
445
444
443
442
443
443
442
441
440
442
440
440
440
441
441
441
441
443
442
442
442
444
443
443
444
445
445
447
448
448
447
448
445
447
446
448
452
457
462
467
474
480
485
492
498
500
501
504
505
504
499
496
496
493
486
483
479
476
472
470
467
465
461
460
458
456
453
453
454
453
453
455
455
456
456
458
457
455
455
456
454
452
452
452
451
448
448
447
446
443
444
444
444
441
441
441
441
438
440
440
440
438
440
439
440
439
440
439
440
440
442
441
441
440
442
442
443
444
447
445
444
444
445
446
449
455
459
466
471
476
483
491
495
501
505
507
507
507
506
505
501
500
496
494
490
489
485
481
477
477
472
470
467
467
463
461
459
460
456
455
455
458
457
458
457
458
456
455
454
454
452
451
450
449
447
445
444
443
441
440
441
441
439
438
440
438
437
436
438
436
436
435
437
436
435
435
438
436
437
437
437
436
437
436
436
436
437
438
440
441
441
440
441
441
446
451
457
460
468
477
482
488
496
500
504
505
507
508
507
505
504
502
Loop stopped.
