Output started
30000
436
427
422
421
423
424
425
425
427
427
429
430
431
431
433
433
435
436
436
436
437
438
440
441
444
442
443
441
442
443
445
446
448
451
456
463
470
478
485
492
498
504
511
517
521
524
526
527
524
522
517
515
510
507
503
500
496
493
488
486
480
477
473
470
467
466
463
461
457
455
454
453
452
451
450
450
449
449
448
447
444
442
441
440
438
437
435
434
432
432
430
429
429
428
427
427
428
427
429
428
429
428
430
430
431
431
432
432
434
434
436
434
436
436
438
437
440
439
439
438
439
437
440
443
448
452
459
464
471
477
485
490
496
500
505
511
515
518
521
521
520
516
513
509
506
501
499
496
492
488
485
481
477
473
470
467
465
463
459
458
453
453
451
450
448
448
448
449
449
450
449
448
445
444
440
438
435
435
432
432
429
428
426
425
422
423
422
422
422
423
423
423
424
425
425
426
426
425
425
426
427
428
429
430
431
432
433
434
435
435
438
438
437
436
439
440
442
441
444
446
451
456
464
471
481
489
498
505
513
519
524
528
530
528
527
524
521
516
513
506
502
497
493
489
485
479
476
472
469
466
463
460
458
455
454
452
451
451
450
451
449
448
446
445
442
440
438
437
435
435
433
432
430
430
427
427
426
426
424
425
424
425
424
425
425
427
426
427
428
430
431
432
433
434
434
435
436
437
438
440
440
441
442
441
441
441
441
442
444
444
445
448
453
458
466
474
483
490
499
506
515
520
527
530
533
533
532
527
525
520
515
509
505
501
498
494
490
484
480
473
470
466
464
460
458
454
451
448
445
443
442
441
440
439
439
437
437
435
434
432
430
428
427
425
425
424
422
422
421
420
420
420
420
421
420
422
421
423
422
425
425
425
426
428
428
430
429
431
430
432
432
433
433
435
435
436
436
437
437
437
438
440
441
443
445
450
455
463
470
480
488
497
505
513
520
527
531
534
535
534
530
527
523
517
514
509
505
500
497
491
488
481
477
472
469
465
462
458
456
452
451
447
448
446
446
445
445
444
444
441
441
439
437
435
434
431
430
428
428
427
427
426
425
424
424
423
424
425
425
425
425
426
427
427
429
430
430
431
432
433
433
434
435
435
435
437
436
437
437
439
439
441
441
441
440
441
441
443
443
446
448
452
457
465
471
481
489
498
505
514
521
529
533
537
539
539
536
533
529
525
520
515
511
506
501
497
492
488
483
479
475
471
468
464
462
458
457
453
453
450
450
448
449
447
448
445
445
443
442
439
439
437
436
434
433
431
431
429
429
427
427
425
426
425
426
426
426
426
428
428
428
428
429
429
430
430
432
433
434
433
433
434
435
436
437
437
438
440
439
439
439
440
440
441
441
443
444
449
452
460
467
476
484
494
501
512
520
530
536
541
542
543
541
538
533
529
523
519
513
509
504
500
493
488
483
479
475
473
470
468
466
464
460
457
455
454
454
453
453
451
452
450
448
447
446
443
441
438
437
434
435
433
433
431
431
429
428
425
426
423
424
424
425
424
425
425
426
426
427
427
430
429
430
432
435
438
440
442
443
442
442
439
438
437
436
438
442
449
456
464
472
481
490
498
506
514
520
526
528
531
530
529
523
518
511
505
500
498
494
494
492
492
487
483
478
475
469
465
459
454
449
446
442
441
438
437
435
435
434
434
433
432
431
431
431
431
429
428
426
425
424
424
422
421
421
419
419
418
419
418
419
419
420
420
421
423
425
425
427
428
432
434
439
440
442
440
440
438
440
440
441
441
444
447
454
460
469
477
486
492
499
506
513
516
520
521
521
519
518
513
509
503
498
492
486
482
478
474
471
466
463
460
458
457
454
453
449
448
446
446
443
445
444
445
444
443
442
441
440
442
440
440
437
437
434
434
432
431
428
428
427
426
426
426
425
425
425
425
424
425
424
426
427
429
429
430
430
430
431
432
432
432
432
432
434
433
435
436
437
438
442
446
453
460
470
478
487
494
503
509
516
521
525
526
528
526
523
517
513
507
502
498
493
487
484
479
474
468
465
462
459
457
455
453
451
450
452
452
452
452
453
453
451
449
448
446
444
443
442
440
439
438
437
436
433
433
430
431
429
432
431
430
429
430
430
431
431
431
432
433
432
433
431
433
433
434
433
434
434
435
437
439
441
443
445
449
454
462
469
479
488
497
505
514
521
527
530
532
533
531
528
523
519
513
508
502
496
491
486
481
476
470
466
462
461
458
457
454
453
451
452
453
454
454
456
454
453
452
450
449
448
445
445
442
441
438
436
433
432
430
431
428
427
425
425
425
426
425
426
426
426
426
428
429
430
430
431
432
434
435
434
435
436
436
437
440
440
442
443
447
452
461
468
478
486
495
504
513
521
530
535
540
540
539
535
532
527
524
519
515
509
505
497
493
487
483
476
472
467
464
460
457
454
451
449
448
446
445
445
444
444
444
443
441
440
437
435
432
430
427
427
424
423
421
421
418
417
416
416
415
416
416
416
416
418
418
420
421
423
424
425
426
428
427
427
428
430
429
431
432
434
435
438
441
446
452
463
472
483
492
501
510
518
525
531
535
535
536
532
528
523
518
511
507
502
498
493
490
483
480
475
472
467
463
458
454
449
447
444
443
440
439
438
438
436
437
435
434
432
430
428
426
425
423
421
421
418
417
415
414
414
414
414
415
415
415
415
416
418
419
422
422
423
424
426
425
426
427
429
430
432
433
434
433
435
435
438
438
441
444
451
460
469
478
488
498
508
517
524
530
535
537
539
537
535
529
524
518
513
508
504
499
494
489
484
479
473
468
463
458
456
453
449
447
445
443
441
441
440
441
439
438
435
435
431
431
427
426
423
422
420
420
418
418
417
416
416
415
414
414
414
415
415
416
416
417
418
420
420
421
421
423
425
426
426
428
429
432
432
433
434
435
435
435
435
436
439
441
445
449
455
463
474
483
493
502
513
521
530
535
540
541
542
539
537
533
529
522
517
511
507
501
497
491
486
479
474
467
463
457
455
451
448
445
442
439
439
438
438
437
436
435
435
433
432
430
430
428
426
425
423
422
420
419
418
418
417
417
417
417
418
419
417
418
419
420
419
420
420
422
422
423
422
424
426
427
427
428
427
429
431
433
433
433
432
433
433
435
436
438
439
442
447
455
463
474
484
495
504
514
525
534
541
545
547
547
545
540
536
531
526
520
515
509
504
497
492
486
480
474
469
465
464
460
458
455
452
448
447
445
445
444
444
443
442
441
440
437
435
432
431
427
426
425
424
422
421
418
417
416
415
414
414
414
416
416
416
417
417
418
419
419
419
421
421
422
422
423
423
424
423
424
423
424
424
427
426
428
428
430
429
431
431
435
435
438
442
447
455
465
475
487
497
508
518
527
534
543
548
552
552
551
546
541
533
527
521
515
509
503
497
490
484
478
474
468
464
461
458
455
453
450
447
444
444
443
443
443
443
442
441
438
438
436
434
431
429
427
427
426
425
422
421
420
418
417
415
414
415
415
416
415
416
416
417
418
420
420
422
422
423
424
425
426
427
428
428
428
429
431
432
434
435
435
435
435
434
435
435
437
438
439
440
444
449
458
467
480
490
501
510
521
530
537
542
546
546
545
541
537
531
525
518
513
505
500
493
488
481
477
470
465
461
458
455
452
451
447
446
445
444
443
444
443
444
444
443
441
439
437
435
431
431
428
427
425
425
422
422
421
422
421
421
419
420
419
422
421
423
423
425
426
428
427
430
429
430
429
432
432
434
433
434
435
437
438
438
437
438
439
440
441
442
442
445
446
449
454
461
472
481
493
503
513
523
533
538
545
546
547
543
541
536
532
525
519
512
506
499
494
487
481
474
470
465
463
458
455
452
449
445
445
445
445
445
446
446
446
445
443
440
440
438
434
432
430
428
427
425
424
422
420
421
420
420
419
419
417
418
418
419
420
422
421
423
422
424
425
428
428
430
429
432
432
435
436
436
437
438
438
439
440
441
441
442
444
447
452
460
469
480
491
502
512
524
532
539
545
549
550
547
544
539
534
527
522
516
510
504
498
492
487
479
474
467
464
459
456
452
450
445
444
441
441
442
447
450
453
451
449
443
439
433
428
423
419
415
413
409
408
406
405
403
403
402
403
402
403
403
404
403
404
405
407
409
411
412
414
415
418
422
423
426
427
429
430
431
432
433
433
434
432
434
435
438
440
444
446
452
458
470
480
494
505
517
527
537
543
550
554
556
554
552
546
541
535
530
524
519
512
507
500
496
489
482
475
472
470
469
466
462
458
453
449
444
441
438
436
433
432
429
428
425
424
420
419
416
415
413
413
411
410
409
409
407
408
408
409
408
409
408
410
410
411
413
415
415
418
419
420
421
422
421
423
424
425
425
426
427
427
428
429
430
430
429
429
430
431
433
434
436
440
448
456
467
479
492
504
517
528
539
545
554
556
558
556
553
547
542
535
529
523
517
510
506
499
493
486
480
472
468
462
458
454
451
447
444
439
439
436
436
435
434
434
432
430
428
426
424
422
420
418
416
415
414
412
412
412
409
409
408
408
407
408
409
410
412
413
413
415
414
417
417
419
419
420
420
421
421
423
424
424
424
425
426
427
427
429
430
430
431
430
430
429
429
431
431
434
436
441
451
462
475
489
502
514
527
537
546
553
558
559
558
554
550
542
535
527
522
517
511
503
498
492
486
477
472
465
461
456
453
448
445
440
438
435
434
432
432
431
430
428
426
422
421
417
414
411
407
405
404
402
401
400
400
400
399
397
398
398
399
402
403
405
405
407
409
409
410
411
410
413
413
416
416
418
417
420
421
423
424
425
426
426
427
429
429
431
431
432
430
432
432
433
434
436
436
439
442
449
458
470
482
497
511
523
535
544
550
556
558
559
555
550
544
537
531
523
518
510
504
496
491
483
477
468
463
457
455
450
449
446
444
441
440
438
439
437
437
436
437
434
433
429
428
426
425
422
421
418
417
416
415
413
413
410
411
410
410
410
410
411
411
411
411
412
412
412
414
416
417
418
420
421
423
425
426
429
430
432
433
434
434
436
437
437
437
440
441
445
446
447
448
450
452
458
466
478
489
503
515
528
539
547
553
558
559
558
554
549
541
536
529
523
515
509
502
495
489
483
477
472
466
461
456
452
449
446
442
438
437
434
435
435
435
434
434
431
429
426
424
421
420
417
417
414
413
410
411
409
408
406
407
406
407
406
407
406
408
409
410
410
412
413
414
416
417
418
420
421
423
424
424
425
427
427
429
430
430
431
433
434
434
435
435
436
437
440
443
450
461
475
488
502
516
530
542
553
559
564
565
564
558
553
547
539
532
526
518
512
505
500
492
486
478
473
465
458
453
449
444
441
437
434
431
429
427
425
425
424
423
421
419
417
415
412
411
407
406
404
403
400
399
398
398
397
398
398
399
398
399
398
401
400
403
404
405
407
408
408
411
413
415
416
418
418
419
419
421
422
424
426
427
428
429
429
431
430
431
433
434
434
436
440
446
455
468
482
497
511
525
537
548
558
563
568
567
566
560
555
545
539
530
525
518
512
504
499
490
485
477
472
465
460
454
449
444
441
436
433
430
428
426
424
422
422
420
419
417
416
413
412
409
408
406
405
404
402
402
401
401
401
402
402
403
402
403
404
406
406
409
409
411
411
414
415
416
417
418
419
421
421
423
424
425
424
425
425
427
428
431
431
433
432
431
431
432
432
435
437
438
441
444
452
462
474
490
504
518
531
543
554
563
568
571
571
567
562
555
548
539
533
524
517
510
503
496
491
483
478
470
465
458
454
449
446
441
439
436
435
432
431
430
430
428
426
424
422
420
418
416
415
412
411
409
408
406
407
405
405
404
403
402
401
402
403
404
405
406
407
409
410
412
412
413
413
415
416
418
419
420
421
424
423
425
426
428
427
429
429
432
432
434
433
435
434
434
435
437
438
440
442
448
454
465
478
493
506
521
534
547
557
567
572
575
574
572
566
559
552
545
537
530
523
515
509
501
495
486
479
472
466
459
455
449
447
441
438
434
432
429
429
427
429
427
426
423
423
421
421
419
417
415
415
412
412
409
408
406
405
405
406
406
407
407
408
407
409
410
411
412
414
416
416
417
418
419
421
422
423
425
426
426
427
429
429
431
431
433
433
434
434
435
435
435
433
435
434
435
435
438
439
445
452
463
474
489
501
516
528
541
551
560
565
569
569
567
561
555
547
540
532
525
517
510
504
497
491
484
476
469
462
457
454
450
447
443
440
437
436
434
434
433
433
432
433
430
428
425
425
423
422
420
418
416
415
412
412
410
410
410
410
409
409
407
408
406
408
409
411
412
413
415
416
417
418
419
421
422
423
424
425
427
429
429
429
431
432
433
433
435
434
436
435
435
435
436
435
437
437
438
438
441
444
451
459
471
483
497
509
524
535
546
555
561
563
564
560
558
551
544
536
529
520
513
504
498
490
484
477
470
465
460
455
452
447
444
441
440
439
438
439
438
439
439
439
437
437
434
434
430
428
425
424
422
421
419
418
415
415
412
413
412
412
412
413
414
414
415
416
416
418
419
419
420
422
423
425
426
428
429
430
429
430
431
432
434
436
434
435
436
436
437
439
440
442
442
443
444
Loop stopped.
