Output started
30000
538
532
530
528
527
525
525
524
523
520
519
518
518
517
516
513
512
511
511
509
508
507
507
507
508
507
506
504
504
502
500
499
498
498
498
498
498
494
494
494
495
494
495
494
494
495
494
493
492
492
491
493
492
492
492
492
492
493
493
493
492
492
492
492
492
492
491
492
492
492
491
492
492
494
492
493
492
494
495
496
496
497
496
498
496
496
496
497
496
499
501
505
507
511
512
515
518
521
524
528
531
532
535
537
538
538
540
540
540
540
537
536
534
531
531
529
532
531
530
528
527
525
524
522
522
521
520
518
518
518
518
516
516
515
514
512
511
508
507
506
505
504
502
499
497
495
493
491
490
488
487
486
486
486
485
485
486
487
488
488
489
490
490
490
491
492
492
493
491
492
491
492
491
492
492
494
493
494
495
496
496
496
496
496
496
498
498
499
499
499
499
499
499
499
500
502
503
505
506
506
507
509
511
514
516
520
524
528
533
536
540
541
543
546
546
547
547
545
544
542
540
537
536
533
532
529
528
525
525
524
524
523
522
521
519
515
514
511
511
510
510
509
510
508
509
506
506
506
505
503
503
500
500
497
496
495
496
495
496
495
494
494
494
494
494
494
494
494
495
495
496
497
496
497
497
497
496
496
496
496
497
497
496
498
498
498
499
500
501
502
500
501
501
501
501
502
501
501
502
501
499
500
500
501
503
505
505
508
508
510
511
515
517
521
525
530
535
540
542
544
545
546
546
547
547
544
542
538
537
535
532
530
528
526
524
522
520
519
518
517
517
515
515
511
511
508
507
507
508
506
507
506
505
503
502
500
500
498
499
498
497
496
494
493
493
493
493
494
494
494
493
493
492
492
492
492
495
495
495
495
495
494
494
495
495
496
496
497
495
496
495
494
494
494
495
495
494
495
495
494
493
495
495
496
496
497
497
497
497
498
498
501
501
503
504
506
508
511
513
517
521
526
530
534
538
541
544
546
546
546
544
541
539
538
536
534
533
530
530
529
527
525
525
522
521
519
518
517
515
514
513
510
510
510
509
509
509
508
507
505
504
502
500
500
500
497
498
497
498
497
496
494
494
493
494
493
493
492
492
491
491
491
490
491
491
491
493
493
492
491
491
492
492
493
494
495
493
494
494
495
496
498
497
499
497
497
497
498
497
498
499
500
500
501
500
500
499
499
498
499
500
502
503
506
506
510
512
515
517
521
524
529
533
536
540
543
546
548
548
547
545
544
543
542
540
539
537
536
535
532
532
530
529
527
527
524
525
523
522
520
518
516
515
513
513
512
513
513
513
511
510
508
505
503
503
502
501
500
501
498
498
497
497
497
497
495
495
494
495
495
495
495
496
496
497
497
496
496
494
492
491
489
488
488
488
490
490
491
490
491
490
491
491
493
493
494
494
495
495
495
495
496
495
497
496
496
496
496
495
495
495
497
497
501
503
505
507
510
511
514
517
524
529
532
538
541
544
545
547
547
548
546
545
543
541
539
537
535
534
532
532
530
528
527
528
526
526
524
523
522
521
520
520
520
522
522
524
525
524
521
520
516
515
511
509
506
504
502
499
497
496
494
495
493
493
490
488
486
485
483
482
481
482
485
485
486
486
487
486
486
486
487
486
489
490
491
491
492
491
493
492
494
494
497
496
496
496
497
497
497
496
498
498
499
500
501
501
502
502
503
503
503
504
505
507
509
511
513
515
519
522
526
530
534
538
541
544
545
546
545
543
541
541
540
539
535
535
531
530
529
529
527
526
524
523
521
519
516
515
514
514
512
512
510
510
507
508
507
507
506
506
503
503
502
503
502
502
500
501
500
501
500
500
498
498
498
497
498
498
499
499
498
499
498
497
497
496
497
496
498
499
499
498
498
497
497
497
498
497
498
497
498
498
498
497
498
498
500
499
501
500
503
502
503
503
504
504
505
506
508
509
510
512
514
515
519
522
527
531
537
541
544
545
547
547
547
547
545
545
543
540
536
533
531
530
529
528
526
525
522
521
519
518
515
516
514
514
513
512
510
510
509
509
507
506
505
505
502
503
501
502
501
501
499
499
497
497
496
497
496
496
495
496
496
495
494
495
495
494
494
494
496
496
497
497
497
497
498
497
497
496
496
496
498
499
499
499
500
497
498
498
499
498
499
500
501
499
501
500
502
501
502
503
505
507
509
510
512
513
514
516
520
525
531
535
541
544
546
547
547
547
546
545
544
541
540
538
535
534
532
531
530
527
525
525
522
521
519
518
515
515
511
511
508
508
506
506
505
505
503
503
501
501
500
500
499
499
497
497
495
496
496
495
494
495
493
493
494
494
495
494
493
493
494
493
494
495
495
494
494
494
494
493
492
492
493
494
493
492
493
492
493
492
493
493
494
494
496
496
496
496
497
495
497
497
498
498
499
499
501
501
503
504
506
506
508
507
510
513
519
524
530
534
538
542
544
545
545
545
545
544
543
542
541
540
537
536
534
532
530
529
528
526
525
522
521
519
516
514
511
511
509
509
508
508
506
506
505
505
503
503
500
500
499
499
498
498
495
495
494
494
493
493
492
493
492
491
489
490
489
490
490
490
492
491
491
489
490
489
489
489
490
490
490
490
490
489
490
489
491
491
493
493
493
492
493
492
493
493
494
494
495
495
497
496
498
496
498
498
498
498
500
500
502
505
507
508
511
514
518
519
525
530
536
539
543
546
546
548
547
545
543
543
542
541
538
537
535
534
532
531
528
527
524
523
521
520
518
518
516
515
512
512
510
510
510
510
508
508
507
507
506
505
503
504
502
502
499
500
499
498
497
498
497
496
494
494
494
494
494
495
494
493
493
493
493
492
492
491
492
492
492
493
493
493
492
490
491
491
492
493
494
493
494
493
494
494
494
494
495
495
498
498
500
502
506
510
512
512
511
510
509
507
506
504
506
506
508
509
512
515
521
527
532
537
540
541
541
542
541
541
540
539
537
536
535
535
537
539
538
538
537
536
534
534
532
530
527
523
519
517
515
513
512
512
511
512
510
511
510
509
506
505
501
499
496
495
493
493
491
490
489
488
488
488
486
487
486
487
486
486
486
487
487
486
486
486
486
486
487
487
490
489
491
492
492
492
492
491
492
492
495
495
496
495
496
495
496
496
497
497
499
498
498
498
499
498
499
499
499
499
500
502
506
507
511
513
516
520
524
528
533
536
540
543
544
546
546
545
543
543
542
540
537
536
534
534
532
531
529
527
525
523
521
520
519
518
517
516
513
513
510
509
509
509
508
508
507
506
502
501
499
499
498
497
496
495
494
494
493
494
494
495
495
496
495
496
495
497
496
497
497
497
497
497
496
496
496
495
495
494
495
495
496
497
498
497
499
499
500
500
502
502
502
503
502
501
501
501
502
501
503
503
506
507
508
509
510
511
514
516
520
526
531
535
539
542
545
546
546
544
546
545
543
542
541
538
535
533
531
529
527
524
523
524
523
520
518
515
511
509
507
507
506
505
503
502
501
502
502
503
503
503
501
500
498
496
495
497
497
498
496
494
493
492
492
493
493
494
492
492
490
491
490
491
489
490
489
489
488
488
487
487
487
487
488
487
488
487
488
487
489
489
491
492
494
493
495
494
495
495
497
497
499
498
501
501
502
504
508
510
514
518
524
529
534
538
543
546
548
549
550
548
547
544
542
538
537
534
534
531
530
528
526
524
524
523
522
521
519
517
515
514
514
513
511
511
509
508
508
508
506
505
503
502
500
500
498
499
498
498
496
496
494
496
493
494
492
492
490
489
487
486
487
488
488
488
488
487
488
488
488
489
489
489
490
490
490
491
491
491
491
492
492
492
492
491
492
493
493
494
495
495
496
496
497
496
497
498
500
500
503
504
508
512
515
518
522
526
532
535
540
544
546
546
547
545
544
541
540
537
536
533
530
527
525
524
524
522
520
519
517
516
514
512
510
508
507
505
503
503
501
501
500
499
498
497
496
495
492
492
491
491
491
493
490
491
488
488
485
486
484
484
484
485
486
486
486
486
486
487
486
487
488
489
490
490
489
490
489
490
490
492
493
494
494
494
494
494
494
494
494
495
494
495
496
497
498
498
498
497
498
497
499
498
500
500
503
503
504
506
509
512
515
518
522
524
530
533
539
543
547
550
552
552
551
548
547
544
542
539
537
535
534
532
530
528
527
526
525
523
522
521
519
516
514
513
510
510
509
509
508
507
506
506
504
503
501
502
501
501
500
499
497
496
495
495
493
492
489
488
486
487
487
488
487
487
486
486
485
484
484
484
484
483
484
483
485
484
485
484
483
484
485
486
488
490
491
491
493
492
493
493
493
493
493
494
494
495
495
495
496
496
497
497
498
499
500
501
503
504
506
507
510
511
515
517
520
524
530
533
539
543
547
548
549
548
549
546
546
544
543
541
539
535
535
532
532
530
528
528
527
526
526
524
523
519
518
516
515
516
514
513
511
511
510
508
506
506
504
503
500
499
498
499
498
498
496
497
496
496
494
493
491
492
491
492
492
493
491
492
492
493
492
492
492
494
493
493
492
493
492
493
494
494
494
495
495
496
496
496
495
496
497
496
496
495
496
496
497
499
502
503
503
503
505
506
507
504
504
501
500
500
502
505
509
512
517
523
529
534
539
543
546
547
546
544
545
543
543
541
538
535
535
531
528
525
524
523
522
521
521
522
521
519
516
515
514
512
511
510
509
509
508
506
503
501
502
502
500
500
500
500
497
497
495
495
494
492
490
491
492
493
492
492
491
492
492
493
493
494
494
493
491
492
494
496
497
498
497
496
495
497
498
499
498
498
499
500
500
501
502
500
500
499
499
499
499
500
501
500
500
499
501
503
506
507
509
509
513
515
520
523
527
531
537
540
544
546
549
548
548
545
545
542
541
539
537
535
534
531
530
527
526
524
522
519
517
516
515
513
512
509
507
506
506
506
505
505
504
503
502
500
498
498
496
496
494
495
494
494
491
492
490
490
489
489
489
490
491
491
490
490
488
489
489
490
490
491
491
492
492
492
491
492
492
493
492
493
493
494
495
495
495
496
495
495
495
495
494
495
496
495
496
496
496
497
498
498
497
497
499
500
502
505
508
510
513
514
520
524
530
535
541
544
548
549
549
547
547
544
542
540
539
536
535
532
530
528
526
524
524
521
520
518
516
513
511
510
510
509
508
506
504
504
504
504
503
503
500
498
496
495
494
493
491
492
489
490
488
487
488
489
488
489
487
487
485
485
484
484
484
484
485
486
487
488
489
491
490
491
491
490
490
493
493
495
495
496
495
496
497
497
497
498
498
498
498
498
498
498
497
497
498
499
500
499
499
499
501
501
504
507
510
512
516
517
521
526
531
536
541
544
547
548
550
549
549
547
546
543
543
540
539
537
534
532
531
528
528
525
523
522
520
518
516
514
512
511
509
509
508
507
507
507
506
504
504
502
501
500
498
497
496
496
494
494
494
493
491
491
490
491
491
493
492
491
490
490
487
487
486
487
485
486
487
488
488
488
488
489
489
491
491
492
492
491
490
490
489
489
489
490
492
492
492
491
492
492
493
494
494
494
495
494
495
495
497
498
500
500
503
503
507
508
512
513
517
521
528
533
540
544
550
555
560
562
562
561
560
557
553
548
546
539
538
534
532
528
525
523
523
521
522
521
519
516
514
512
510
508
507
506
506
505
504
504
504
503
503
503
502
502
501
501
498
499
498
499
498
499
497
497
496
496
494
494
493
492
493
494
495
495
493
494
494
494
494
495
496
500
501
500
498
498
497
498
497
499
501
501
501
500
500
498
497
497
496
497
497
497
497
496
496
496
496
496
497
498
500
501
501
501
505
507
510
512
515
518
524
528
533
537
541
543
545
545
547
545
544
541
539
537
535
533
533
530
528
527
525
523
522
520
520
517
515
514
513
511
510
509
508
508
508
508
506
504
502
500
499
499
498
498
496
496
494
495
494
494
493
492
490
490
489
487
487
487
486
487
487
487
486
486
486
487
486
487
487
489
488
488
489
488
487
488
490
490
490
491
490
490
490
491
491
492
492
492
493
492
493
492
493
495
496
497
499
499
504
507
512
515
520
522
528
532
536
537
540
540
541
541
541
539
538
536
534
532
532
531
530
529
528
525
524
521
519
515
514
511
509
506
506
505
503
503
502
501
501
500
499
498
497
495
494
494
493
494
494
493
492
492
491
489
488
489
488
489
488
487
486
486
484
486
486
487
486
487
487
487
486
486
485
486
485
486
486
487
486
486
486
486
485
486
487
488
488
489
488
488
488
488
489
490
491
491
492
492
493
492
491
492
493
494
496
498
501
501
505
507
510
514
519
524
529
535
540
543
547
548
551
551
550
548
547
545
544
541
540
538
538
535
534
531
530
527
525
522
520
518
517
515
514
511
509
508
507
507
505
505
504
501
500
499
498
499
497
496
495
494
492
492
490
490
488
488
486
487
485
486
485
485
484
484
484
485
485
486
485
486
485
487
487
489
488
489
489
490
489
489
488
490
489
488
488
490
489
491
492
491
490
491
492
493
493
494
494
495
495
496
495
495
496
497
499
500
502
504
506
508
511
513
519
523
530
534
540
542
545
546
547
546
547
543
542
540
538
536
535
532
Loop stopped.