Output started
30000
534
538
545
552
559
563
566
566
566
563
561
555
551
545
541
535
529
524
519
513
510
506
503
499
496
494
491
490
488
487
485
486
483
483
482
482
479
478
476
476
474
474
470
469
466
465
463
463
461
461
460
461
460
458
457
456
454
455
455
455
453
454
453
454
453
454
454
455
456
457
458
458
459
459
460
460
461
460
461
462
463
464
466
466
468
469
473
478
487
495
506
515
527
537
548
555
563
568
571
571
571
568
565
561
555
550
545
540
535
530
524
518
513
508
504
499
496
493
490
486
484
483
482
481
480
478
477
476
476
474
474
473
472
470
469
468
466
464
463
461
461
460
459
458
457
456
456
456
456
456
456
456
455
456
455
457
457
457
457
457
457
459
459
460
461
462
463
464
463
464
464
465
465
467
467
469
469
470
471
474
478
485
493
502
513
523
534
545
554
560
565
567
566
565
563
561
557
551
546
540
537
531
526
519
513
508
503
499
496
493
491
488
487
484
483
481
482
481
481
480
480
478
478
476
476
475
474
472
471
468
468
466
466
464
463
460
460
458
457
456
456
455
454
456
456
455
455
456
456
457
458
458
458
460
458
460
460
462
463
465
465
466
467
468
468
469
469
473
473
476
475
477
480
484
489
497
505
516
525
536
546
555
561
566
568
569
566
563
560
555
549
542
537
531
525
520
516
511
507
501
498
495
491
487
485
482
480
478
479
477
478
477
478
476
476
474
474
472
472
471
471
468
467
465
465
463
462
460
460
458
458
456
456
455
455
453
453
453
454
454
454
453
454
454
454
454
457
459
459
460
461
462
463
464
465
466
465
466
466
469
470
472
473
475
479
487
494
505
514
524
534
542
545
546
547
549
547
548
549
550
549
549
547
546
542
540
534
531
527
522
517
512
508
504
499
496
493
492
489
488
487
487
486
485
485
484
483
481
480
479
478
476
474
471
470
467
466
466
465
463
463
461
461
459
459
458
457
456
457
456
457
456
457
456
457
457
457
457
459
460
461
461
460
459
459
458
458
459
461
462
465
464
465
468
471
477
485
495
505
515
527
536
545
551
555
558
558
557
554
551
547
541
536
532
528
524
519
515
508
505
501
498
494
492
490
488
487
486
484
484
483
484
482
482
480
479
477
475
474
473
470
470
466
466
463
463
460
459
457
456
455
454
454
455
454
454
454
454
455
455
456
456
456
457
457
457
459
457
459
457
459
458
458
458
460
459
461
459
462
461
463
463
466
467
470
475
484
492
502
513
526
536
545
553
560
564
565
564
562
557
553
548
543
537
531
525
520
514
510
506
502
498
494
492
489
487
485
485
484
483
481
481
480
479
476
475
473
472
470
471
469
468
465
465
463
462
462
463
462
462
460
461
460
461
460
460
459
459
458
460
461
463
462
462
462
463
464
465
466
465
466
466
466
467
469
470
472
470
471
472
474
473
474
475
477
477
479
479
481
484
489
493
502
510
518
526
535
543
550
555
560
562
563
561
560
556
552
547
541
536
529
523
518
512
507
503
500
497
495
493
492
489
488
488
486
485
484
484
485
484
483
482
481
479
478
478
477
476
474
473
471
470
469
469
468
468
467
466
464
466
464
464
464
465
465
467
466
466
465
465
464
464
464
465
465
467
468
468
467
468
468
470
470
471
470
471
469
470
471
472
473
474
474
476
479
484
490
497
504
512
520
529
537
544
549
553
556
556
555
552
550
544
542
536
533
528
524
518
514
509
506
503
501
498
496
493
491
488
487
486
488
488
489
487
486
485
483
481
481
479
478
476
475
473
472
471
470
470
470
469
468
469
468
468
467
467
466
465
465
467
466
468
468
468
468
470
469
471
471
472
472
474
474
475
475
476
476
478
477
478
477
477
478
480
481
484
484
486
486
491
496
503
510
519
527
536
544
552
557
563
566
568
567
565
562
558
553
548
544
537
533
526
522
516
511
507
503
500
498
495
495
492
492
489
491
488
488
487
488
487
488
486
486
485
485
482
481
480
479
478
477
476
477
476
475
473
471
471
470
469
469
469
469
468
468
469
469
471
470
471
471
471
471
472
472
473
473
475
474
474
474
476
476
477
476
476
477
478
478
481
480
481
484
487
493
499
507
516
525
535
545
554
559
565
568
569
568
565
562
559
553
549
544
539
534
528
524
519
513
508
506
503
502
500
500
498
497
495
495
494
493
490
489
487
486
484
482
480
479
476
476
475
474
471
470
468
468
466
467
465
466
465
464
463
462
462
463
463
465
465
466
467
467
467
468
468
470
469
468
467
468
469
471
471
471
471
473
471
473
474
476
478
478
479
480
485
491
499
508
517
527
538
547
556
563
568
572
573
571
568
564
560
554
548
543
540
533
529
522
518
511
509
503
502
498
495
492
490
486
486
484
485
483
483
480
481
479
477
476
475
474
474
472
472
469
467
467
464
462
460
460
459
457
455
454
453
453
453
454
452
453
452
455
454
456
457
459
458
460
459
461
461
463
463
464
464
465
463
465
467
468
468
470
470
472
475
482
489
500
510
522
533
546
555
562
568
572
572
571
568
565
561
556
550
543
537
532
527
520
516
510
505
500
498
494
494
491
489
487
486
484
484
481
479
476
475
471
471
469
469
467
465
464
464
462
462
459
460
459
459
457
455
455
455
455
455
454
453
453
452
452
452
453
453
455
454
456
457
459
460
462
462
463
463
463
463
465
463
466
466
468
469
471
471
473
474
477
483
491
499
512
524
536
546
557
564
567
568
570
568
567
564
560
554
549
543
539
533
529
525
521
515
511
507
503
499
496
493
490
486
483
482
479
478
477
475
472
471
469
467
466
464
462
461
459
457
455
454
453
452
450
451
449
448
446
448
448
448
448
447
447
448
449
450
452
455
455
457
457
458
458
460
460
462
462
463
463
462
463
462
463
465
466
468
470
471
474
478
487
496
506
517
528
539
549
556
562
566
569
567
566
562
559
552
549
542
537
532
528
522
518
514
510
506
503
498
495
490
488
485
483
481
480
477
476
473
473
470
469
467
467
464
463
462
460
457
455
452
451
450
451
450
449
449
448
448
448
449
448
448
448
450
450
452
451
453
454
456
457
457
457
459
458
460
461
463
462
462
461
464
463
465
466
467
466
468
466
468
469
475
483
493
503
514
527
539
548
556
560
562
562
559
559
554
550
544
539
534
529
523
519
513
512
506
503
498
497
492
489
485
482
480
480
477
476
474
472
471
471
471
472
471
471
469
468
466
465
463
462
461
461
459
459
457
457
456
456
457
458
457
455
455
455
455
455
456
457
457
459
459
459
461
462
463
463
464
465
467
468
469
468
469
468
468
467
471
471
474
474
476
476
478
483
488
496
505
512
523
534
542
549
555
558
559
559
557
553
551
547
541
536
533
526
522
519
515
511
506
504
502
499
495
492
489
487
485
485
482
482
481
480
477
476
474
473
473
472
470
471
470
469
466
465
463
463
462
462
460
460
458
458
457
456
454
455
455
456
455
457
458
460
459
460
459
461
460
463
463
465
465
466
467
468
469
470
471
472
473
473
474
475
477
479
480
480
481
481
484
487
493
500
508
517
529
538
548
555
561
563
565
564
563
560
556
550
546
540
537
532
528
522
518
513
510
505
504
500
498
495
493
489
489
485
483
481
479
478
478
478
477
478
478
478
476
475
474
472
470
470
469
468
466
467
466
466
463
463
462
464
463
463
463
464
464
466
466
467
467
469
469
470
469
469
469
471
470
471
472
474
474
475
475
476
475
477
476
478
479
480
482
482
482
484
486
491
497
503
513
523
531
540
547
553
558
559
560
559
558
554
551
546
539
535
532
527
523
517
514
510
507
505
503
500
497
495
494
492
492
490
490
488
487
486
486
484
484
482
480
479
477
477
477
475
474
473
472
472
472
473
471
471
469
470
469
469
468
469
469
469
467
468
467
469
469
471
470
472
472
473
472
474
474
475
475
476
476
477
478
478
479
480
481
482
482
484
486
488
493
498
504
512
518
527
535
545
551
557
560
561
560
558
554
550
545
542
537
534
531
526
522
518
515
512
510
507
504
502
500
497
495
494
494
494
493
492
491
489
489
488
488
487
487
486
485
483
482
480
480
479
479
479
478
476
476
474
474
472
472
470
470
469
470
469
471
470
471
471
471
471
471
471
472
473
473
473
472
472
471
473
473
475
477
479
477
477
478
482
487
494
500
510
518
528
537
546
552
559
562
565
564
564
561
558
553
550
544
541
537
533
529
526
521
519
514
512
508
506
502
501
498
498
497
496
497
497
497
496
494
493
492
490
489
488
486
483
483
480
481
479
479
477
478
475
476
474
473
471
472
470
471
469
469
470
472
471
473
472
472
471
473
472
474
474
474
473
474
474
476
477
479
479
480
481
482
484
488
494
500
510
517
528
539
548
557
564
568
571
570
569
566
564
558
555
549
545
542
539
534
531
527
523
518
514
509
507
502
499
497
496
494
493
491
490
489
487
485
484
481
480
478
476
474
473
470
469
468
467
467
465
465
465
466
465
464
463
463
462
464
465
466
466
467
466
467
466
467
467
469
468
470
469
470
468
469
467
468
468
470
470
472
473
475
478
484
493
503
513
524
536
546
554
561
564
567
567
565
563
560
555
552
546
543
538
533
527
521
515
510
506
503
500
496
494
490
487
485
485
482
483
482
481
480
479
478
478
475
474
473
471
469
468
464
463
460
459
459
458
455
455
453
453
451
452
451
451
452
453
454
456
457
457
458
459
459
460
460
463
462
463
463
464
465
465
465
466
468
469
469
470
473
477
484
493
504
515
528
539
550
558
564
566
568
568
566
562
559
554
550
544
540
535
531
527
522
516
513
509
507
503
500
495
493
489
486
483
482
481
481
479
480
477
477
474
472
469
467
464
462
459
458
456
455
454
453
452
452
451
450
449
448
449
449
450
450
452
452
454
454
455
455
455
454
455
453
454
454
455
455
457
457
459
459
461
462
464
466
467
469
475
479
488
497
506
516
528
538
548
556
560
562
565
566
566
565
559
555
548
544
537
531
525
521
516
513
507
504
499
496
492
487
483
481
480
479
478
478
476
476
473
473
469
468
466
464
462
462
460
459
457
455
452
452
451
450
449
450
449
449
449
449
449
451
452
454
455
455
455
456
456
457
458
458
460
460
461
461
461
460
461
460
461
462
464
465
466
466
468
470
475
481
489
498
509
519
530
540
548
554
558
559
560
557
555
550
547
542
538
534
529
525
521
517
514
509
506
502
497
494
491
488
485
484
482
482
481
479
478
475
474
473
472
472
470
470
467
468
466
463
460
459
458
458
457
459
457
456
453
454
452
452
451
452
452
452
452
453
453
455
456
457
456
458
458
460
460
460
459
460
460
462
462
463
464
465
466
467
468
469
469
471
474
480
487
496
505
515
524
535
545
551
557
559
561
559
558
554
550
546
541
537
534
529
524
519
514
510
507
503
502
497
496
493
492
490
490
488
489
487
486
484
484
482
482
480
479
476
475
474
473
471
470
469
467
466
465
465
464
464
462
462
460
461
461
462
461
463
462
465
464
465
466
466
466
467
466
468
466
468
468
471
471
473
472
473
472
473
474
477
478
479
479
480
479
481
484
488
494
504
512
522
531
541
549
556
560
561
561
560
558
553
550
544
539
534
530
526
522
516
512
508
505
502
501
497
495
493
491
488
487
485
485
483
483
481
482
480
479
477
477
473
474
472
472
471
470
468
467
467
466
466
467
466
466
466
465
466
466
467
467
467
467
468
469
470
470
471
471
472
472
474
474
475
475
476
475
477
477
478
478
478
478
480
480
482
481
483
486
489
493
501
507
516
525
534
542
548
553
556
558
559
557
555
551
547
542
537
533
529
524
519
515
510
508
506
504
501
500
497
495
492
490
489
489
489
489
488
489
488
487
487
488
486
485
482
481
479
478
477
477
475
474
472
472
471
471
469
469
468
469
468
467
467
468
468
469
469
470
470
471
472
473
473
475
477
478
478
478
479
480
479
480
482
482
483
484
485
488
493
498
502
509
516
524
533
541
548
553
557
560
560
559
558
555
552
547
543
539
536
530
527
522
519
514
511
508
506
503
502
499
499
496
496
495
495
493
494
492
492
491
492
490
490
488
487
485
485
483
483
482
481
481
479
478
477
475
474
473
472
473
472
472
471
472
471
472
472
474
473
475
474
476
474
477
477
479
477
478
476
477
476
478
479
482
482
483
484
487
492
498
505
513
520
529
538
546
553
559
564
565
565
564
561
559
555
550
545
540
538
532
528
523
519
515
513
509
508
505
503
500
499
498
496
494
494
492
493
491
491
489
488
487
486
485
484
484
483
481
482
479
480
478
478
478
477
475
475
475
474
474
474
474
473
474
474
474
474
475
474
474
474
475
475
477
477
477
475
476
476
479
480
483
481
484
484
490
494
502
510
519
527
537
545
555
562
566
567
568
565
563
559
556
550
545
540
535
529
523
519
516
513
511
508
505
503
500
497
495
494
494
493
492
492
492
492
491
491
490
490
489
489
487
486
483
484
481
480
479
478
476
476
474
473
470
471
469
470
469
469
470
471
471
471
470
471
471
472
472
472
472
472
472
472
472
472
472
474
474
475
477
Loop stopped.
