Output started
30000
408
390
384
386
385
386
385
387
386
386
387
388
389
391
391
393
391
393
393
392
391
392
392
393
392
393
394
395
396
397
397
398
396
397
397
397
396
396
397
398
397
398
399
399
401
400
401
400
401
400
401
400
401
400
403
402
403
403
405
405
407
407
410
411
413
415
418
420
423
426
430
433
436
437
439
438
437
434
433
430
429
427
426
425
426
423
422
420
419
418
417
416
414
413
412
410
409
409
408
409
408
408
407
407
404
405
402
402
400
400
397
398
396
398
397
397
395
395
393
394
392
394
394
393
392
393
393
394
394
394
393
394
393
393
392
393
394
395
396
397
396
397
396
395
395
395
396
396
397
398
399
399
400
398
399
398
399
397
398
396
397
397
400
400
403
402
405
406
407
407
409
409
411
410
413
415
420
423
428
432
435
436
436
435
434
432
431
429
428
425
424
421
420
421
420
419
417
416
416
415
414
412
410
409
408
410
410
410
408
408
406
406
405
406
403
403
401
401
400
400
399
400
398
399
397
397
396
397
396
398
397
397
396
397
397
398
398
398
397
398
396
397
398
400
399
399
399
399
398
398
399
399
400
399
400
400
401
401
403
404
404
401
401
400
401
401
403
402
405
406
408
408
409
407
408
407
409
410
413
416
418
422
426
428
433
435
438
438
439
438
438
436
435
433
431
429
427
424
423
421
420
419
419
418
419
418
418
420
419
418
417
416
413
412
410
410
408
409
409
409
407
407
405
405
402
401
399
399
397
398
396
397
396
397
396
398
397
398
396
397
396
397
395
396
395
396
396
396
396
398
398
399
399
401
401
401
401
401
401
402
403
404
403
404
404
405
406
406
407
406
408
408
409
408
410
408
408
408
411
412
417
419
424
426
431
433
437
437
439
438
439
437
437
435
434
432
430
427
427
425
424
421
420
418
416
415
415
413
413
412
412
410
409
408
408
408
409
408
407
408
406
407
405
404
402
402
400
402
400
400
397
398
397
398
396
397
396
397
396
397
395
396
395
397
396
397
395
396
396
397
396
397
396
396
397
397
397
398
398
398
399
399
400
400
400
400
401
400
400
400
402
403
404
405
405
405
406
405
407
408
412
415
419
422
426
429
433
434
436
435
437
435
434
433
431
428
428
425
425
423
422
421
421
420
419
418
417
416
415
411
410
408
408
407
407
407
408
407
407
406
405
405
404
404
403
402
401
401
401
401
400
400
400
399
397
397
396
396
395
396
394
395
394
396
395
396
394
396
394
395
395
395
394
394
393
394
394
395
395
396
397
399
398
399
397
398
397
397
396
397
396
397
397
398
399
400
401
402
403
404
404
405
405
406
408
410
413
415
420
423
428
431
435
435
436
435
436
432
433
429
430
427
426
424
423
421
421
419
420
419
419
417
417
414
414
413
412
410
410
409
409
407
407
406
406
404
405
403
402
401
400
400
400
399
399
398
398
398
396
396
395
396
395
397
396
397
396
398
397
397
396
397
395
397
395
397
395
396
396
396
395
396
396
397
396
398
397
398
397
398
397
398
396
398
398
398
399
399
399
398
397
398
399
399
400
400
402
403
404
404
407
408
411
412
414
416
420
422
428
429
434
435
438
438
438
436
436
433
433
429
428
425
424
423
422
421
420
418
419
418
418
416
415
414
413
410
410
409
409
409
408
407
407
407
407
406
404
403
401
401
399
398
398
398
397
397
395
396
396
397
396
396
394
395
395
396
394
396
394
395
393
394
393
394
393
394
393
395
394
395
395
396
395
396
396
397
397
398
398
400
398
398
397
398
398
398
399
399
398
399
399
400
400
400
402
403
404
405
405
407
407
408
411
413
414
415
418
419
424
427
431
433
437
438
439
438
438
436
435
433
432
428
426
423
424
423
423
422
422
421
422
418
418
416
415
413
413
411
412
411
413
411
412
410
409
407
407
406
404
404
402
401
400
400
400
400
398
398
395
397
395
396
394
393
392
393
392
394
394
395
393
396
395
395
394
395
394
396
396
396
394
396
395
396
396
397
396
397
396
397
398
399
398
398
397
398
398
399
399
399
399
399
400
402
403
401
403
402
403
404
406
406
410
412
418
421
426
428
433
435
438
437
438
437
437
434
433
429
428
424
423
422
423
420
420
418
417
416
416
416
415
413
413
411
411
411
411
411
411
410
408
408
407
407
406
407
405
405
404
404
402
403
401
402
401
401
400
401
400
401
400
400
399
400
398
400
399
399
399
400
400
401
400
400
400
401
401
401
401
401
401
402
402
402
402
402
401
401
402
402
403
404
405
406
406
405
405
405
405
406
407
410
412
416
421
425
430
431
435
436
439
439
440
436
436
433
432
429
428
426
424
423
423
421
421
419
419
417
416
415
414
411
410
410
410
408
409
408
407
407
407
407
407
406
406
404
403
401
402
401
400
400
399
397
397
397
395
396
395
396
396
396
396
397
396
395
394
395
394
396
396
398
396
397
396
396
395
397
397
397
396
396
395
397
397
398
397
399
399
401
402
401
400
402
402
405
407
411
414
420
424
430
434
438
440
441
442
442
441
439
437
435
433
431
430
428
427
425
425
423
422
419
420
417
417
414
413
410
408
405
406
405
405
404
404
403
404
401
401
399
398
395
396
394
395
394
393
392
392
391
391
390
389
388
388
388
388
387
387
386
388
389
388
389
389
391
390
391
390
391
390
391
389
391
390
391
390
391
389
392
391
393
393
395
395
397
396
398
398
400
400
403
405
408
410
415
419
425
429
435
438
441
442
443
443
442
440
439
436
435
433
431
430
428
427
425
424
423
421
419
418
415
413
410
409
406
406
403
403
401
402
400
400
398
398
396
396
394
394
391
391
389
389
388
387
386
386
385
384
382
382
381
380
380
381
381
381
381
381
381
382
381
381
381
382
382
383
383
384
384
384
385
385
385
385
386
386
388
387
388
388
388
388
391
391
392
391
394
394
398
400
404
407
411
414
419
423
429
433
438
440
443
443
444
442
442
439
438
436
434
431
429
428
427
424
422
419
419
417
416
414
412
410
407
404
403
401
401
402
401
401
400
399
397
397
395
395
393
392
390
390
387
388
386
385
382
383
382
383
383
384
382
383
382
382
381
381
380
380
379
381
381
382
381
381
380
381
380
381
380
380
380
381
381
381
382
382
383
383
384
384
385
384
385
384
386
386
389
388
391
392
395
396
401
402
407
408
413
416
422
426
432
435
439
440
442
441
441
440
439
435
433
431
429
426
426
423
422
420
418
416
416
413
412
409
407
404
401
400
399
399
398
397
397
397
397
397
394
393
390
390
387
387
384
385
382
384
382
383
381
381
380
381
379
380
379
380
379
380
379
380
379
380
379
381
380
381
380
380
379
380
381
380
381
381
380
380
381
382
381
382
382
382
381
382
383
383
384
385
387
387
389
389
390
389
390
390
393
394
397
400
403
406
413
417
423
428
433
434
438
438
438
436
437
435
433
431
429
426
425
423
423
421
421
420
418
416
416
413
412
409
408
407
406
404
403
403
402
400
400
399
398
397
396
395
393
394
392
392
392
392
390
390
387
388
386
387
385
387
386
387
386
387
387
388
386
389
387
387
385
386
386
387
388
389
389
390
390
392
390
391
391
391
390
391
391
392
393
393
393
395
395
396
396
396
396
396
397
397
399
400
404
408
414
419
427
430
435
437
439
438
439
436
436
433
433
428
427
423
424
420
420
417
417
415
415
413
414
411
411
408
407
405
405
404
404
404
404
402
402
401
401
400
398
395
394
393
392
392
392
394
392
392
390
390
387
388
386
387
385
386
385
386
385
386
386
387
386
386
385
386
386
387
386
387
386
387
386
386
385
386
386
386
386
387
386
388
389
390
390
390
391
392
392
393
395
398
401
405
410
414
420
425
429
431
434
435
436
435
436
433
431
426
425
422
421
418
418
417
417
415
415
413
413
410
410
407
405
402
401
400
401
399
399
397
397
397
396
395
394
392
392
391
391
389
389
388
389
389
387
387
386
385
385
385
385
384
384
386
386
386
385
386
385
385
384
385
384
386
386
386
385
386
386
388
387
388
387
388
387
389
388
389
389
391
390
392
391
393
393
395
397
400
402
406
408
413
417
422
427
432
435
437
437
437
436
434
433
432
429
428
427
424
423
420
421
419
418
417
417
415
415
411
409
406
405
402
402
400
401
400
399
398
398
396
397
395
395
392
392
390
391
389
390
389
388
387
388
386
386
385
385
385
386
386
386
386
385
385
386
386
386
386
386
386
386
387
386
387
386
387
386
386
385
387
386
387
387
390
389
391
389
390
388
390
390
392
391
394
395
397
399
402
404
406
408
412
414
419
423
428
431
434
437
439
439
439
437
435
432
430
427
425
424
422
422
421
421
420
420
418
417
413
412
408
407
404
403
402
403
401
402
400
400
397
397
395
394
391
391
389
390
388
389
387
387
387
388
388
389
387
387
386
387
386
386
385
386
385
386
386
387
387
387
386
386
387
387
388
388
389
389
389
389
391
390
391
390
391
390
392
391
393
391
394
394
396
394
395
394
395
396
399
400
403
405
410
414
421
425
430
433
436
437
439
437
437
436
434
432
432
430
428
425
423
421
421
420
419
418
417
416
414
413
410
409
407
408
407
407
405
406
404
404
402
402
399
399
397
397
396
395
392
392
390
390
388
389
387
388
386
387
387
388
387
388
388
389
388
388
389
389
389
390
390
391
390
391
390
391
391
392
393
392
392
391
392
394
394
395
395
395
397
398
399
399
399
398
400
399
401
402
406
410
416
419
426
428
433
434
436
435
436
435
433
431
429
426
425
422
421
419
420
417
418
416
416
413
413
410
409
406
405
403
403
402
402
401
400
400
400
399
398
396
395
395
393
393
391
393
392
392
390
391
390
390
388
389
387
389
389
390
388
389
387
389
388
389
387
388
387
390
388
389
389
390
389
389
389
389
389
390
390
391
391
393
393
393
393
394
395
395
396
397
399
402
406
409
415
418
424
427
432
433
435
434
435
433
434
431
430
427
426
423
422
420
419
417
418
416
416
414
413
411
411
409
409
406
405
403
402
401
402
401
401
399
399
397
396
395
394
393
392
390
390
390
389
388
388
387
386
387
386
387
386
387
386
388
386
387
387
388
386
387
386
388
387
388
388
388
388
388
388
388
388
389
388
389
388
389
389
389
389
391
391
394
395
396
397
400
402
404
406
410
414
419
423
427
430
433
435
436
435
434
432
431
429
426
425
422
421
419
420
417
416
414
414
412
411
408
406
404
403
401
401
400
400
400
400
399
401
398
398
396
396
394
394
392
392
391
391
390
389
387
388
386
387
387
388
388
390
389
389
390
389
388
388
387
387
388
388
390
389
389
389
389
388
388
387
390
388
390
389
390
389
390
389
392
392
393
392
394
395
396
397
400
402
405
407
410
414
419
423
427
430
435
437
439
439
438
436
435
432
430
427
426
425
423
421
422
421
420
420
418
417
415
413
410
409
407
407
405
407
406
407
404
405
402
403
400
401
398
398
395
395
393
394
393
393
392
392
390
391
390
390
391
391
392
393
392
392
391
392
392
392
393
393
392
391
392
392
391
391
391
391
391
392
394
394
395
394
395
396
398
397
398
395
397
396
398
398
401
404
408
411
417
421
427
430
434
436
439
439
439
437
437
435
433
430
428
425
424
421
419
417
415
414
414
412
411
408
407
406
405
404
403
403
403
402
403
403
401
401
399
398
396
397
397
396
395
395
394
393
392
392
390
391
389
390
389
390
389
390
390
390
391
391
391
392
391
391
391
391
390
391
390
390
389
390
390
391
391
394
393
394
394
395
396
397
397
398
398
399
402
405
410
415
421
425
431
433
438
439
441
440
440
438
437
433
431
429
427
424
424
420
420
416
416
414
414
411
410
406
405
402
401
399
401
400
400
399
398
397
397
396
395
394
392
392
392
391
391
390
390
389
389
388
387
388
386
387
386
387
386
386
386
386
386
389
387
388
386
387
386
387
386
389
387
387
386
388
387
388
387
388
388
390
390
392
392
393
393
394
395
398
401
405
410
416
421
427
431
434
436
437
438
437
435
434
432
430
429
426
425
422
422
419
419
416
416
413
413
408
407
404
404
400
400
399
399
397
397
396
397
395
395
393
393
392
390
388
388
387
388
386
386
385
384
383
382
381
381
380
380
381
380
380
381
380
380
381
382
381
382
381
382
384
383
384
384
386
386
386
385
385
385
387
386
387
387
389
389
390
390
392
392
394
396
400
402
406
409
415
420
428
433
438
441
444
444
445
443
443
440
437
434
432
430
428
426
424
422
419
418
416
415
413
412
409
407
405
404
402
402
400
399
398
398
396
396
394
394
392
392
389
389
387
387
385
385
384
384
382
381
379
379
378
379
379
379
378
378
377
379
378
378
378
379
379
380
380
382
381
382
382
382
382
383
384
385
385
387
387
386
387
386
387
387
388
389
391
391
393
394
399
400
405
406
411
414
420
424
431
433
439
441
444
443
444
442
441
438
436
432
429
427
425
422
421
418
418
415
415
413
412
411
408
406
404
402
401
401
401
401
400
401
400
400
398
397
395
394
392
391
388
388
386
385
383
383
381
382
380
381
379
381
379
380
379
Loop stopped.
