Output started
30000
324
300
291
290
290
292
293
295
295
297
299
300
301
302
301
303
301
302
303
306
304
305
305
306
306
307
311
314
318
324
330
336
343
348
355
359
364
365
368
367
368
366
365
361
359
355
353
349
348
345
342
338
338
333
331
328
327
324
323
321
321
319
320
319
320
319
320
318
317
316
316
314
314
314
312
311
311
310
310
311
310
310
307
308
306
307
305
306
304
306
304
305
303
305
303
306
305
307
305
307
306
308
310
317
320
326
331
338
344
351
356
361
363
366
365
366
364
363
361
358
357
354
351
348
346
343
340
337
335
333
331
327
325
323
322
320
320
317
318
317
318
316
317
314
316
313
314
313
313
312
313
311
311
310
311
309
308
307
307
306
306
305
306
304
305
305
304
304
304
305
304
303
304
305
307
307
307
307
308
309
312
316
321
327
333
340
347
353
359
365
367
370
370
371
369
368
365
363
360
359
354
352
350
349
344
342
338
336
333
331
328
326
323
322
320
320
319
320
319
319
318
317
316
317
315
316
315
315
314
314
313
313
311
311
307
308
307
306
306
306
304
305
306
306
307
307
307
305
308
307
309
308
309
307
308
306
309
308
312
315
322
326
334
339
346
351
358
361
366
366
369
368
368
366
365
361
359
355
352
350
349
345
342
339
336
333
331
328
326
323
321
320
319
319
319
319
319
321
318
320
318
320
318
319
315
317
314
315
313
314
310
311
308
310
308
309
308
308
306
307
306
307
304
307
305
306
305
307
308
307
307
306
306
306
308
310
314
320
326
333
340
345
351
355
360
363
365
365
365
364
362
360
360
355
353
349
348
344
343
339
337
333
330
326
325
321
320
318
317
315
316
316
316
315
316
315
316
316
316
314
314
314
313
312
313
312
311
309
309
308
307
306
305
305
306
305
304
303
302
302
302
303
305
305
306
306
304
304
303
305
307
312
315
322
328
336
341
349
354
359
362
366
368
369
367
367
362
360
356
354
350
348
345
344
339
338
333
331
327
326
321
320
316
317
314
314
313
313
313
314
312
313
311
310
310
309
309
308
308
307
310
308
310
308
309
307
307
304
305
302
304
301
301
299
300
298
300
297
299
298
301
300
301
300
301
302
304
305
310
316
324
330
338
344
351
356
361
364
366
367
366
364
363
360
357
354
350
348
346
344
341
339
335
332
328
328
324
323
319
318
316
315
312
314
312
313
311
312
310
310
309
309
307
307
306
306
305
305
304
304
302
303
302
302
301
301
300
301
301
301
300
300
301
299
299
301
301
302
302
303
302
302
302
302
304
308
312
317
325
331
339
345
351
356
362
365
368
368
369
367
367
363
361
357
355
351
349
347
345
340
337
333
331
327
325
322
321
318
317
314
314
312
313
312
313
312
312
311
311
310
310
308
309
307
308
306
306
305
305
304
303
302
301
302
300
302
300
301
300
302
300
302
300
302
300
302
300
303
301
304
303
304
302
304
302
305
307
313
317
324
329
337
342
351
355
362
366
368
369
371
370
369
366
363
361
357
355
352
350
347
343
339
335
332
328
325
325
321
321
317
315
313
314
311
313
311
312
311
311
310
310
309
309
307
308
306
307
305
306
303
303
302
303
300
301
300
299
300
301
300
300
300
300
301
302
302
301
300
300
300
301
302
301
303
305
305
305
306
307
309
314
320
324
331
337
345
351
359
363
369
372
375
375
376
372
371
367
365
361
358
354
353
350
348
343
340
336
334
330
329
324
323
321
320
318
318
316
317
316
316
315
315
314
314
314
314
312
313
310
310
309
309
308
307
308
306
307
307
307
305
306
305
305
304
305
303
304
303
305
303
305
304
306
305
307
306
308
306
308
306
307
307
314
316
324
329
337
343
350
355
362
365
369
369
370
368
367
364
362
358
355
351
349
347
344
341
337
334
331
328
325
325
320
320
318
318
316
317
315
317
315
316
315
316
314
317
314
315
312
313
312
312
310
311
308
308
307
307
307
307
307
307
306
306
304
304
304
305
304
305
305
305
306
307
308
306
305
304
304
306
309
313
319
325
335
340
349
353
359
362
366
366
368
366
367
363
362
357
356
351
349
346
344
340
339
335
332
327
326
323
321
319
317
315
315
314
314
314
314
314
314
314
314
312
313
312
311
310
311
309
308
306
307
306
306
305
305
304
304
305
305
305
304
304
303
303
303
305
304
305
306
307
305
304
303
304
304
310
313
320
326
335
341
350
355
361
363
368
368
371
368
368
364
364
360
357
353
351
348
347
343
341
336
333
329
325
322
320
317
316
314
313
313
311
313
312
312
309
311
309
310
307
309
305
308
305
306
304
305
303
304
301
304
301
301
299
301
300
301
300
301
299
300
299
301
301
302
302
301
301
301
301
301
301
303
308
313
319
326
333
339
346
353
359
363
366
367
369
368
368
364
363
358
356
352
349
346
345
340
337
333
330
327
326
322
320
318
316
314
313
312
311
310
311
310
311
310
309
309
308
308
308
307
308
306
305
305
304
303
303
302
303
301
300
300
300
299
300
299
300
299
301
302
301
301
299
300
301
301
302
303
302
304
303
306
309
314
318
326
330
337
343
352
356
362
364
368
367
368
365
365
361
360
356
355
349
348
345
344
340
338
334
331
328
326
323
321
317
316
314
313
313
313
313
314
313
313
315
313
314
311
313
311
312
309
310
308
309
306
307
303
304
301
303
300
302
300
302
300
302
301
302
301
302
301
303
302
303
303
303
303
303
302
303
305
308
313
319
324
331
337
343
349
354
360
364
368
368
370
368
368
364
364
360
359
354
353
349
348
343
340
335
333
328
328
323
322
319
318
316
316
315
316
315
316
316
316
315
316
316
316
316
316
316
316
315
314
312
312
311
311
310
310
309
309
307
306
305
305
306
306
306
306
306
306
307
306
307
308
308
306
308
306
308
309
315
317
323
328
336
341
349
354
362
365
370
372
374
372
374
370
368
365
363
359
356
353
351
347
344
339
338
333
332
328
326
322
322
319
318
316
316
315
315
315
315
314
315
315
315
315
314
315
312
313
311
311
308
309
307
308
306
308
305
306
304
305
304
304
303
304
302
305
304
306
305
306
305
307
307
310
313
320
324
331
335
342
349
355
360
364
367
368
367
366
365
362
360
357
355
352
349
347
346
341
339
334
333
329
327
324
323
319
320
316
318
316
318
317
318
317
318
316
317
316
316
315
316
315
315
313
313
312
311
310
310
310
309
309
309
310
311
310
310
311
311
312
312
312
311
311
310
309
309
311
315
319
323
330
335
343
348
355
358
363
364
368
366
367
363
362
359
357
353
352
348
348
343
340
337
336
332
330
327
327
324
324
323
323
323
323
321
323
323
323
322
323
321
321
320
322
321
321
319
318
317
317
316
316
314
314
313
314
315
311
312
312
312
311
311
310
312
311
311
309
310
310
314
315
318
322
330
335
343
348
355
357
362
364
366
365
366
362
361
356
355
351
349
345
344
340
337
334
332
329
327
325
323
321
320
319
319
319
319
320
319
319
319
320
318
320
318
319
317
319
317
317
315
316
313
315
312
314
311
312
311
311
308
309
308
309
308
309
309
311
311
311
309
309
310
313
316
320
326
333
340
347
352
358
362
365
368
367
367
365
363
360
358
354
353
349
349
345
345
340
339
336
335
331
330
326
326
323
323
321
321
320
320
320
320
320
320
319
319
317
317
316
317
315
314
313
313
312
312
312
312
310
310
309
309
308
308
306
306
305
307
306
308
307
308
307
307
307
311
312
317
323
329
337
342
349
354
360
363
366
366
367
364
364
360
359
355
354
350
350
346
346
341
340
336
335
331
330
326
326
323
321
318
318
316
316
315
316
314
314
314
314
312
312
311
310
308
308
308
308
307
306
304
304
304
303
305
303
305
303
305
304
305
303
304
302
304
303
306
306
306
303
305
304
306
307
313
317
324
328
337
342
350
354
360
362
366
368
368
366
365
362
360
357
355
352
349
349
347
345
342
338
334
332
329
327
324
323
320
321
318
319
316
317
316
316
315
316
313
315
312
312
311
311
309
309
307
308
306
306
304
304
304
304
303
303
302
302
302
302
302
302
302
303
303
304
303
304
303
304
305
306
306
305
304
304
304
306
310
315
320
325
331
338
346
353
359
363
367
369
371
370
370
367
367
362
361
357
356
352
351
347
346
343
341
337
335
331
329
325
323
320
320
317
317
316
316
315
315
313
314
312
313
311
312
309
309
308
309
306
306
304
303
303
303
302
303
304
304
304
303
304
302
304
303
303
301
304
302
304
303
305
304
305
303
305
304
306
305
307
306
309
307
310
308
311
312
317
321
327
332
337
343
350
355
361
366
370
372
373
373
371
369
366
365
361
358
356
354
351
351
348
346
342
341
336
334
331
330
327
326
322
323
320
321
319
320
319
319
318
319
316
316
315
315
314
314
311
312
310
310
308
307
306
306
306
305
304
304
304
303
304
304
304
304
304
305
304
303
304
305
304
306
306
307
308
308
307
306
307
306
307
307
310
310
310
310
312
313
317
321
327
331
337
342
348
354
360
363
369
370
373
372
371
369
368
365
363
360
357
354
353
351
349
345
343
339
338
334
333
329
329
325
324
322
321
320
320
320
321
321
320
320
317
318
315
316
314
315
311
311
310
310
307
309
305
307
304
306
303
305
303
304
302
305
304
305
302
304
304
305
305
306
305
307
307
308
306
308
307
309
309
311
311
313
312
312
313
313
315
317
320
323
329
333
340
345
354
357
365
367
371
372
375
371
373
369
369
364
363
359
357
354
354
350
348
344
342
339
338
335
334
331
330
327
326
325
324
324
324
324
323
323
322
322
320
320
319
319
319
318
316
316
315
314
314
313
313
314
313
314
312
312
311
312
311
311
310
311
309
311
309
311
310
311
311
312
312
312
312
313
314
315
314
314
313
315
316
320
324
328
334
340
345
351
356
360
363
365
365
365
365
363
360
358
353
352
348
347
345
343
339
338
336
334
332
329
328
326
325
324
325
323
324
323
324
322
323
322
323
321
323
322
323
320
321
320
321
318
319
316
318
315
315
312
314
310
311
310
310
310
311
310
311
310
312
312
312
312
312
311
311
311
311
312
312
316
319
325
328
335
339
348
351
358
359
364
364
366
364
365
360
360
355
355
349
348
346
346
342
340
336
335
332
331
328
327
324
324
321
321
321
321
321
321
320
321
320
320
319
319
319
319
319
319
318
316
316
315
314
313
313
312
314
312
313
312
312
311
313
311
311
309
311
310
312
312
313
310
311
310
311
311
315
317
322
326
333
338
344
349
354
359
362
364
365
365
364
362
360
358
356
353
351
347
347
344
342
339
337
333
331
329
328
325
324
323
322
323
321
321
321
321
321
321
320
320
319
320
319
319
317
318
316
317
315
316
313
314
313
314
312
313
311
312
311
313
311
312
309
310
310
311
312
314
313
314
311
312
312
316
318
322
327
331
335
341
346
351
355
360
362
364
365
364
364
361
361
357
356
352
351
347
348
342
342
337
336
332
333
329
329
326
325
322
322
320
322
320
322
320
322
321
322
320
321
320
320
319
319
318
318
316
316
315
315
314
314
314
313
312
310
312
312
312
312
313
311
313
312
313
312
315
313
315
312
313
313
316
317
322
326
331
334
340
345
351
355
361
363
367
367
368
367
366
364
362
360
357
355
353
349
350
346
345
341
339
336
335
332
331
330
328
325
324
322
322
321
322
322
322
321
321
321
320
321
320
320
318
318
317
317
315
315
313
313
312
313
311
312
310
312
310
311
310
311
311
312
312
312
312
313
312
314
314
314
312
313
313
315
318
322
326
332
336
341
345
352
356
362
363
365
367
367
366
364
362
359
358
355
354
351
350
347
346
343
342
338
337
333
333
329
329
325
326
324
325
323
324
323
324
322
324
322
323
320
321
320
320
319
319
317
317
315
316
314
314
312
312
312
312
311
311
310
311
312
311
312
311
312
311
312
312
314
312
315
314
315
314
316
315
320
321
327
330
337
341
348
352
360
362
366
367
369
368
369
367
364
361
360
356
355
351
351
349
347
343
342
340
338
335
334
332
331
330
329
328
327
327
326
327
326
326
325
325
324
326
325
326
324
325
323
323
320
321
319
319
318
318
316
316
314
315
315
315
314
314
314
315
314
315
315
316
316
317
317
317
315
316
316
319
321
325
327
334
337
344
349
354
357
361
361
363
361
360
358
356
353
351
348
346
344
343
342
339
337
334
333
329
328
324
324
322
322
321
322
320
322
320
322
320
321
320
321
320
321
319
321
318
319
317
317
315
315
313
315
313
313
311
313
311
312
311
311
310
311
311
313
313
313
313
314
314
312
312
314
317
317
323
326
333
338
345
349
356
357
362
362
365
362
363
360
359
355
354
350
349
346
346
343
343
340
338
335
334
332
330
328
327
325
325
323
323
323
323
324
322
322
320
320
320
319
319
318
317
316
315
316
314
313
312
314
311
313
311
312
311
312
310
311
310
311
310
311
310
312
311
312
310
311
310
312
314
317
319
324
330
336
342
348
353
357
359
361
361
361
360
358
356
354
352
350
347
345
343
342
339
336
334
332
330
329
326
325
323
322
322
321
321
320
319
319
320
319
Loop stopped.
