Output started
30000
493
488
483
481
480
480
481
481
480
479
480
479
478
478
480
482
484
485
484
482
479
476
474
475
475
475
475
475
473
470
470
470
471
472
474
475
475
475
476
477
480
487
498
511
522
533
541
549
556
566
574
580
583
582
579
576
572
569
566
565
562
558
553
548
542
536
526
519
510
504
498
495
495
498
498
500
499
500
501
501
502
504
505
508
508
506
505
502
501
499
499
497
496
495
495
496
496
496
495
496
495
493
493
491
490
488
490
492
497
499
502
502
502
499
499
497
498
496
495
494
496
497
500
499
500
501
507
516
527
537
547
554
560
566
569
573
575
574
572
569
564
561
556
553
547
544
540
540
537
536
532
530
525
523
522
523
521
522
521
520
516
516
514
515
513
512
511
512
511
510
507
505
503
501
500
498
499
498
499
498
497
497
498
497
497
495
492
489
491
495
497
498
498
495
495
493
493
493
495
495
497
496
496
495
496
495
496
497
498
497
497
498
499
504
508
516
524
533
541
549
554
559
563
566
570
572
574
573
569
566
566
562
559
556
553
550
546
541
536
533
531
528
528
528
525
523
521
518
516
514
512
511
512
514
514
513
511
511
510
509
507
507
506
505
504
504
502
502
501
501
499
500
499
499
499
499
499
501
500
501
500
501
499
501
499
500
499
500
500
500
498
498
497
497
499
501
504
505
505
505
503
502
502
502
503
504
506
508
514
518
527
535
545
552
563
566
572
574
576
576
579
575
576
572
570
565
563
558
557
554
552
549
546
541
538
533
531
527
524
522
522
521
520
520
519
517
518
520
519
519
518
517
515
516
515
515
513
513
509
509
506
507
506
505
502
502
500
500
498
497
497
497
497
497
496
497
496
495
495
496
496
498
499
500
502
504
505
505
505
505
504
504
505
505
506
509
513
514
515
514
515
514
513
513
513
515
519
523
532
540
547
552
558
562
565
569
574
577
579
578
576
572
568
564
559
555
554
554
554
552
549
544
539
535
533
531
530
528
526
523
524
524
525
522
521
518
517
515
517
517
518
517
517
514
512
509
507
504
503
500
499
499
500
501
504
505
505
506
506
505
506
507
506
506
505
503
499
498
495
495
495
497
497
500
501
503
504
507
507
510
509
510
509
511
510
510
508
510
513
516
516
518
520
525
531
540
549
561
569
575
579
581
584
590
593
593
592
587
582
575
571
567
568
566
566
561
557
550
544
539
537
532
530
526
525
522
521
518
515
512
510
508
510
510
510
509
509
508
509
507
508
508
508
508
507
507
506
505
504
503
502
503
503
502
502
502
500
503
507
509
509
509
510
513
516
520
520
519
515
511
506
504
501
504
509
511
512
513
512
511
510
510
511
511
512
512
513
513
514
517
520
524
531
539
547
554
562
570
575
581
584
587
588
586
584
582
580
578
573
572
569
566
561
557
552
549
546
543
538
534
532
528
526
523
523
522
521
519
519
519
521
518
517
517
517
517
516
512
510
506
508
507
508
507
508
505
504
500
503
506
509
508
508
504
502
498
496
494
493
490
488
487
487
487
488
489
493
495
497
498
499
501
501
502
499
500
500
502
501
504
504
506
506
510
510
513
515
519
524
533
541
552
560
570
578
584
590
598
601
605
605
605
601
599
594
590
586
582
577
572
564
558
556
555
552
549
545
539
534
530
531
532
534
533
533
531
528
524
521
518
516
514
513
510
509
506
504
500
498
494
492
489
488
489
490
491
491
489
489
488
488
489
490
492
493
495
497
499
501
500
500
498
499
499
499
499
498
498
501
503
505
507
507
506
505
505
507
508
510
510
511
511
511
514
516
519
519
520
522
528
536
545
557
570
579
588
593
599
602
604
605
606
603
600
596
591
586
582
576
571
565
560
554
549
542
538
530
527
522
520
516
516
515
516
515
516
516
516
516
518
518
518
518
516
514
511
508
504
502
500
500
498
498
497
496
493
493
489
489
489
491
492
494
494
496
496
498
497
499
499
499
498
499
499
502
502
503
501
504
504
506
504
506
504
504
505
505
506
507
508
508
512
513
514
513
513
513
514
516
519
526
536
548
561
571
583
591
599
603
607
609
612
609
607
603
599
592
585
578
571
565
561
556
552
547
542
537
533
533
532
531
528
526
523
521
520
519
519
518
516
515
511
510
507
505
502
501
500
499
498
497
496
495
492
491
489
490
490
491
491
491
490
489
488
488
487
487
489
490
492
494
497
499
500
500
498
499
501
503
504
503
502
501
502
507
509
513
513
513
510
508
504
505
506
508
510
515
520
527
537
549
559
571
581
589
596
602
604
606
608
607
606
603
600
596
590
584
580
575
570
562
557
551
545
538
533
528
527
523
522
520
520
517
515
512
513
512
514
512
513
510
510
509
511
509
508
505
501
497
496
496
497
496
495
493
490
488
487
487
486
486
484
484
482
482
481
486
489
491
493
496
495
496
494
496
494
496
495
498
497
500
499
501
503
507
508
510
510
509
508
507
506
507
513
522
533
546
560
575
588
598
606
612
619
624
626
624
620
612
605
600
598
594
590
583
576
566
556
545
541
536
533
529
526
522
521
518
517
517
518
517
518
519
521
522
521
517
514
509
505
500
496
493
492
490
489
487
484
482
480
479
477
475
475
475
475
475
474
472
472
475
478
479
480
479
477
475
475
477
481
484
486
486
486
488
487
488
488
491
494
497
497
497
496
496
500
503
506
513
520
529
538
550
562
575
587
602
613
623
629
633
634
633
628
623
614
607
598
595
588
583
576
569
561
554
547
542
536
530
524
519
515
512
509
507
504
502
501
498
497
494
494
492
491
487
486
483
481
477
475
474
476
475
475
473
473
471
472
472
475
474
474
473
475
475
477
476
475
474
474
475
479
481
484
485
485
485
484
483
482
485
486
489
490
491
490
490
491
492
492
493
492
492
492
493
495
499
504
517
530
547
562
579
592
606
615
622
626
630
629
628
624
619
613
606
599
592
586
579
571
565
558
553
547
542
536
530
526
520
514
511
510
509
508
507
506
506
507
506
505
501
499
497
497
495
493
489
486
482
479
475
471
468
466
464
463
463
462
462
461
462
462
462
461
463
465
468
471
473
475
475
478
478
480
480
481
481
483
482
483
483
486
487
490
491
492
491
492
491
491
492
495
495
496
497
501
507
518
532
548
566
584
602
616
627
634
638
638
637
635
632
626
620
612
605
596
590
581
575
568
562
553
545
537
529
520
514
508
507
502
502
499
500
499
500
497
495
492
492
489
488
487
486
484
483
482
480
481
478
476
473
472
469
469
468
466
464
466
466
468
468
469
469
470
469
471
471
473
472
473
472
473
473
474
475
479
479
480
481
482
482
482
483
485
486
488
489
490
491
491
493
493
493
496
501
508
521
536
554
573
591
607
620
630
638
642
644
642
639
631
624
616
611
603
598
591
583
575
569
561
556
549
544
538
531
526
520
514
510
508
507
507
506
504
503
501
498
495
493
491
489
486
482
479
476
474
470
467
465
464
463
463
463
462
462
464
463
462
463
462
463
463
465
467
468
469
469
468
467
470
474
480
483
485
484
484
482
480
478
480
482
485
486
489
489
489
487
488
486
487
488
491
492
498
505
519
533
554
574
595
611
626
634
640
642
644
643
640
634
627
618
608
601
595
589
582
574
564
557
549
545
539
534
527
521
513
508
500
498
496
496
495
494
491
489
484
483
480
479
474
473
469
468
465
465
463
462
459
459
460
461
461
463
462
461
459
457
456
459
463
466
469
470
471
470
471
471
473
474
476
478
480
482
484
484
485
483
483
480
481
479
482
482
483
484
487
487
489
488
490
495
504
518
537
558
579
597
614
627
639
646
650
651
648
644
637
630
623
616
608
598
589
579
570
563
556
550
543
534
527
520
515
510
507
505
504
504
503
501
500
497
495
494
492
490
489
487
486
483
480
476
473
471
469
468
465
463
462
462
461
460
458
456
455
458
458
461
460
462
463
466
467
468
466
469
470
474
474
478
479
481
481
482
481
482
482
483
484
485
487
489
490
491
491
494
496
500
509
522
541
559
581
598
615
627
637
642
647
646
647
642
636
628
620
609
601
590
583
575
569
560
553
545
538
529
523
516
511
508
506
503
502
501
500
499
497
494
492
491
489
489
488
487
484
482
477
474
471
470
467
468
465
464
462
461
459
459
458
461
460
462
462
464
463
465
464
465
465
466
468
472
474
475
474
474
473
474
476
479
481
482
483
483
484
483
482
482
483
485
490
494
500
509
523
541
562
582
603
619
632
640
645
648
645
641
636
629
621
612
605
598
590
582
575
568
560
552
545
537
529
522
515
509
505
503
503
502
503
502
502
500
499
497
496
493
492
490
487
483
480
477
474
472
469
467
466
465
463
461
460
459
460
459
457
457
459
460
462
463
463
463
464
465
469
471
471
473
474
476
477
478
479
479
479
480
480
482
482
484
485
486
485
487
488
493
500
513
527
548
567
588
605
621
632
642
647
651
650
647
642
636
628
621
613
605
597
589
580
573
565
557
550
540
532
525
518
512
509
503
502
498
497
494
494
490
490
487
488
484
482
478
475
473
472
470
469
466
464
461
460
456
455
456
456
455
454
452
451
454
456
458
457
458
457
458
458
457
456
457
458
460
461
463
465
467
468
471
472
474
474
475
475
477
477
478
477
480
481
483
483
486
490
497
511
530
551
574
595
614
631
644
653
659
662
662
660
656
649
642
633
623
614
604
595
587
579
569
559
550
542
534
525
519
514
510
506
502
500
498
494
493
490
487
484
481
479
478
475
474
472
467
464
459
456
453
451
449
448
447
447
446
447
448
449
448
449
449
451
452
454
454
456
457
458
458
461
461
464
463
465
465
467
467
468
469
470
471
472
473
475
475
475
475
476
477
477
479
481
485
489
501
514
536
557
582
603
625
642
657
664
669
670
670
666
662
652
644
633
624
613
604
595
589
580
572
561
552
541
533
525
519
513
511
507
503
500
497
495
491
490
488
485
482
480
477
475
472
470
466
463
458
456
452
450
447
447
444
442
440
440
439
441
442
443
443
444
446
450
453
454
454
455
457
460
462
464
464
463
461
458
459
460
464
467
472
475
479
482
484
483
482
481
481
481
482
487
495
509
529
551
575
597
616
633
646
654
660
662
661
656
650
639
629
618
608
599
592
583
575
566
556
545
536
527
517
510
502
497
493
489
485
482
483
482
481
480
478
476
474
471
469
467
466
463
460
456
454
451
449
446
444
443
443
442
441
439
438
438
441
444
445
447
447
446
445
448
452
456
458
460
460
461
459
460
460
464
465
468
467
468
467
470
472
477
475
477
475
476
475
479
484
495
512
535
559
585
609
631
648
660
669
674
677
675
669
660
651
641
630
620
610
599
592
582
574
562
553
541
531
521
515
507
502
494
490
486
485
482
482
479
477
475
473
470
468
464
461
455
451
447
444
442
440
437
436
434
433
431
431
432
432
433
431
432
431
432
433
436
437
439
440
441
443
447
448
450
450
452
453
456
457
459
458
460
462
465
468
471
471
471
471
471
471
472
474
479
486
499
518
540
566
591
615
634
651
664
673
679
679
677
670
663
653
644
633
623
614
604
595
585
575
565
556
546
537
529
521
515
508
502
497
495
492
489
486
482
478
474
471
466
463
459
457
455
452
450
446
443
441
440
439
437
437
434
433
431
432
431
433
433
434
434
437
436
438
438
442
443
447
448
450
451
453
454
456
457
460
462
466
468
469
470
471
472
474
474
474
477
479
481
481
483
485
491
501
518
538
564
587
612
632
650
661
669
672
673
669
664
653
644
631
621
610
602
593
585
574
565
554
545
535
527
520
513
507
501
497
495
494
491
490
489
489
487
486
483
483
482
482
480
478
475
471
465
463
459
461
460
461
458
458
454
452
450
449
448
448
447
448
447
447
448
449
451
454
455
457
458
460
462
463
464
465
466
467
469
470
472
474
476
476
477
477
480
482
487
493
506
523
545
570
592
614
632
647
659
665
670
669
665
657
649
637
629
617
609
600
591
581
572
561
552
544
538
531
522
514
507
505
502
498
496
492
487
483
480
480
479
476
474
469
466
461
456
452
449
449
448
446
444
442
440
439
440
440
439
437
437
435
436
435
435
436
437
439
441
443
445
447
448
450
450
452
453
458
460
464
465
467
468
471
472
475
475
477
476
478
481
493
507
529
552
578
602
624
640
656
666
673
674
674
669
663
656
647
638
629
618
606
596
586
578
567
559
547
538
527
520
511
504
497
495
491
491
488
488
483
481
478
476
471
468
465
464
462
460
455
452
449
449
448
447
444
441
437
433
430
432
434
437
438
438
438
437
436
436
440
443
444
445
447
447
448
447
447
447
448
448
450
451
451
452
455
457
459
461
464
464
466
468
472
480
495
516
542
569
595
618
638
655
669
677
681
681
677
672
665
656
646
635
625
613
603
591
580
569
559
549
538
528
520
512
505
499
494
491
490
488
487
485
482
478
474
469
466
461
459
456
454
452
449
446
443
441
438
436
435
435
433
432
431
431
431
434
434
435
437
441
444
448
448
450
448
450
452
457
459
462
462
463
461
462
460
463
464
466
468
469
469
469
468
468
468
471
479
493
515
540
569
Loop stopped.
