Output started
30000
317
295
287
285
286
287
288
290
291
292
295
295
298
298
300
300
303
302
305
305
309
308
311
308
311
310
313
312
314
313
316
315
316
315
317
317
319
318
319
319
319
318
320
321
321
321
320
320
321
323
325
328
334
338
345
350
355
362
366
370
373
375
377
377
377
376
373
373
370
369
367
365
361
359
357
356
351
351
346
344
339
338
335
334
331
329
327
327
325
325
323
323
320
320
318
317
315
315
313
312
310
308
307
306
304
303
302
302
300
300
298
299
298
299
299
300
300
300
302
302
302
300
301
300
302
301
302
302
304
304
305
305
308
307
308
309
310
308
310
309
312
311
313
313
316
316
317
317
318
318
321
323
329
333
340
346
353
358
365
370
374
377
377
375
373
372
371
369
367
364
361
361
356
358
355
354
351
349
344
343
339
340
336
334
331
331
327
326
324
325
322
322
319
320
317
317
315
315
313
313
310
310
308
308
306
306
304
305
303
304
303
303
303
304
304
304
304
304
305
306
307
308
309
309
309
309
309
307
308
307
308
308
311
311
313
311
315
313
315
313
315
313
316
314
316
315
317
316
318
318
320
320
326
330
336
342
350
357
363
367
371
373
376
377
374
373
371
369
366
363
360
357
356
353
351
347
344
341
339
338
335
335
332
331
329
330
327
327
324
325
324
324
321
320
318
318
316
317
314
314
311
311
309
310
308
308
306
307
305
306
305
305
304
305
305
305
304
305
304
305
306
306
306
308
307
307
308
307
308
309
309
309
309
310
310
309
312
310
311
311
313
311
311
308
310
308
311
311
314
314
318
321
327
332
341
346
354
360
369
373
378
379
382
381
382
379
377
374
371
368
367
363
361
359
356
350
347
344
340
338
335
333
332
332
330
330
329
329
327
328
326
326
323
324
320
320
316
315
312
313
309
309
306
306
304
305
302
302
299
301
300
302
302
303
303
305
305
306
306
305
304
306
305
306
307
307
308
309
309
310
310
312
311
311
313
313
313
312
311
312
314
315
317
315
316
315
316
315
317
315
318
318
322
324
332
336
345
351
360
364
372
376
380
382
384
383
381
377
375
372
369
365
363
361
360
357
355
350
348
344
341
338
336
333
331
328
327
325
323
322
321
321
320
319
318
318
315
315
313
313
311
311
308
308
306
306
304
305
304
305
303
305
303
304
303
306
304
306
305
307
307
308
306
309
307
308
306
307
308
309
309
310
310
312
311
312
312
314
314
316
314
315
315
315
315
315
316
316
317
318
320
320
322
322
326
329
335
341
350
355
364
368
375
378
382
382
383
381
381
377
376
370
368
365
363
361
360
356
354
349
348
344
342
338
337
334
333
332
332
330
329
328
326
326
325
323
322
320
319
319
317
316
314
313
311
312
310
311
309
310
308
309
307
309
307
308
305
308
306
308
307
308
308
309
309
311
310
310
309
310
310
311
311
313
314
316
316
316
317
318
318
319
318
319
319
320
320
320
320
321
320
322
324
326
331
337
344
350
359
364
371
375
380
381
383
382
381
377
375
371
368
364
362
360
359
354
352
348
346
342
341
337
336
333
334
332
332
331
331
330
330
328
328
327
326
325
325
323
322
320
319
317
316
314
313
311
311
310
310
310
310
309
310
311
310
311
310
311
310
312
311
312
312
314
313
313
312
315
313
314
311
312
312
314
313
314
314
316
314
316
314
315
316
317
317
318
318
321
322
326
331
337
343
351
357
365
370
374
378
379
379
379
377
375
372
370
369
364
363
359
359
355
353
347
346
342
340
336
336
331
333
330
330
327
327
325
326
323
323
322
322
320
320
317
317
315
314
312
310
309
308
307
307
306
306
305
306
305
304
304
305
305
304
305
305
305
306
308
308
308
309
310
308
310
309
311
310
312
311
313
311
314
313
315
315
316
316
317
316
318
317
317
316
317
318
319
322
326
331
339
346
353
360
367
372
378
381
383
383
383
381
379
374
372
368
366
363
360
359
355
352
349
346
343
341
338
336
333
332
329
330
328
327
325
325
323
324
321
322
320
319
316
316
314
314
311
311
309
309
308
308
305
306
305
305
303
304
304
305
304
307
306
307
307
308
308
308
307
308
308
309
309
311
311
313
313
314
315
315
317
317
319
318
321
319
321
319
322
321
322
320
322
320
323
322
325
327
333
339
347
352
361
367
375
379
385
387
390
388
388
385
384
380
378
373
369
367
365
361
358
355
351
349
344
340
337
334
333
331
329
328
326
328
326
326
323
324
322
322
319
320
316
316
313
314
311
312
310
311
309
308
307
307
306
306
305
307
306
308
308
309
309
309
309
309
308
310
310
312
313
314
314
316
316
317
317
318
317
319
319
319
319
319
320
321
321
322
323
322
324
323
324
324
326
326
328
331
338
341
349
354
362
369
377
381
385
387
389
387
387
383
382
376
373
369
367
363
361
356
353
349
346
343
341
337
336
333
332
330
331
329
328
326
326
325
325
324
324
322
322
322
320
319
317
317
316
315
313
313
311
312
309
311
309
310
309
310
309
309
309
311
310
311
310
312
312
313
313
313
311
313
311
313
314
316
315
317
316
318
317
319
318
318
318
319
319
318
318
318
319
319
319
320
321
323
329
331
338
344
352
358
366
372
379
381
387
386
388
384
384
380
378
373
370
366
365
360
358
353
351
346
343
339
337
333
333
330
329
326
325
324
324
323
323
322
321
321
320
318
317
315
314
312
311
310
309
307
306
305
305
306
304
305
304
305
304
305
304
305
305
307
305
307
306
307
305
307
307
308
308
311
310
311
310
312
312
314
313
315
314
316
315
316
316
317
317
318
317
318
318
319
319
320
321
325
329
335
342
350
358
367
374
380
386
388
390
389
389
386
384
380
378
373
370
368
366
361
359
354
352
347
345
340
339
335
334
330
330
327
327
324
324
321
321
319
318
316
317
314
313
311
310
308
308
305
305
303
303
302
301
300
300
300
300
299
300
302
301
303
302
304
303
304
302
304
304
308
305
308
307
310
309
310
310
312
310
313
312
314
314
315
313
315
315
316
315
316
316
317
317
318
317
319
320
324
328
334
341
351
358
366
373
380
384
387
390
390
389
386
383
380
378
373
371
367
368
363
361
355
352
347
344
340
338
333
332
329
328
325
324
322
323
320
320
318
318
315
316
314
313
310
310
308
307
306
305
303
303
301
301
301
301
300
301
301
301
301
301
301
303
303
304
305
306
307
306
308
307
309
308
310
310
311
311
313
312
314
313
315
315
316
315
317
317
318
317
318
318
319
318
319
319
320
320
323
325
330
336
344
352
361
369
377
383
389
391
394
394
393
390
386
382
379
374
371
370
367
363
359
357
352
348
343
341
336
336
332
331
327
326
325
324
321
322
320
321
319
318
316
316
313
313
309
309
307
307
304
305
303
303
301
303
302
303
301
302
302
303
302
303
303
305
306
305
304
303
305
306
307
309
310
310
313
312
314
314
315
315
316
316
318
317
319
318
321
319
321
320
321
319
320
320
321
321
323
323
327
329
336
341
350
358
367
373
380
385
390
393
393
392
391
387
384
379
375
372
369
365
362
358
354
351
346
343
340
337
334
334
330
330
327
328
325
326
324
325
322
323
320
321
316
318
314
314
311
312
310
309
307
307
306
306
305
306
304
305
305
305
307
307
307
309
308
309
309
308
307
308
309
311
311
313
312
313
313
313
315
315
316
317
318
318
320
320
322
321
322
322
322
320
321
320
321
321
323
322
324
324
329
332
340
346
355
362
371
377
383
386
391
391
393
390
387
382
379
374
371
368
365
361
358
353
349
345
342
338
336
332
330
329
327
326
326
325
324
325
324
324
321
322
319
319
315
316
313
313
310
311
307
308
305
306
303
304
303
305
303
305
303
306
304
306
305
307
306
308
308
308
307
308
307
310
311
312
312
314
314
314
314
316
315
316
318
318
317
318
320
319
319
319
321
320
321
319
322
321
323
324
329
331
339
346
356
362
372
377
384
387
390
391
392
389
388
384
382
377
374
369
368
364
361
357
354
350
347
343
339
336
334
330
328
326
325
324
324
322
321
320
319
318
317
316
315
315
312
312
310
310
308
308
306
306
303
304
302
304
302
303
302
303
302
303
303
305
305
305
303
305
305
307
306
308
309
310
311
312
312
313
313
315
315
316
316
317
318
319
318
319
319
319
320
320
320
320
320
321
321
323
327
329
336
342
351
358
368
374
383
385
390
390
392
390
389
384
382
378
375
370
369
365
362
357
355
350
349
345
342
338
336
331
331
327
327
325
324
322
322
320
320
319
318
317
316
315
312
311
310
308
307
307
307
306
305
306
304
306
304
304
303
305
304
306
305
307
306
307
304
306
306
308
308
311
310
312
311
313
313
315
315
316
315
317
317
318
319
319
319
319
319
321
320
321
321
321
321
321
321
322
323
325
329
335
342
350
358
365
374
379
386
388
391
390
390
386
385
381
378
373
370
366
366
362
359
354
352
347
345
340
340
336
335
332
331
328
328
327
326
325
324
322
321
320
320
318
317
315
314
313
313
311
310
308
308
307
306
306
306
306
306
306
307
309
308
310
310
311
311
310
308
310
310
311
311
313
312
314
314
315
315
316
316
318
317
319
319
320
319
322
321
322
321
322
322
323
322
323
323
325
323
326
327
331
337
345
352
360
366
373
378
382
385
387
387
387
386
383
381
376
373
369
368
365
363
358
355
350
348
343
342
337
336
332
330
328
327
324
326
323
323
321
322
321
322
320
321
319
318
316
317
315
315
314
314
313
313
312
312
311
311
310
310
311
311
311
312
312
313
314
315
315
314
316
315
317
317
319
318
320
319
320
319
322
320
322
320
322
321
323
322
324
322
324
322
324
323
324
323
325
325
327
328
331
334
340
346
354
361
367
373
378
382
385
386
387
385
383
379
375
372
368
365
365
362
358
356
351
349
344
342
338
337
334
334
332
331
329
330
329
328
327
327
325
325
322
322
320
319
317
316
314
314
313
314
312
312
311
312
310
310
309
310
310
311
311
312
311
312
313
314
315
314
313
314
314
315
315
316
317
318
320
319
320
319
320
319
321
320
322
320
322
320
322
321
323
321
322
320
323
322
324
326
329
333
340
346
353
359
368
373
380
383
385
385
386
384
383
379
377
373
371
368
367
362
361
356
352
348
345
343
341
337
336
333
333
333
331
331
328
328
326
326
323
324
320
321
318
317
314
315
312
313
311
312
309
310
308
308
306
308
306
308
306
308
308
308
309
311
309
311
311
310
309
310
310
312
312
313
314
315
315
315
315
316
318
318
319
319
319
319
322
320
322
320
323
321
323
322
323
323
326
325
331
336
344
349
358
363
371
375
381
383
385
385
385
382
380
376
373
370
368
365
364
360
359
355
352
348
346
343
341
338
336
334
333
330
329
327
325
325
323
322
322
322
321
321
318
318
316
316
314
313
311
310
309
308
307
308
306
308
307
307
305
307
306
308
306
308
309
310
310
310
309
311
311
313
313
315
314
316
316
317
318
319
318
319
320
321
320
320
320
322
322
323
322
323
323
323
325
325
329
331
337
341
349
354
363
368
375
378
383
384
387
385
386
382
381
376
373
369
368
365
364
360
358
354
352
348
346
341
340
336
335
333
331
329
329
326
326
324
324
323
323
320
319
318
317
316
315
314
312
314
312
313
310
311
308
309
308
308
306
308
306
309
308
310
309
311
310
312
311
312
311
313
312
314
314
317
315
316
316
317
317
318
319
320
320
321
321
322
323
323
322
322
323
323
323
322
324
324
326
329
333
340
346
352
360
365
373
377
383
384
386
385
385
381
380
374
374
368
367
364
363
360
358
353
351
347
345
341
340
337
336
333
332
330
330
328
329
327
327
325
324
323
322
321
320
318
318
316
316
313
312
312
311
311
311
310
311
311
310
311
311
313
312
313
313
314
314
315
314
315
313
313
312
314
315
317
315
318
317
320
320
320
320
322
321
323
323
324
323
324
324
324
324
325
324
326
325
327
328
330
334
339
343
350
357
363
369
375
381
383
386
388
388
386
385
381
380
374
373
368
369
364
363
358
356
351
350
345
344
341
340
338
337
335
335
332
332
330
331
328
329
327
327
324
325
323
322
320
319
317
318
315
315
314
314
314
313
312
312
312
312
312
313
313
314
314
312
314
314
316
316
319
319
320
319
321
320
323
322
323
322
324
323
325
324
326
324
326
324
326
326
327
325
326
325
327
326
327
327
329
332
336
340
345
351
358
364
369
374
378
380
381
381
379
377
375
373
369
366
363
361
359
358
354
352
347
345
342
341
337
337
334
335
332
333
332
333
331
331
330
330
328
328
326
326
324
324
322
321
320
320
319
319
317
318
316
316
315
316
315
315
314
314
315
315
314
314
313
314
315
316
317
317
317
317
317
318
319
318
320
319
321
320
322
321
323
322
324
322
324
323
325
324
326
325
328
336
338
328
329
330
336
340
348
353
360
366
372
376
381
382
383
382
382
379
377
373
371
368
366
364
370
365
359
356
353
362
378
374
372
362
340
326
319
319
316
316
314
317
315
316
314
315
314
315
313
314
312
314
311
311
311
311
310
311
309
310
309
310
309
311
310
311
310
312
312
313
313
Loop stopped.
