Output started
30000
393
376
372
374
374
376
376
378
379
379
379
382
382
383
382
383
382
383
382
383
383
384
384
385
385
388
390
397
403
413
422
434
446
459
469
480
484
487
485
482
474
465
455
447
437
430
421
415
410
407
403
399
396
394
391
389
388
386
384
383
384
383
385
384
386
386
387
386
386
384
383
381
380
376
375
373
373
370
369
367
367
365
367
365
366
365
367
367
368
368
370
370
372
373
374
374
375
375
377
377
379
380
379
380
380
381
381
381
381
382
382
383
382
383
383
384
383
385
383
385
384
386
385
387
386
388
387
390
393
399
404
415
424
436
448
463
475
485
490
494
492
489
480
472
461
451
441
433
425
419
414
410
407
403
400
398
396
395
394
391
390
390
390
392
393
392
394
395
396
395
395
392
391
387
386
383
382
378
377
373
373
370
369
367
366
364
364
362
363
362
362
361
362
362
363
363
365
365
367
368
369
369
369
368
370
372
372
373
374
374
374
374
375
376
376
377
377
380
379
380
380
382
381
382
382
384
384
385
385
387
386
388
388
391
390
392
392
394
396
401
406
413
421
433
444
457
470
484
492
499
500
500
494
487
477
467
456
447
436
429
422
417
412
407
405
402
400
399
398
398
398
397
396
395
397
398
399
400
401
401
402
400
399
396
394
389
388
384
382
379
377
374
372
369
367
365
364
362
362
360
361
359
360
358
360
360
362
363
364
364
365
367
368
368
370
369
371
373
374
374
375
376
378
377
378
380
380
382
382
384
383
384
384
385
385
388
386
389
388
390
389
391
390
393
393
395
397
401
406
415
422
434
445
459
471
483
491
496
498
498
492
485
474
464
453
444
434
425
418
412
407
402
398
394
393
390
389
387
388
386
388
387
389
389
393
393
394
394
395
393
394
392
391
388
388
384
382
379
378
376
375
372
373
370
370
369
370
370
370
371
373
373
374
375
376
377
378
378
379
379
381
381
382
383
384
384
385
385
385
385
386
385
386
387
386
388
387
388
387
388
386
388
387
388
387
388
387
390
391
395
399
408
416
428
438
452
464
476
484
491
493
492
486
479
468
459
447
438
428
420
413
408
402
399
394
392
389
388
385
383
382
381
381
382
383
386
388
389
391
390
391
391
391
389
387
384
384
380
379
376
375
371
370
368
368
365
366
365
366
365
366
367
368
368
370
370
371
372
374
373
375
376
377
378
379
379
380
379
380
380
381
380
381
380
380
379
380
380
380
382
381
382
381
383
384
389
393
401
410
423
435
449
461
474
482
490
492
491
487
479
468
458
446
437
428
421
413
409
403
400
396
394
389
387
383
381
377
376
375
375
375
377
377
378
379
380
379
379
379
379
377
376
374
372
372
369
368
366
366
363
363
360
360
359
359
359
361
360
363
362
365
365
367
367
368
368
370
369
371
371
373
373
375
373
374
374
375
375
377
376
377
377
377
377
376
376
377
377
377
377
378
380
384
391
400
410
424
438
452
465
476
487
491
493
488
483
473
464
451
442
431
424
416
410
405
402
398
395
391
389
385
384
380
378
375
375
374
375
374
375
375
376
376
376
375
375
373
372
371
369
367
366
363
361
360
359
358
358
357
358
358
358
359
359
361
361
362
362
364
364
366
365
366
367
368
369
371
370
373
372
373
372
373
372
374
373
375
375
376
376
377
377
378
378
380
379
381
380
381
381
383
385
389
393
402
410
421
433
448
462
476
487
496
500
501
498
490
481
469
459
448
439
430
425
418
416
411
410
405
404
401
400
397
397
396
396
394
396
394
396
396
398
397
398
397
397
395
392
389
387
384
383
379
377
374
372
368
366
363
363
360
359
358
357
355
354
354
354
355
354
356
355
357
356
357
356
358
358
360
359
361
360
362
362
363
362
363
363
365
365
368
368
370
371
374
373
375
375
376
377
378
379
381
382
386
390
397
407
418
430
443
458
473
484
493
498
499
496
490
481
471
461
450
442
433
429
423
421
417
416
413
412
409
409
407
407
404
405
404
405
405
406
407
407
407
407
405
404
400
397
393
390
386
383
380
377
373
370
367
365
362
360
357
357
354
354
353
351
350
350
350
350
349
350
350
350
351
351
352
353
354
354
356
355
357
356
358
359
361
361
363
364
367
368
370
370
372
373
375
376
377
377
379
379
382
383
386
389
396
403
413
424
438
452
467
479
491
497
500
499
495
487
476
465
455
445
437
429
423
419
416
414
411
408
406
405
402
400
399
399
397
399
397
399
397
398
397
399
397
396
392
392
388
386
382
380
377
375
372
370
368
367
364
363
361
362
360
361
360
361
362
363
363
365
365
367
367
369
370
370
371
372
372
373
375
375
377
376
377
377
377
377
379
378
381
380
383
382
383
382
384
383
384
383
385
383
385
385
386
389
394
400
410
419
433
445
459
471
483
490
496
495
492
484
475
464
454
443
434
425
417
411
407
404
400
396
392
391
387
385
383
383
380
381
381
383
383
385
384
386
385
385
383
381
378
377
374
373
369
369
367
366
364
363
363
363
363
363
363
364
364
364
364
366
367
368
369
370
370
371
372
373
373
375
375
376
376
377
378
378
378
379
380
380
382
382
382
381
382
380
381
381
381
380
381
381
384
386
393
400
411
422
437
450
464
475
486
491
493
491
486
477
470
459
446
434
427
419
415
410
407
403
401
398
394
389
386
382
381
378
375
374
374
374
378
381
378
377
375
375
378
380
371
368
364
363
364
365
357
355
352
355
356
357
352
353
352
354
354
357
356
358
359
366
367
364
363
368
370
369
367
368
369
376
377
373
371
371
374
379
374
373
371
374
377
376
373
373
373
372
374
374
376
376
380
385
392
396
405
415
429
443
459
471
484
490
495
493
489
480
472
460
451
440
432
424
420
414
413
410
408
403
401
397
395
391
389
386
384
382
382
381
382
381
381
382
381
380
380
379
377
375
373
373
369
368
364
363
361
360
358
357
356
357
354
355
353
355
353
355
354
356
355
356
356
358
358
359
359
359
359
361
360
362
362
361
362
363
363
364
366
366
367
368
369
370
371
373
373
375
375
376
376
377
379
378
381
382
387
391
400
408
421
434
448
462
478
488
497
499
499
494
488
477
466
454
445
437
430
424
422
419
418
415
413
411
410
407
406
402
401
400
398
397
398
398
399
399
400
399
398
395
393
389
386
383
381
377
374
370
367
366
362
359
356
355
353
353
349
349
346
345
344
345
343
344
344
344
344
346
345
347
347
348
348
349
350
351
351
353
353
354
355
357
357
360
360
362
362
365
365
368
369
371
372
373
374
375
376
377
377
378
379
381
385
389
397
405
417
430
444
458
473
485
496
500
502
499
494
482
473
461
452
442
437
430
428
424
424
421
422
418
419
416
416
413
412
410
409
407
408
406
407
407
407
404
404
401
398
393
388
384
379
376
373
369
366
368
365
358
352
351
348
346
344
344
342
343
341
343
341
344
347
350
345
346
345
351
351
349
346
349
350
351
351
353
354
356
357
359
361
362
363
365
366
368
369
370
372
374
376
377
378
380
381
382
383
384
385
386
387
388
391
394
400
407
417
426
440
452
466
477
488
495
501
498
494
486
476
464
455
444
436
427
422
416
413
408
405
402
400
396
393
390
388
386
386
385
386
386
387
387
388
388
388
386
384
382
379
377
376
373
372
370
368
369
366
366
365
365
364
364
364
365
365
367
367
369
368
371
370
372
372
373
374
376
376
378
378
379
379
380
379
380
378
380
379
380
380
381
381
381
382
383
382
383
383
383
383
384
384
384
384
384
385
388
393
400
409
420
434
446
461
473
486
493
498
496
493
483
473
460
450
439
430
420
415
409
407
402
401
396
394
391
388
384
382
378
377
376
376
375
378
377
379
379
381
380
380
378
378
376
376
372
370
367
365
364
362
361
361
360
360
361
360
362
361
363
363
365
365
367
366
368
366
370
369
371
371
372
372
372
373
374
372
374
372
373
372
374
372
374
374
374
374
375
374
376
375
376
375
376
376
378
380
385
392
402
412
426
441
457
470
483
491
495
495
490
483
473
462
450
441
431
424
416
413
408
406
402
401
396
393
389
386
383
380
377
377
374
375
374
375
375
376
375
376
376
376
373
372
370
368
366
365
364
363
361
360
359
358
357
357
356
356
357
358
359
360
361
363
365
364
366
367
369
369
371
370
372
371
372
372
373
372
372
371
372
372
374
372
374
372
374
373
374
375
376
375
375
374
375
376
378
381
386
393
403
414
428
443
458
472
484
491
495
493
489
481
471
460
450
440
431
425
418
414
410
407
403
401
396
393
388
386
382
379
376
375
372
373
373
374
373
374
373
374
373
373
370
369
367
367
364
363
360
359
358
357
355
356
354
355
355
356
356
357
358
360
361
361
363
364
365
366
366
368
370
371
372
372
373
373
374
374
375
374
375
373
375
375
377
376
378
377
379
378
380
379
380
380
381
380
382
383
384
386
391
397
407
417
431
445
460
472
485
492
497
497
493
485
476
464
453
442
432
425
419
414
411
409
406
404
401
397
394
393
388
387
384
383
381
382
381
382
381
383
380
382
380
380
377
377
374
373
370
368
366
365
361
361
359
359
358
358
357
357
357
358
358
359
359
361
361
362
362
363
364
364
365
366
366
366
367
368
369
368
369
368
370
370
372
372
373
372
375
375
377
376
378
377
380
379
381
379
381
381
383
383
387
389
394
402
412
422
436
449
465
477
489
496
500
498
495
486
477
464
455
444
435
428
422
419
415
412
409
407
404
402
400
399
397
396
394
395
394
395
394
395
394
395
394
394
392
391
388
386
382
381
376
374
371
368
365
365
362
361
358
358
357
356
356
357
356
358
358
358
357
358
358
360
360
361
360
361
361
361
362
364
363
364
364
365
366
365
367
367
369
370
372
373
375
374
377
376
379
379
382
383
385
385
388
389
394
400
409
418
431
443
460
472
485
493
500
501
500
492
484
473
462
450
441
433
426
422
419
416
415
412
409
408
405
404
403
402
401
402
401
401
400
402
401
402
401
400
396
394
390
387
382
380
375
372
367
365
360
358
354
353
350
350
347
347
345
344
343
343
343
344
344
345
346
347
347
349
350
351
350
351
351
353
354
356
356
358
359
359
361
362
363
364
366
367
369
370
373
374
378
383
392
401
415
426
441
454
469
480
488
490
492
486
480
469
459
448
439
430
425
419
416
412
409
407
404
403
402
400
399
398
398
397
398
398
398
398
398
398
397
396
393
391
389
386
383
379
375
374
370
367
365
362
359
359
356
356
353
353
352
354
352
354
354
356
356
358
358
360
360
361
361
362
362
365
367
369
368
370
370
371
371
373
373
375
376
376
378
379
379
381
381
381
381
382
383
386
390
396
405
416
429
441
454
467
480
489
494
495
492
484
477
466
456
444
435
426
419
412
408
401
398
393
391
387
386
383
382
380
380
380
381
381
383
384
386
385
386
384
382
380
379
376
375
372
370
367
365
364
363
362
361
360
360
361
361
362
361
363
364
366
366
369
367
370
371
374
373
376
376
378
378
380
379
381
380
381
380
381
381
382
381
383
381
383
381
382
382
382
383
384
385
389
393
403
413
426
438
453
467
480
490
496
498
495
490
481
470
458
448
437
428
419
413
407
404
399
398
393
390
386
385
381
379
376
376
374
375
376
378
378
379
379
380
379
379
377
377
374
372
369
368
366
364
362
361
359
359
358
358
357
356
357
357
359
360
360
361
362
363
365
366
367
367
368
368
370
370
372
371
372
372
373
373
374
373
375
374
375
374
374
374
375
375
377
376
380
383
391
399
409
423
439
454
469
481
492
497
498
495
488
477
467
455
444
432
423
416
410
406
402
398
395
392
388
386
382
379
376
375
372
372
370
371
370
372
371
373
372
373
371
372
368
368
367
365
362
361
359
358
357
357
356
357
356
356
355
356
356
357
357
359
360
361
360
362
363
365
367
369
368
368
370
370
371
372
373
374
376
376
377
377
378
378
378
378
378
377
378
377
380
380
384
387
396
404
418
430
447
461
477
489
498
501
501
495
488
475
465
453
442
432
424
418
412
407
405
401
398
394
391
388
385
382
380
377
377
378
377
378
378
378
379
379
379
379
378
377
374
373
369
368
365
364
360
360
357
358
355
356
355
356
355
356
355
357
356
358
358
360
361
362
363
364
363
364
365
366
366
368
369
371
370
371
371
372
372
372
374
375
376
376
377
377
379
379
380
381
382
382
384
385
391
396
406
416
431
445
461
475
490
500
507
507
505
497
488
476
465
453
443
433
427
421
417
413
411
407
405
403
401
399
398
396
394
393
394
393
394
394
395
395
395
394
394
391
388
386
383
382
377
375
372
370
367
365
362
361
358
357
355
355
353
353
351
351
350
351
351
352
352
353
352
354
354
356
355
358
358
358
358
359
359
361
361
363
363
365
366
368
368
368
369
371
371
372
373
374
375
376
378
381
387
395
407
417
431
446
462
477
489
497
504
503
500
491
482
470
459
447
438
429
426
420
418
414
412
409
408
406
405
403
403
401
401
400
401
401
402
403
403
403
403
401
400
395
392
388
385
379
376
371
367
364
360
357
355
353
350
349
347
346
344
344
344
345
344
345
346
348
348
Loop stopped.
