Output started
30000
426
413
410
410
410
413
415
419
422
425
429
433
437
441
443
446
448
450
450
450
450
450
450
450
449
449
448
448
446
447
446
446
445
444
443
441
440
440
439
439
438
438
438
436
436
435
434
432
431
430
430
428
429
427
427
425
424
423
424
423
424
422
422
421
421
420
420
419
420
418
418
418
419
419
419
418
420
420
421
419
420
419
419
419
419
419
421
420
421
421
421
421
422
421
422
423
423
426
428
432
435
440
442
446
447
450
449
450
450
451
450
451
450
450
448
449
446
447
446
447
445
446
445
444
442
441
440
440
439
439
440
440
438
439
437
436
435
434
432
432
431
430
429
428
427
427
426
426
426
426
426
425
425
423
424
424
424
422
423
421
422
421
421
420
421
421
422
422
423
423
425
423
424
424
424
424
426
425
426
425
426
426
427
428
429
430
431
429
429
428
428
428
428
428
429
430
433
438
441
446
450
452
455
456
456
457
455
454
454
454
453
453
452
452
450
450
449
450
450
450
448
449
446
446
444
444
441
442
442
442
442
442
441
440
439
438
436
436
436
435
435
435
433
433
432
431
431
430
430
430
430
428
427
427
426
425
426
425
426
426
427
426
426
426
427
426
426
426
427
427
428
427
428
427
428
428
429
429
430
428
430
430
431
431
433
433
433
433
433
431
429
428
429
429
431
433
437
441
445
448
451
453
457
457
457
456
455
455
454
454
454
453
453
453
452
453
453
453
452
452
451
451
448
448
446
445
444
445
444
445
443
443
441
441
439
440
437
437
435
435
433
435
433
434
432
433
431
431
429
430
429
430
428
428
426
426
425
426
425
426
425
426
426
426
426
426
427
427
428
428
428
427
429
427
428
428
429
427
428
427
428
427
427
425
427
427
429
429
432
430
430
429
429
427
429
429
431
432
436
439
444
448
450
453
456
457
458
458
458
458
457
457
457
456
456
456
455
454
453
453
454
455
453
452
450
450
449
447
445
445
445
445
444
443
441
442
440
441
439
439
438
438
436
436
433
433
431
433
432
432
431
431
430
430
429
429
427
427
426
426
425
425
425
426
426
427
427
427
426
427
427
427
427
427
428
428
428
428
429
428
430
428
429
429
430
429
430
428
429
428
429
429
430
430
431
431
432
431
431
430
431
431
432
434
437
439
444
446
452
455
458
460
461
461
461
460
461
459
460
459
459
458
458
458
458
457
457
456
456
455
454
453
451
449
448
448
446
445
444
445
443
444
442
443
441
442
438
438
436
436
434
433
432
433
431
431
430
430
430
430
429
429
428
429
427
428
426
428
426
427
427
428
427
427
427
428
426
427
427
427
427
427
426
427
427
427
427
426
428
427
428
428
430
428
430
429
430
429
429
428
429
429
430
429
431
430
431
430
431
430
431
431
434
435
438
440
445
449
453
455
459
458
461
460
460
461
462
462
461
460
460
459
458
458
457
457
456
456
456
457
456
454
452
452
450
449
447
447
445
447
445
445
443
443
441
440
438
439
436
437
434
434
432
432
430
430
429
429
427
428
427
428
427
428
426
427
426
427
426
426
425
426
426
426
426
426
427
427
427
427
427
428
428
428
428
428
429
428
429
429
429
428
430
429
430
430
431
432
432
431
432
432
432
431
432
433
435
435
436
434
434
434
435
436
437
440
443
446
449
452
456
460
463
465
467
467
467
466
466
465
462
462
461
459
459
458
457
456
455
455
455
455
454
453
451
451
448
448
447
446
444
445
445
444
442
442
440
440
438
438
437
437
436
435
434
434
432
433
432
432
432
431
430
430
428
428
426
427
426
426
425
426
427
427
428
427
427
427
426
428
428
429
429
429
430
430
430
429
430
429
430
429
430
429
430
430
431
431
432
430
432
432
433
433
435
435
436
435
435
433
433
434
434
435
439
440
444
448
453
455
458
460
463
463
465
463
462
461
460
459
459
458
457
458
457
456
455
456
456
456
456
454
453
453
451
451
450
451
449
450
448
447
445
446
443
443
442
443
441
442
440
440
438
438
436
437
435
435
434
435
432
433
432
431
430
430
429
430
430
431
430
430
430
429
429
429
430
430
430
431
431
430
431
430
430
430
431
430
432
431
433
430
431
430
432
431
433
433
434
432
432
429
429
428
429
429
432
435
441
444
450
454
458
460
462
463
464
463
463
462
462
462
462
461
460
459
459
457
457
458
456
456
455
454
453
452
449
449
448
448
447
448
447
447
444
444
441
441
439
439
436
436
434
435
433
434
432
432
431
431
430
430
429
429
428
429
427
427
426
426
425
426
426
426
426
426
427
428
427
427
428
427
427
428
428
426
427
428
428
428
429
428
429
429
431
431
432
432
431
430
430
428
428
428
431
432
437
441
447
452
457
460
463
464
466
466
466
466
466
465
464
463
463
461
462
460
460
459
458
457
457
455
453
451
450
447
446
445
444
443
442
441
441
441
439
439
438
437
435
434
432
432
430
430
428
428
426
427
424
426
424
424
421
422
420
420
420
421
421
422
421
422
421
422
422
421
421
422
422
423
423
424
423
423
423
424
423
424
425
424
425
424
424
424
424
424
425
426
427
426
426
425
425
425
427
427
431
433
438
441
447
451
456
459
463
464
467
467
469
466
467
464
465
464
464
462
462
460
460
457
456
455
455
454
453
450
449
446
445
443
442
439
440
439
437
437
437
436
434
433
432
431
430
430
427
426
425
425
423
423
420
420
419
420
418
418
416
416
416
418
417
418
418
418
417
418
417
418
417
419
418
420
419
421
420
421
420
420
419
419
420
421
421
421
422
422
422
421
421
422
422
423
423
424
424
425
425
426
428
429
432
436
442
445
451
455
461
463
467
468
469
468
469
468
468
467
467
466
466
465
465
464
464
462
461
460
458
457
454
453
450
447
445
444
442
441
440
438
438
437
436
435
433
432
430
428
426
425
423
422
420
420
419
418
417
417
415
414
414
414
413
413
413
413
411
413
411
413
412
412
412
413
413
414
413
414
413
414
414
414
414
414
413
414
415
416
415
416
417
418
418
419
418
418
418
419
419
419
420
421
421
422
422
422
423
423
425
427
429
432
437
442
448
452
458
460
464
465
468
467
469
468
468
467
467
466
466
465
464
462
463
460
459
457
456
454
452
449
447
444
442
440
439
437
436
434
434
432
432
430
429
426
425
424
422
421
419
419
417
417
415
415
414
414
412
412
412
412
409
411
409
410
409
410
407
409
407
409
408
410
409
410
410
411
410
411
411
412
411
412
412
413
412
413
412
413
413
415
415
415
416
416
416
417
416
417
416
417
417
418
418
420
421
420
421
420
420
420
422
423
425
427
433
437
443
449
454
457
462
462
465
464
465
463
464
462
462
460
460
457
458
455
455
454
454
453
454
451
449
446
446
444
442
440
439
439
439
437
436
435
433
432
430
430
428
427
424
424
423
422
420
420
417
417
415
415
414
416
414
414
413
414
413
414
413
414
412
413
413
414
413
413
413
414
412
413
413
413
413
414
413
414
415
415
415
415
416
416
416
417
417
418
418
418
417
418
417
418
419
420
420
420
421
420
420
419
420
421
424
426
430
434
440
445
451
455
460
461
464
463
463
461
462
459
459
457
457
455
454
453
453
450
451
450
450
448
447
445
443
440
438
437
437
435
434
434
433
432
431
431
431
429
428
428
427
426
425
425
423
423
421
421
419
419
417
416
414
415
413
414
413
414
413
413
412
413
411
413
413
414
414
415
414
415
413
415
415
415
414
416
416
417
417
418
418
418
417
418
417
418
418
418
417
418
419
421
421
422
421
422
420
420
420
420
423
426
430
434
440
445
451
454
459
461
464
464
466
465
466
464
463
461
461
459
459
457
458
457
459
457
457
455
454
450
447
444
444
441
440
439
438
437
437
435
434
432
431
428
427
425
424
422
422
420
419
419
416
416
415
415
413
414
413
413
412
413
412
413
411
414
412
413
412
412
411
412
412
413
412
413
413
414
414
414
415
416
415
415
416
416
416
417
418
418
418
419
419
419
418
419
419
420
420
421
421
420
420
419
420
420
423
424
428
432
437
442
449
453
458
461
464
463
465
463
465
463
463
462
462
460
461
459
459
456
457
456
456
455
454
452
449
446
445
442
441
439
438
437
436
435
435
433
432
430
428
427
425
424
423
421
420
419
417
416
416
415
413
414
412
413
412
412
410
410
410
411
410
411
410
411
411
412
412
413
412
412
412
413
412
414
413
414
414
414
415
415
415
414
415
416
416
417
416
418
418
419
418
419
419
419
419
420
421
422
422
423
423
422
422
422
424
425
429
432
438
442
449
453
459
462
465
466
468
468
470
467
467
466
467
464
465
463
463
461
461
458
458
456
457
454
454
451
449
446
444
440
440
438
439
437
437
436
436
434
433
432
430
429
427
425
424
423
422
421
419
419
418
418
416
417
415
416
414
415
413
414
413
414
413
413
411
413
412
413
412
414
414
415
414
415
415
416
415
416
414
414
414
416
415
416
416
417
417
418
418
419
419
421
420
421
421
420
421
421
422
422
422
422
424
424
425
425
426
427
430
432
438
442
449
454
460
464
468
469
472
471
473
472
472
470
469
467
468
466
465
463
463
461
459
458
457
455
454
451
448
445
443
440
440
437
437
435
435
434
433
432
431
431
429
428
427
425
424
423
420
421
418
417
416
415
415
415
413
413
412
413
411
412
412
413
412
413
411
412
411
413
412
413
412
413
412
412
412
413
413
413
413
414
414
415
416
416
416
417
417
418
419
418
417
416
415
416
416
417
418
418
421
420
420
420
421
422
425
427
433
437
444
449
456
459
463
466
468
468
469
468
469
468
468
467
465
463
464
462
461
459
458
457
456
453
453
450
448
446
444
442
440
439
438
437
436
435
433
431
431
430
428
427
427
424
423
422
420
420
418
418
417
415
414
414
412
413
412
411
410
412
410
411
410
412
411
412
411
411
411
412
413
413
414
415
415
415
414
414
413
413
413
414
415
416
416
415
416
417
416
417
418
421
424
429
434
440
445
450
455
457
459
460
460
460
460
458
459
456
458
455
455
452
452
449
449
447
448
445
445
441
441
438
437
435
435
432
433
432
432
431
431
428
428
425
425
423
422
421
420
418
418
417
417
415
416
415
415
414
414
413
413
413
413
413
413
413
411
412
412
413
412
414
413
414
414
416
415
416
416
418
418
418
418
419
418
419
418
420
420
421
421
422
421
420
419
419
419
420
420
424
427
432
437
443
447
453
456
459
460
461
460
458
459
457
457
457
456
455
454
451
451
448
446
446
446
443
441
438
438
435
435
434
434
433
433
432
432
431
431
430
430
428
428
426
426
425
424
423
423
421
421
421
421
420
419
418
417
416
415
414
414
413
413
412
411
411
412
412
413
414
413
414
414
415
415
417
417
418
417
418
418
419
419
420
421
423
425
430
433
437
437
438
436
434
430
428
428
430
431
436
440
445
448
453
456
458
458
460
458
458
456
456
454
453
451
451
450
450
450
452
456
462
468
472
474
474
471
467
463
457
453
447
443
438
436
433
431
429
427
424
422
419
417
414
412
410
411
410
410
410
411
412
412
411
411
409
409
409
411
411
412
412
411
412
412
411
413
412
414
412
413
412
412
413
415
417
419
419
421
421
421
422
422
422
423
423
422
420
417
417
415
416
415
416
417
422
426
432
437
443
447
452
454
458
458
461
459
460
458
458
456
457
456
456
455
455
453
453
453
453
450
449
447
445
445
445
443
443
442
442
441
439
438
436
436
434
433
431
431
430
429
427
427
424
424
422
422
419
420
419
420
418
419
418
418
417
418
417
417
416
416
416
416
416
417
416
418
419
420
418
419
419
419
419
419
419
419
420
420
419
419
419
419
419
420
421
421
423
423
422
421
421
419
421
422
426
428
433
437
444
449
454
457
460
461
463
461
463
461
461
459
459
457
457
455
455
453
453
452
452
451
450
447
446
445
444
442
441
440
439
440
439
438
438
438
436
436
435
433
431
431
429
429
428
427
426
425
424
425
422
421
419
418
418
418
417
418
417
419
417
419
417
418
417
419
419
419
419
419
418
419
417
417
416
416
415
416
416
416
417
418
417
418
417
419
419
421
420
421
421
421
421
421
420
420
422
424
427
430
434
439
446
451
456
460
463
464
465
464
465
464
464
463
464
462
461
459
459
458
456
454
453
452
452
451
450
447
446
444
444
442
441
440
440
438
439
437
436
435
434
432
431
429
428
426
425
424
424
423
423
422
421
421
421
420
419
418
417
417
415
415
414
415
414
416
414
415
415
416
414
416
416
417
415
416
416
417
416
417
416
417
417
418
419
421
420
421
421
423
421
422
422
424
423
425
423
423
422
422
423
424
427
430
433
436
442
446
452
456
461
462
464
464
465
464
464
462
462
460
461
459
460
458
457
455
455
452
451
449
450
447
447
444
443
441
441
439
438
436
437
435
436
433
433
431
431
430
429
427
426
425
424
422
421
420
418
418
418
417
417
418
417
418
416
416
415
416
415
416
415
416
415
416
415
417
415
417
416
418
417
417
417
417
417
418
418
420
420
421
421
422
420
420
419
420
420
421
421
423
423
423
423
423
423
425
425
430
432
437
442
446
450
454
Loop stopped.
