Output started
30000
740
752
754
751
747
741
737
730
725
722
718
716
712
710
706
706
703
701
698
696
693
693
689
688
685
684
681
681
677
676
674
675
671
671
668
669
668
668
666
667
666
667
666
667
667
667
669
668
668
668
670
670
671
671
673
673
673
673
674
674
676
675
677
675
676
673
677
674
676
673
676
673
678
680
688
696
708
716
729
739
748
755
761
765
768
769
769
768
764
762
759
758
753
752
748
747
743
743
737
736
728
727
720
718
711
712
707
707
705
705
702
702
699
698
696
694
690
690
685
685
682
681
677
676
673
671
670
669
669
666
667
665
667
665
666
664
666
664
667
665
667
665
668
666
669
667
669
668
669
667
669
667
670
668
670
668
670
670
671
671
671
673
672
673
671
673
671
673
671
673
674
678
684
695
703
717
726
740
747
756
760
766
766
768
765
765
760
758
754
752
748
746
742
741
738
734
730
727
722
717
714
710
707
704
701
699
698
697
695
693
691
688
689
686
685
682
682
679
678
674
675
671
672
667
666
663
664
661
660
659
659
658
658
658
658
659
659
660
659
662
661
664
663
666
664
666
665
667
667
670
669
670
669
671
670
672
670
671
670
671
670
671
669
671
671
671
673
674
678
686
694
705
716
726
737
747
753
757
761
761
763
760
760
754
754
749
748
743
742
737
736
732
731
725
723
716
714
709
706
702
701
698
698
694
694
693
692
690
690
690
686
685
683
682
678
678
675
675
672
672
668
669
665
667
664
665
662
664
661
664
662
664
662
665
663
665
665
667
667
669
669
671
670
671
671
672
672
673
674
676
676
675
678
676
678
677
678
677
679
677
680
677
680
678
683
687
699
707
721
729
741
747
756
761
766
765
767
765
765
761
758
754
751
748
745
743
741
738
735
733
729
726
722
720
714
713
708
708
705
704
701
701
697
697
694
693
689
690
686
687
684
684
681
681
678
678
675
676
673
672
671
669
667
667
666
665
665
665
665
665
665
664
666
665
667
666
668
666
668
667
668
667
669
667
669
668
671
670
671
672
672
672
673
673
674
673
675
676
677
677
677
677
677
681
686
695
704
716
726
739
747
757
763
769
770
773
772
772
767
765
760
758
754
755
751
753
749
749
746
744
741
737
733
730
726
720
718
714
712
708
707
703
701
699
697
694
694
689
688
685
685
681
681
677
677
674
674
671
670
669
669
666
666
664
663
662
662
662
661
661
662
663
663
664
664
666
665
666
666
668
667
670
669
670
669
671
669
671
669
672
671
674
672
675
674
677
675
677
676
678
676
678
678
680
679
684
688
697
707
719
731
741
751
758
766
769
773
773
776
774
773
770
770
766
765
760
759
756
756
750
751
745
744
739
736
728
726
721
717
713
710
706
706
703
703
698
697
695
693
691
689
686
683
682
678
677
674
674
672
672
668
668
666
667
664
666
663
665
663
664
662
664
663
665
663
665
664
665
663
666
665
667
666
668
667
669
669
671
671
671
672
672
673
673
674
673
673
672
674
673
674
672
674
673
675
674
677
679
688
697
711
721
733
743
753
758
766
767
770
768
769
765
763
759
756
752
750
748
746
743
741
738
735
732
726
722
717
714
710
708
704
704
701
701
698
699
696
696
692
691
689
687
685
683
681
678
677
675
672
671
670
669
667
666
666
665
667
667
668
668
668
666
667
667
668
668
669
668
669
668
670
669
670
669
670
669
671
669
672
671
672
671
671
671
672
671
673
673
673
674
674
673
673
673
673
674
673
677
679
688
696
710
720
734
744
756
761
769
771
774
773
774
770
769
766
763
758
756
753
750
746
745
742
740
735
732
728
722
718
714
711
707
706
702
701
698
698
693
694
691
691
688
687
683
683
679
678
672
673
669
670
666
668
664
665
662
663
661
660
658
658
658
659
659
659
659
660
661
662
663
662
664
664
668
666
668
667
668
667
669
667
670
667
670
668
671
669
672
670
673
670
673
672
674
672
674
672
674
674
675
676
682
688
699
710
723
734
746
756
764
770
772
774
773
774
770
769
764
764
758
757
752
752
748
747
743
742
738
735
728
725
718
717
711
711
706
706
703
701
698
698
695
692
690
689
686
684
684
681
680
676
674
671
670
667
665
663
663
661
660
658
659
657
659
657
658
655
657
655
657
657
659
657
659
660
660
660
662
661
663
663
664
666
666
666
665
667
667
668
669
670
670
672
671
674
673
674
673
674
673
677
674
677
674
678
679
686
693
705
715
726
738
748
757
763
769
772
772
773
772
769
767
763
761
757
755
750
749
747
745
742
740
736
733
727
724
718
716
711
710
706
705
701
701
697
696
692
692
691
689
687
685
683
682
680
679
677
674
673
671
670
669
668
665
665
663
663
660
662
659
662
660
663
661
663
661
664
662
664
664
666
664
667
667
669
669
670
669
671
670
671
671
671
672
672
673
673
674
674
676
675
677
675
678
676
678
676
679
678
684
684
692
698
710
719
732
741
753
757
766
767
773
772
772
769
768
764
762
757
756
752
750
747
744
742
740
738
733
729
723
720
715
713
708
708
703
703
699
700
696
696
692
693
688
690
686
687
683
684
681
680
677
676
674
673
671
671
669
668
667
666
665
666
665
666
667
668
669
671
671
670
672
671
673
671
673
670
674
671
673
672
673
670
673
671
673
671
674
671
674
672
675
674
676
675
676
675
677
677
678
677
679
681
685
691
699
710
720
733
742
752
757
763
764
768
766
766
763
763
760
758
755
753
749
749
744
743
740
739
734
732
727
723
719
716
713
711
708
706
705
703
701
699
698
696
694
692
691
689
688
685
685
681
681
678
678
674
674
672
672
670
670
668
669
666
668
667
668
667
667
668
668
669
670
672
672
674
674
675
675
677
677
679
679
681
679
681
680
682
679
683
682
684
681
684
681
682
680
682
681
682
680
681
682
685
688
696
704
713
724
734
744
751
758
762
764
764
764
763
762
758
756
754
752
748
748
744
745
742
743
738
738
732
731
724
721
715
714
710
709
706
705
702
702
700
698
695
694
694
690
688
686
685
683
682
679
679
675
676
673
674
670
671
668
669
668
670
667
670
668
671
670
672
670
673
672
673
671
673
672
675
673
674
673
676
674
675
674
675
675
676
677
677
679
679
681
680
682
680
684
681
683
682
685
684
687
685
689
690
699
704
716
724
737
744
754
759
767
767
771
770
771
769
769
767
765
762
759
756
754
753
751
749
747
744
741
737
733
730
725
723
717
715
709
710
705
705
701
702
698
698
693
694
689
690
685
685
683
683
680
679
675
676
674
673
672
671
670
670
670
669
668
668
669
669
671
670
672
671
674
672
675
674
675
673
675
674
677
677
678
677
678
677
677
677
678
678
679
680
681
681
683
683
683
684
684
684
685
686
686
686
687
689
691
697
704
714
724
735
743
753
758
766
768
771
769
771
770
769
766
767
762
762
758
757
755
754
752
750
746
744
741
737
734
730
728
724
721
717
715
712
711
707
705
702
700
696
695
692
693
688
688
684
686
682
681
678
678
675
675
672
672
669
670
668
667
667
667
667
667
668
668
671
670
672
672
674
673
674
673
674
675
676
675
677
676
678
675
677
675
678
676
679
676
679
679
681
680
682
680
682
681
682
681
681
681
683
686
691
699
707
717
727
738
746
755
760
765
767
769
767
769
765
766
763
762
758
758
755
755
751
751
747
746
741
738
733
730
723
722
715
715
712
711
707
706
703
701
699
697
695
694
692
689
688
685
684
681
681
678
678
674
675
671
672
669
670
667
668
666
668
667
670
668
670
669
672
671
672
671
673
671
672
673
674
674
675
675
675
675
675
675
675
677
677
677
677
678
677
678
677
679
677
679
677
680
679
682
680
683
684
691
697
710
718
733
741
752
759
765
769
772
773
773
770
769
766
764
762
760
757
756
754
752
751
748
747
742
740
735
731
725
723
717
715
710
709
705
704
701
701
698
697
693
691
688
686
682
681
679
677
675
673
671
670
670
670
670
668
670
668
668
665
666
663
663
662
663
662
663
662
664
663
666
666
668
667
669
668
670
669
672
671
673
673
675
675
677
679
679
680
680
681
680
681
680
680
679
679
679
681
679
681
680
684
685
693
700
712
722
734
742
752
757
764
766
771
771
772
771
770
768
767
762
760
758
756
754
753
752
748
746
742
739
734
731
726
723
718
715
712
710
707
706
702
702
697
698
693
694
689
689
684
684
681
681
678
678
675
674
672
672
670
669
668
667
667
667
667
666
667
667
668
667
669
669
671
669
672
670
672
671
674
672
674
673
675
673
676
675
678
678
680
678
680
679
680
679
681
680
682
682
684
683
685
684
684
686
686
687
687
688
690
696
702
712
720
732
739
750
757
765
766
771
770
772
768
768
763
763
758
759
754
754
751
751
748
747
743
743
738
735
732
729
725
722
718
715
712
710
709
707
706
704
703
701
700
698
696
692
693
689
688
685
684
680
680
678
679
676
678
675
676
674
675
673
673
672
673
672
672
673
674
673
675
675
676
677
678
678
678
679
679
679
678
679
678
681
680
683
682
685
683
686
684
686
684
686
685
687
688
688
687
689
689
692
695
703
710
719
727
737
745
752
760
764
767
768
769
768
767
764
762
757
756
751
752
747
748
745
744
741
741
735
734
729
727
724
722
718
717
714
714
711
709
707
705
704
702
702
701
700
697
697
693
693
689
689
687
687
683
684
680
681
678
679
678
680
679
680
678
679
677
676
675
677
676
677
676
676
676
676
678
678
680
680
681
682
682
681
682
682
683
685
688
687
689
687
689
688
690
688
690
686
689
687
694
698
711
718
729
735
746
751
757
759
762
762
763
761
759
757
755
753
751
749
746
745
743
742
738
737
733
731
725
724
720
720
716
716
712
713
709
712
707
709
706
707
704
705
700
701
698
697
694
693
689
688
684
682
681
681
680
681
679
680
679
679
679
681
683
683
684
683
685
684
686
684
687
685
688
686
688
686
688
687
690
688
691
689
692
691
693
693
694
691
693
691
692
691
693
694
695
697
701
709
716
726
736
745
754
762
767
771
772
773
771
771
767
766
762
761
758
757
754
753
749
749
746
746
741
740
735
732
727
723
719
717
713
712
710
708
705
703
701
699
697
695
694
691
690
688
688
686
685
684
685
681
681
677
678
675
675
672
673
672
673
674
675
676
676
677
677
677
678
678
678
677
678
679
679
681
681
682
682
684
684
685
685
688
688
690
689
690
688
690
688
689
688
691
691
692
693
698
703
711
720
730
740
751
760
768
773
777
777
778
777
776
775
771
769
766
765
760
761
757
757
753
753
748
746
742
739
733
731
725
724
719
719
716
715
712
712
710
708
705
703
701
700
697
695
694
691
689
686
685
681
679
677
676
674
674
671
672
671
673
671
673
671
673
671
674
671
674
671
675
672
676
674
677
675
679
679
681
681
684
683
685
684
685
685
686
686
685
685
684
684
683
685
683
685
684
688
686
692
696
707
715
728
738
749
756
765
769
775
775
777
775
776
772
771
768
767
764
763
760
759
754
755
752
748
744
741
737
733
730
726
723
718
716
713
712
710
710
706
707
703
702
697
697
693
693
689
689
684
685
681
680
677
677
675
674
672
672
670
671
668
669
667
668
667
667
668
668
670
669
671
670
671
670
672
672
673
672
673
673
675
674
677
675
678
677
679
678
679
678
680
678
680
680
682
681
683
683
688
695
703
714
726
737
747
757
763
769
772
775
774
774
772
770
766
765
762
762
757
758
753
753
748
748
741
739
732
729
723
720
717
715
711
712
710
708
708
706
704
702
700
698
696
694
692
690
687
684
683
680
679
677
677
674
675
672
672
670
671
669
669
667
669
668
669
668
669
668
670
669
671
672
672
673
676
674
675
675
677
677
677
679
678
679
678
680
678
680
679
681
679
681
678
681
680
684
687
696
704
717
728
741
752
762
769
776
779
782
782
781
777
775
773
771
768
766
764
761
759
757
757
752
749
743
740
734
731
725
722
716
715
711
709
706
705
701
701
696
695
690
689
684
683
679
677
673
672
668
667
664
662
661
659
658
658
657
655
655
655
655
654
655
656
657
658
660
658
659
658
662
660
663
662
665
661
664
661
664
664
666
665
667
666
668
668
669
669
670
669
670
669
671
671
674
677
687
697
708
723
737
752
764
776
782
790
791
794
791
791
787
785
780
779
773
773
769
770
765
764
760
758
751
748
740
737
729
725
719
715
711
708
704
704
701
698
698
695
692
688
685
680
676
671
670
666
664
660
659
655
654
650
650
646
647
644
644
643
644
642
643
642
644
644
645
645
645
644
646
645
646
647
647
647
648
648
647
648
649
650
650
653
653
655
655
658
656
658
657
659
658
660
660
663
663
670
677
689
702
719
733
748
762
773
782
788
792
793
792
790
787
782
780
775
774
770
770
766
766
760
757
753
748
741
736
729
723
716
712
706
704
699
697
693
692
688
684
680
678
674
671
668
664
662
659
657
655
653
650
648
645
643
642
641
639
639
637
638
636
639
638
640
638
641
640
643
642
645
643
646
646
648
647
649
649
652
652
654
655
657
659
659
659
659
659
658
659
659
660
661
664
665
668
669
675
680
692
703
719
732
746
755
765
768
Loop stopped.
