Output started
30000
471
465
464
470
473
480
483
491
496
504
508
516
519
523
524
526
525
526
524
523
521
520
518
517
515
513
510
509
507
506
505
503
503
500
498
496
496
494
493
492
492
490
490
489
488
486
485
482
480
477
476
474
474
472
471
468
467
464
464
463
462
461
461
460
459
459
457
456
457
456
455
455
454
454
454
456
455
455
455
455
456
456
455
455
456
457
458
458
457
456
457
458
458
459
459
459
458
458
459
459
460
460
462
464
465
469
474
481
486
492
498
505
510
515
517
519
520
521
520
519
518
516
513
511
508
506
502
502
498
497
493
492
489
488
485
483
482
481
479
479
479
479
479
479
478
477
476
475
474
473
472
471
471
469
467
466
466
463
463
462
461
460
460
457
457
456
456
456
458
456
456
455
456
454
455
455
458
455
457
456
460
460
462
458
458
456
458
457
458
456
456
453
454
454
456
457
457
458
458
458
458
460
461
462
462
466
469
476
481
489
495
503
509
516
519
525
527
531
532
534
532
531
527
526
522
519
514
512
508
506
503
502
498
497
494
491
489
487
485
482
481
479
478
478
477
475
474
472
472
469
468
465
464
462
459
456
455
452
451
449
451
450
449
446
446
444
446
444
445
443
444
445
446
444
445
445
447
447
447
447
447
448
450
451
452
451
450
451
451
452
450
450
451
452
452
452
451
451
453
454
455
456
456
457
459
459
460
463
469
475
484
492
500
506
513
518
524
528
531
531
531
531
528
526
524
521
519
516
514
511
507
504
500
499
494
492
489
487
484
483
481
481
478
477
474
474
471
472
471
471
468
466
462
461
458
458
455
454
451
450
447
445
443
444
442
442
440
440
440
440
440
439
439
438
440
440
440
440
440
439
441
440
443
441
444
441
442
439
442
441
443
441
443
442
444
444
446
447
449
449
449
448
450
450
452
453
456
459
463
469
476
483
491
499
506
512
516
520
523
526
526
526
524
524
522
519
515
514
509
511
506
505
500
497
493
491
488
487
483
482
479
478
474
474
472
471
470
469
467
467
464
463
461
458
456
456
453
452
451
449
448
446
444
443
444
443
443
441
441
440
440
440
441
440
442
442
442
442
443
442
444
443
445
444
444
444
446
445
446
445
445
444
445
446
447
448
448
447
446
446
446
444
445
447
449
452
453
454
457
462
468
476
484
490
497
504
510
515
519
521
522
521
521
519
517
514
514
513
512
510
508
504
502
499
496
493
490
487
485
483
480
478
477
476
474
472
473
472
471
471
469
468
466
466
464
465
461
462
458
459
456
457
455
457
455
454
452
456
453
454
452
454
453
453
451
451
450
452
451
450
451
450
450
451
450
449
450
449
450
449
451
450
451
450
452
452
453
453
454
453
454
452
453
452
454
453
455
454
457
457
461
465
472
476
483
488
494
498
504
506
509
508
508
507
506
505
504
504
503
503
502
502
500
501
499
499
496
494
492
492
491
492
488
489
486
487
484
486
485
485
482
482
480
480
477
476
474
475
473
472
470
468
468
466
463
461
459
458
456
454
453
452
452
451
450
447
445
446
446
445
446
447
447
447
448
449
450
451
452
451
452
453
454
453
454
453
454
452
452
452
452
453
452
453
454
453
454
454
456
456
459
461
465
469
474
479
485
491
496
502
507
511
514
516
519
518
519
517
516
514
513
510
508
505
503
502
500
497
496
494
493
491
491
490
489
488
487
486
485
484
484
484
484
482
481
482
479
478
475
474
472
473
471
470
467
466
464
464
462
462
460
461
459
459
457
458
455
456
454
455
454
454
452
453
450
451
450
452
452
453
453
454
454
454
454
454
455
455
457
457
458
459
459
460
462
461
462
461
464
462
466
464
467
468
471
473
479
482
490
493
499
503
509
512
517
517
519
518
519
517
516
512
511
508
507
505
504
502
501
498
496
495
494
495
492
491
489
489
488
489
487
488
486
486
485
484
481
482
478
477
474
474
470
471
468
468
465
466
464
464
462
463
461
461
459
461
460
459
459
460
458
459
459
459
458
458
457
457
457
457
457
458
458
457
460
459
463
462
463
462
463
463
464
464
464
465
465
467
468
468
469
470
471
471
472
471
472
475
479
483
487
493
499
505
511
516
521
526
528
528
528
527
526
524
522
520
517
514
513
512
511
509
507
506
504
502
502
499
498
495
493
491
490
488
487
486
484
483
483
481
479
477
475
474
471
470
467
465
463
461
459
459
458
457
455
455
453
453
451
452
451
452
452
452
449
450
448
450
449
450
448
449
450
453
452
454
452
455
453
454
453
455
455
455
455
455
455
456
457
457
457
457
458
458
460
460
461
461
463
462
464
466
470
474
482
487
496
501
511
515
521
523
527
527
528
525
525
521
521
517
516
512
511
508
507
504
503
500
499
497
494
491
488
484
481
479
478
477
476
476
476
476
475
475
473
472
469
470
467
467
464
463
460
460
456
457
456
456
453
455
453
454
452
450
449
450
450
450
449
449
448
449
448
448
449
450
450
451
452
452
453
453
454
454
454
454
453
452
454
454
454
453
454
454
455
457
457
458
459
459
460
460
461
463
464
467
473
478
484
491
499
507
514
521
525
528
529
529
528
527
525
523
521
519
516
513
510
509
507
505
503
499
496
493
492
488
486
481
479
476
474
470
469
468
468
467
467
464
463
460
460
459
458
456
455
453
453
452
451
451
451
449
447
446
445
445
446
448
447
448
447
447
445
446
445
446
444
446
446
448
447
449
447
450
448
449
447
448
447
449
449
450
450
450
449
452
450
451
451
452
452
454
454
454
455
457
459
459
462
464
469
475
483
487
494
499
509
514
523
527
531
531
534
532
532
528
528
523
523
518
517
513
512
507
504
499
497
492
491
488
486
484
481
479
476
474
472
471
471
470
468
467
463
462
461
461
460
460
457
457
455
455
453
455
456
458
460
465
465
467
464
463
459
455
450
447
442
440
437
436
435
435
434
434
434
434
434
435
436
437
439
440
441
441
441
441
442
442
443
444
445
446
447
447
446
447
448
449
450
451
453
455
455
456
458
462
467
473
480
488
494
501
508
513
518
521
523
523
523
522
521
520
518
514
511
507
506
503
500
497
496
493
492
489
489
485
483
481
479
478
479
477
477
474
473
470
470
467
466
464
463
461
461
461
459
458
458
457
456
454
453
450
450
449
448
448
448
448
448
448
446
447
444
445
444
446
445
448
446
446
444
444
443
445
445
446
445
446
444
446
446
448
446
446
444
444
443
445
444
446
446
448
448
450
450
452
453
455
457
459
464
469
476
480
487
492
501
506
513
518
522
525
528
527
528
525
525
520
519
515
514
510
509
506
503
499
498
495
494
491
490
487
487
484
483
482
481
479
479
477
475
475
474
472
471
471
468
468
466
466
465
465
462
462
458
457
457
458
456
455
453
454
452
453
453
454
453
453
452
452
451
452
452
452
451
451
451
450
449
449
448
448
448
448
449
448
449
450
451
450
450
450
450
450
451
452
452
453
454
456
457
457
457
458
459
461
461
464
469
474
480
487
493
499
504
510
516
521
526
527
527
527
525
523
521
519
516
512
510
507
506
504
502
499
498
496
494
491
490
488
486
484
484
483
484
484
484
482
482
478
476
471
470
466
466
463
461
458
458
455
454
453
453
452
451
451
450
450
449
449
447
447
446
446
446
445
444
446
444
446
445
446
445
447
446
449
449
451
449
450
448
450
449
451
450
451
450
452
451
453
454
455
455
455
455
456
453
453
452
451
452
452
455
458
462
467
475
481
489
494
502
507
513
517
522
524
527
526
525
521
521
518
518
514
512
507
505
501
498
494
494
491
490
488
487
485
485
483
481
479
479
479
479
478
478
477
475
473
471
469
467
466
464
463
461
460
457
457
455
455
453
453
452
454
453
453
452
453
451
453
452
453
453
454
453
455
454
455
455
455
455
456
457
457
457
458
457
456
457
457
458
459
458
458
458
458
459
459
460
461
461
461
460
461
462
463
464
465
467
470
475
482
489
496
504
511
515
520
524
526
527
528
529
531
531
531
531
528
525
521
517
515
511
505
502
499
497
494
492
489
488
485
484
481
480
477
477
474
475
474
474
471
471
468
468
465
465
463
462
460
461
459
457
456
456
454
454
454
454
453
451
451
451
451
450
451
451
452
451
450
447
449
448
450
449
452
451
454
454
457
457
460
460
462
460
462
461
464
463
463
460
461
459
459
457
458
456
457
456
457
457
457
457
459
463
468
473
479
487
494
503
508
514
517
521
522
525
523
524
521
521
517
517
513
512
508
509
506
505
502
500
497
496
491
491
487
485
482
480
478
476
474
473
472
469
468
466
463
460
458
455
454
452
451
448
448
446
446
446
448
447
445
442
438
435
433
430
429
429
429
429
432
432
434
434
437
438
440
441
444
444
446
446
446
448
448
449
450
449
451
451
451
452
453
454
455
455
455
455
454
453
453
454
456
457
457
458
461
465
471
478
487
494
502
509
514
518
522
524
526
526
526
524
523
521
520
518
515
513
510
508
507
504
502
500
496
494
490
489
485
482
480
478
476
476
474
473
472
472
469
469
465
462
458
457
453
451
448
447
443
443
441
441
438
437
436
437
435
435
436
437
436
435
436
436
438
438
439
439
441
441
444
442
444
443
445
445
448
447
448
446
448
446
448
448
450
448
450
449
452
453
454
453
454
453
455
453
456
457
459
459
461
464
468
473
479
485
493
501
508
514
519
525
527
530
532
532
530
530
527
526
524
522
518
517
512
511
506
506
501
500
496
494
490
488
483
482
479
478
475
474
472
472
470
468
467
465
462
459
458
456
455
453
452
450
449
448
446
445
445
444
443
442
443
442
442
443
443
442
443
442
442
442
442
441
441
442
443
442
444
443
443
442
442
443
442
442
442
441
441
442
442
442
442
444
445
446
447
447
447
448
448
448
450
452
453
453
456
458
462
469
477
484
492
499
507
513
520
523
526
526
526
526
525
523
522
519
518
515
512
509
505
503
499
496
493
492
489
488
485
483
480
478
475
474
470
470
468
467
465
464
461
460
458
458
456
457
454
455
452
453
451
453
450
451
450
452
451
451
450
450
448
449
447
448
448
448
448
448
449
449
450
450
450
449
449
449
450
449
452
450
452
450
451
450
453
452
454
452
453
453
455
454
455
454
457
456
458
457
459
459
461
461
464
463
467
470
474
480
488
494
501
509
515
521
526
529
529
528
526
525
521
519
516
515
510
508
504
503
499
497
493
492
488
489
487
487
483
483
479
478
477
477
475
476
474
474
471
470
468
468
466
465
464
462
462
459
457
456
456
454
453
453
452
451
451
449
449
448
450
450
452
453
456
456
457
455
456
456
456
455
454
453
453
453
453
451
450
447
448
447
447
448
449
451
453
453
454
454
454
454
452
451
450
448
448
448
449
449
451
451
454
456
459
465
472
477
485
491
499
506
514
520
525
527
529
529
529
528
526
523
521
518
516
514
511
508
505
504
503
503
501
498
494
492
488
487
484
482
479
478
476
475
473
473
470
471
468
468
464
465
461
462
461
461
460
460
457
457
455
455
454
455
453
453
452
452
451
451
450
451
451
451
452
451
453
451
451
451
453
452
453
452
452
451
453
453
456
454
457
455
457
455
457
455
456
453
456
454
456
455
457
456
458
459
462
462
464
465
469
471
477
482
488
494
499
506
512
519
524
528
530
531
530
530
528
527
524
521
516
514
511
510
505
503
499
498
494
493
490
490
486
486
484
485
483
482
480
480
477
475
473
473
472
470
468
468
466
465
464
462
460
459
459
459
459
459
459
459
459
459
459
457
456
454
453
453
454
455
456
457
457
456
455
453
453
453
453
453
452
451
451
450
450
450
450
450
451
453
454
456
457
458
458
458
459
459
461
462
463
465
469
472
478
483
491
497
504
512
520
527
534
538
543
543
542
540
539
536
534
531
527
524
522
518
515
512
510
506
503
500
497
494
491
488
483
480
477
476
474
474
474
473
471
471
468
467
464
463
459
459
456
455
454
454
452
452
451
451
449
450
448
449
446
446
444
444
443
442
443
446
447
450
451
451
450
449
450
450
450
449
449
448
449
446
447
444
445
445
447
446
448
448
450
449
451
448
451
453
457
457
459
459
464
468
476
481
489
497
506
511
518
522
527
529
529
528
528
527
525
523
522
521
518
517
513
511
508
507
506
506
502
500
497
494
491
489
483
480
476
474
470
469
465
465
461
460
456
455
453
452
450
448
447
447
446
444
443
442
440
439
437
436
437
436
436
434
434
434
434
435
435
435
436
437
439
439
441
440
441
440
441
442
443
443
444
443
445
446
448
449
449
450
451
451
452
452
452
453
453
454
455
457
458
461
468
475
482
491
499
507
514
520
526
529
532
533
534
533
532
529
528
523
522
519
516
513
510
507
504
499
496
492
490
486
485
481
479
477
475
473
472
471
469
466
464
462
459
456
454
454
450
449
447
445
443
442
440
440
440
440
438
437
435
437
436
437
436
438
437
440
439
442
440
441
439
440
438
438
437
438
438
439
439
440
440
440
441
441
442
442
444
444
446
447
448
447
449
450
452
451
454
454
457
457
460
460
466
473
482
489
498
504
513
518
526
530
535
535
Loop stopped.
