Output started
30000
508
498
494
490
490
486
485
483
482
480
479
477
477
476
477
478
479
480
480
480
480
480
479
479
477
477
475
476
473
473
471
472
469
468
466
467
465
466
464
464
464
465
463
463
462
463
462
464
463
464
463
465
464
466
465
467
466
467
467
467
468
470
469
469
468
468
469
469
472
475
479
484
489
494
500
504
510
513
518
519
520
518
518
516
514
510
509
506
503
500
498
495
493
489
488
485
485
481
481
479
479
477
477
476
478
478
478
477
478
477
477
477
477
476
475
475
474
473
472
470
468
468
467
467
465
466
464
464
463
464
463
464
462
463
463
464
463
464
464
465
466
467
467
468
467
470
469
470
470
472
472
473
472
472
472
473
475
477
480
484
488
495
500
505
510
514
518
520
521
520
521
519
517
514
511
508
505
502
499
495
493
490
488
485
483
481
480
478
476
475
475
475
476
475
475
475
476
474
474
474
473
472
472
471
469
469
469
467
466
464
463
462
462
461
461
461
461
460
461
460
461
461
462
461
462
462
462
461
463
464
465
466
466
466
465
467
468
468
469
470
469
470
469
470
471
474
475
479
484
489
493
500
506
512
515
519
521
522
521
521
519
517
514
512
508
507
503
502
498
497
493
492
488
488
486
483
481
480
479
478
477
478
478
479
478
479
479
480
479
478
477
476
476
474
473
473
472
470
470
469
468
467
467
467
467
465
466
465
466
464
466
464
465
464
466
466
467
466
467
467
468
467
469
469
470
469
469
469
471
471
473
472
472
472
471
472
474
476
480
485
489
494
500
506
511
517
520
522
523
523
522
521
518
518
514
513
510
507
504
502
498
497
494
493
490
488
486
485
482
482
480
482
480
482
482
484
483
483
482
483
482
482
480
480
479
478
477
475
473
472
472
470
468
467
467
466
467
465
466
465
466
464
465
463
465
463
464
464
465
465
467
466
467
467
468
468
469
468
469
468
469
469
470
469
470
468
468
467
468
469
471
474
478
483
488
493
501
505
511
516
518
521
520
520
519
518
515
514
510
508
505
504
500
497
493
493
489
489
486
484
482
482
480
481
479
480
479
480
479
480
480
481
480
479
478
478
476
476
475
474
471
470
470
468
467
466
465
464
463
463
462
462
462
462
462
461
461
462
462
463
462
464
464
464
465
464
465
465
466
466
467
468
468
467
469
470
471
471
471
471
471
470
470
472
474
478
483
488
495
500
507
513
517
520
523
524
525
524
523
521
518
515
513
509
506
503
500
497
494
491
490
488
486
484
482
481
481
481
480
482
481
481
481
480
480
480
479
479
478
478
476
477
476
475
473
473
471
470
467
467
465
464
463
462
460
459
457
459
458
458
458
459
458
459
459
461
462
463
464
466
467
469
468
468
468
469
469
470
472
472
473
472
473
474
476
478
482
488
495
500
507
512
517
520
524
525
526
525
525
522
520
516
513
509
508
503
501
496
494
491
489
486
485
482
481
478
477
475
475
474
475
474
475
475
475
474
474
473
474
473
473
473
472
472
471
471
469
469
468
467
466
465
464
464
462
463
460
462
461
462
461
462
461
463
462
463
464
465
464
466
466
468
467
469
469
469
469
471
471
472
472
474
473
475
474
475
476
479
481
485
490
496
502
508
515
520
525
528
530
531
531
529
527
523
521
517
514
510
507
503
502
499
497
494
492
489
488
485
485
482
483
480
480
479
479
479
480
481
481
480
481
479
479
478
478
478
477
475
474
473
472
470
469
468
467
466
465
465
464
463
462
463
462
462
461
462
463
463
463
463
462
463
464
464
463
464
465
466
465
466
467
468
468
470
470
471
470
471
470
473
475
477
480
486
490
497
503
510
516
522
525
529
530
530
529
527
524
522
518
514
511
508
506
502
499
496
494
491
490
488
487
486
484
483
482
481
481
481
483
481
482
482
483
481
481
480
480
479
479
477
477
476
474
472
470
469
468
466
467
466
465
463
462
461
460
459
459
458
458
458
459
460
460
459
459
458
460
460
460
461
462
462
463
463
464
464
465
465
465
466
465
468
467
471
473
477
482
489
494
502
508
515
518
524
526
528
527
527
525
522
519
517
513
511
507
505
501
500
496
494
491
489
486
485
483
482
480
481
479
479
479
480
480
481
480
481
481
480
479
479
478
478
478
475
474
472
472
469
470
467
468
466
466
464
464
463
463
461
461
461
462
460
462
461
462
461
462
462
463
462
464
464
465
464
465
464
465
464
465
466
466
465
465
465
465
467
468
472
477
482
487
494
499
506
510
515
518
521
520
521
519
518
514
511
507
505
501
499
495
492
489
487
484
482
480
480
477
476
476
476
476
478
477
478
477
479
479
480
479
480
479
479
479
478
477
476
475
474
473
472
472
471
470
469
469
468
468
468
467
466
466
466
466
464
465
465
466
466
468
467
469
468
469
469
471
471
472
473
475
474
475
473
474
474
476
478
483
487
493
499
505
511
517
522
526
529
532
532
532
530
527
523
520
516
512
508
505
501
497
496
494
492
489
486
485
483
481
481
480
481
481
482
481
482
481
482
481
482
481
481
481
480
480
480
478
477
475
475
473
473
471
471
470
470
468
468
467
467
467
467
465
466
466
467
467
468
468
468
469
469
469
471
471
472
474
474
474
473
473
473
475
476
480
483
488
494
501
506
512
517
522
524
527
526
526
524
522
518
515
510
508
503
500
495
492
489
486
483
483
479
477
475
473
472
471
471
472
470
471
471
472
471
471
471
472
471
471
471
470
470
468
468
466
465
463
463
461
461
460
460
458
458
458
458
457
459
458
459
458
460
459
461
461
462
461
462
462
463
463
465
466
467
466
467
466
469
470
473
477
483
489
496
501
508
513
518
522
525
527
526
525
523
521
518
515
512
508
504
502
498
495
491
489
485
483
480
479
477
476
473
474
472
473
472
471
472
472
471
473
471
471
469
468
467
467
465
465
464
463
461
461
460
458
457
457
456
456
455
455
455
454
456
455
456
455
457
457
459
458
458
458
460
460
461
460
462
463
465
464
466
465
467
467
470
473
478
482
489
495
502
508
515
519
523
526
528
527
526
524
521
517
515
510
508
505
502
497
495
491
489
485
483
480
477
475
473
472
471
471
470
471
470
472
472
472
471
471
470
470
468
468
465
465
464
463
460
460
458
459
458
457
455
456
455
455
455
455
455
456
456
458
458
459
459
460
459
461
461
462
463
464
464
465
465
466
467
469
470
469
469
469
471
472
475
479
484
488
495
501
508
514
521
525
530
532
535
534
533
530
528
524
522
518
515
510
507
503
500
496
494
490
488
484
482
479
478
477
476
473
474
474
476
476
477
476
476
474
474
473
472
472
471
470
468
467
466
465
463
463
460
460
460
460
458
459
458
458
457
458
456
459
457
459
458
459
458
460
460
461
460
461
462
464
463
464
464
465
464
465
465
467
467
467
467
468
470
473
476
480
485
491
497
505
510
517
522
525
527
528
528
526
525
521
519
515
512
508
506
500
498
493
492
488
487
484
484
480
479
477
477
475
477
476
478
477
479
479
480
479
480
478
479
477
477
475
475
472
471
469
469
466
466
465
464
462
463
462
460
460
459
459
458
458
458
458
458
459
459
460
459
460
460
461
460
462
462
464
464
464
463
464
465
466
466
466
465
466
465
469
470
473
476
481
487
493
498
505
511
517
522
526
528
529
527
526
523
521
517
514
510
507
504
500
497
494
492
490
488
485
484
482
481
479
479
479
479
478
479
478
480
479
480
479
480
479
479
479
478
476
475
474
472
470
468
467
465
463
463
462
461
461
460
459
459
459
459
459
459
459
459
459
461
460
462
461
463
463
463
464
464
464
465
464
466
467
466
468
467
467
467
468
468
470
474
479
483
489
495
502
508
515
520
524
525
528
527
525
522
519
515
512
508
506
502
500
495
493
489
488
485
484
481
480
478
477
475
475
474
475
474
475
475
476
477
477
477
477
477
478
477
476
476
474
473
471
471
468
468
466
467
465
465
463
463
461
462
461
462
460
461
460
462
461
462
462
462
463
463
464
466
465
467
466
468
468
471
470
471
470
471
470
471
472
475
479
484
489
496
502
509
514
520
525
527
530
529
528
527
525
520
518
513
512
507
504
499
496
492
491
486
486
483
482
480
479
477
477
476
478
478
480
479
480
480
481
480
480
479
479
477
478
477
476
474
473
472
471
470
469
469
468
467
466
467
466
466
466
466
465
465
466
467
467
468
467
469
468
470
469
471
470
472
472
474
475
475
473
474
473
475
476
479
483
489
494
501
508
515
520
526
530
533
533
535
533
530
527
524
519
516
512
508
504
499
496
493
489
487
485
483
481
478
477
475
475
475
474
474
475
474
475
475
476
476
477
475
473
473
473
472
471
470
469
467
466
465
464
462
463
462
462
461
461
460
460
460
460
459
460
458
460
459
461
461
461
461
462
463
464
466
466
468
468
468
468
468
470
472
475
480
485
493
498
507
513
519
524
529
532
534
532
532
529
527
522
519
514
512
506
503
499
496
491
490
487
485
481
480
477
475
473
473
471
470
470
471
469
470
469
470
470
470
470
469
468
467
466
465
464
463
462
460
460
459
459
457
457
456
457
457
456
455
456
456
457
456
458
458
459
458
460
458
460
460
461
462
463
464
466
466
467
467
468
469
472
475
479
484
491
498
505
511
518
523
526
529
531
530
530
528
525
522
517
513
508
506
501
498
494
491
487
486
482
482
478
477
475
473
471
472
470
470
469
470
469
471
470
471
470
470
468
468
467
466
464
464
462
461
459
459
458
456
455
456
455
455
454
455
453
453
454
454
454
454
455
455
457
457
458
458
459
460
461
462
463
464
465
465
466
465
468
468
472
474
480
485
492
497
505
511
518
521
527
528
531
529
528
525
523
518
515
511
508
503
500
495
493
490
487
485
482
481
478
476
474
473
472
472
472
472
473
473
472
472
472
473
472
472
471
470
469
469
467
467
465
464
463
463
461
461
461
461
460
461
460
460
459
460
459
460
460
461
462
463
462
465
465
466
466
466
467
467
468
468
469
470
470
470
470
471
472
474
477
482
487
492
499
505
511
517
523
526
530
530
531
529
527
523
521
516
513
509
506
502
499
495
492
488
487
484
482
480
479
477
477
475
476
475
476
476
477
477
478
477
476
475
475
473
474
473
472
470
470
469
468
466
465
464
463
463
462
462
461
462
461
461
461
462
462
463
462
464
464
464
464
466
466
467
467
468
468
469
470
471
471
471
470
471
471
473
475
479
482
487
492
499
505
511
516
522
526
529
529
529
527
525
521
518
515
511
508
503
501
497
495
491
489
485
483
481
480
478
478
476
476
475
478
477
478
478
479
478
480
478
479
478
478
477
477
475
475
474
473
472
470
468
467
467
466
466
466
464
465
463
463
462
462
461
461
461
461
462
463
463
464
464
464
466
465
467
468
469
468
470
469
471
472
474
476
479
483
489
493
500
505
512
517
522
524
527
526
527
525
522
518
515
511
508
504
503
499
496
491
489
488
485
482
480
478
477
476
475
475
475
476
476
477
478
479
478
479
478
478
477
477
475
474
473
472
470
470
467
467
465
464
463
462
461
462
461
462
461
461
460
461
461
462
462
463
463
464
464
465
467
468
469
470
470
471
470
471
469
471
471
476
477
482
487
492
498
505
510
516
520
524
527
529
528
526
524
521
519
514
511
507
504
499
496
492
490
488
487
484
483
481
481
479
480
480
481
480
481
481
482
482
483
483
483
482
483
481
481
481
481
479
479
477
477
476
475
473
473
472
471
470
470
470
469
469
468
468
468
468
468
469
468
469
469
471
471
474
474
475
474
476
475
478
479
482
485
490
494
500
505
511
516
522
525
528
528
530
527
526
522
520
515
511
507
503
499
497
495
497
497
499
499
498
497
495
492
489
487
485
485
483
481
478
477
476
476
473
474
471
471
468
468
465
464
460
460
458
459
458
459
457
458
456
456
455
455
455
455
455
456
456
456
456
456
455
456
457
457
458
460
459
462
462
462
463
463
465
469
472
476
481
488
496
503
509
514
520
522
524
523
524
520
519
515
513
506
503
499
497
493
491
488
487
484
481
478
475
473
472
470
470
469
468
469
470
470
471
471
471
471
471
470
471
469
470
468
467
465
464
463
462
461
460
460
459
458
458
458
457
458
456
457
457
457
457
458
457
457
457
457
456
457
457
458
458
458
460
461
462
465
467
474
478
485
491
498
504
510
512
516
516
518
517
516
512
509
505
502
499
496
492
491
488
486
483
482
479
478
476
473
471
471
470
470
471
472
472
472
471
470
471
471
471
470
470
468
468
465
465
462
461
460
458
457
456
455
456
455
456
455
456
456
457
456
458
457
458
457
458
459
459
458
459
458
459
459
461
461
462
463
462
464
467
471
475
480
487
494
501
509
514
519
522
524
523
524
521
519
514
512
507
504
499
497
493
491
487
485
482
480
476
474
473
471
469
468
464
465
464
467
466
467
467
468
467
467
466
467
466
466
465
464
463
463
461
461
460
459
458
458
458
458
458
457
458
458
457
456
457
456
457
457
458
457
458
458
460
459
460
460
462
462
463
463
463
464
465
467
470
474
479
484
490
496
504
Loop stopped.
