Output started
30000
576
571
563
558
552
548
543
539
537
536
535
536
536
538
540
541
540
541
539
538
536
536
533
533
529
529
526
526
524
523
522
522
522
523
524
523
524
524
524
526
527
528
530
533
534
535
536
537
538
540
545
551
562
576
591
607
626
642
658
671
683
690
697
696
694
688
681
671
662
651
642
632
623
612
603
594
587
579
574
567
564
560
556
552
551
550
550
551
553
554
556
556
557
558
559
558
556
554
551
548
546
544
541
540
538
537
536
536
533
533
531
531
529
529
529
530
531
533
534
535
537
539
539
540
538
538
538
538
537
539
540
542
544
550
557
567
580
597
614
632
648
663
675
685
692
694
697
696
693
688
680
670
659
646
634
622
612
602
592
584
575
569
564
560
558
554
553
552
552
552
553
553
555
556
556
556
556
554
553
551
549
546
544
541
539
537
537
535
533
530
528
526
525
524
524
524
525
525
525
525
525
525
525
525
527
530
533
536
538
541
544
545
547
550
552
553
555
556
557
561
565
571
582
596
610
626
641
657
672
686
696
705
707
707
702
696
687
678
666
656
645
634
621
610
600
591
583
576
570
565
563
559
558
557
557
557
559
560
561
563
565
567
567
567
567
566
564
562
560
557
554
550
549
546
546
544
544
542
542
542
541
540
540
540
541
541
542
543
545
545
547
547
549
550
554
556
558
559
561
561
562
565
569
575
585
597
613
628
643
658
670
681
690
696
699
700
697
691
681
669
656
643
631
621
611
602
591
583
574
569
563
558
554
552
549
550
549
551
550
550
550
551
550
549
548
549
550
551
550
551
548
547
543
541
539
538
537
536
536
535
536
536
537
536
536
536
538
538
539
540
540
541
542
542
543
545
547
547
549
549
555
560
571
583
600
616
633
649
664
676
686
691
694
692
689
682
674
663
652
640
628
617
607
596
589
581
574
566
560
553
550
547
544
541
540
540
540
541
543
545
547
547
547
548
549
549
549
549
547
546
544
540
536
533
529
529
527
526
526
526
526
526
526
526
526
527
528
530
530
532
533
536
536
537
538
540
542
544
547
552
558
566
577
590
604
621
635
650
662
674
683
688
689
688
684
678
669
659
649
638
627
617
608
600
591
583
576
568
562
556
551
546
545
543
543
542
543
544
546
546
548
549
549
549
548
548
546
544
544
542
540
539
537
535
533
529
527
527
526
525
525
525
527
528
530
531
534
534
536
537
538
540
543
544
546
547
548
550
551
551
553
554
555
558
561
569
577
593
607
625
640
658
674
689
699
707
710
710
706
700
690
681
671
660
648
637
625
613
601
593
583
577
570
564
558
554
552
548
547
545
545
546
547
548
550
552
553
553
552
550
549
548
547
546
544
541
539
537
534
532
531
530
531
529
529
529
528
528
528
528
529
530
532
533
534
535
537
538
540
541
544
545
546
547
548
548
549
551
552
554
556
561
568
581
595
611
627
644
659
675
688
698
704
706
704
701
692
683
671
661
649
637
626
616
606
597
589
582
576
572
567
563
559
557
557
557
558
559
560
563
564
565
564
565
565
564
563
561
558
556
553
550
547
544
542
539
536
535
533
531
529
528
527
527
527
528
528
529
530
531
532
532
535
536
538
539
542
542
544
544
546
547
549
551
552
555
559
567
577
589
607
621
638
655
671
683
694
700
703
701
698
689
681
668
657
644
633
622
612
601
593
585
579
572
566
562
559
557
556
557
559
560
561
563
564
565
565
565
566
566
564
564
561
560
556
553
549
546
543
541
537
536
535
534
532
531
530
529
528
529
528
529
528
529
529
529
530
532
534
536
538
540
541
542
543
544
545
547
550
551
553
559
566
577
591
607
624
641
658
674
687
697
703
705
703
698
691
681
669
657
645
634
623
612
603
592
585
576
571
565
562
559
558
557
558
558
559
559
560
560
560
560
562
562
563
562
561
559
556
554
551
549
546
544
542
540
537
535
535
534
532
530
530
530
529
529
528
530
530
531
532
534
534
537
538
541
541
542
543
545
546
548
549
550
551
552
555
561
570
582
596
613
630
648
664
679
690
699
704
703
699
692
684
673
662
649
636
624
613
602
591
581
574
568
562
558
555
553
552
552
553
553
555
556
559
561
563
565
565
565
565
563
560
558
556
552
550
546
544
540
539
536
535
534
533
531
532
531
532
532
533
534
535
536
538
540
542
544
546
548
549
551
552
553
555
555
556
556
559
563
570
581
593
610
626
645
662
679
692
703
708
711
709
703
694
683
670
658
644
632
620
609
598
589
580
572
565
559
554
550
548
546
545
547
547
549
550
552
554
556
557
558
558
558
556
554
551
548
545
541
538
535
532
528
527
526
526
525
525
525
525
524
525
525
526
526
527
529
530
533
536
537
540
541
544
545
547
546
549
550
552
555
562
572
587
602
622
641
659
676
692
703
711
713
711
705
696
686
673
660
648
636
626
615
607
597
589
581
573
565
558
552
546
542
540
539
538
539
539
540
541
542
541
542
541
541
539
538
535
533
529
526
524
523
520
518
516
514
513
512
511
511
511
511
512
513
514
516
517
520
522
524
527
527
529
531
534
535
536
537
539
541
543
547
555
565
582
600
620
639
660
676
691
702
709
710
708
702
693
682
671
659
649
638
628
617
609
600
593
585
577
568
560
553
547
541
539
536
535
535
535
536
536
537
537
536
535
533
530
528
525
523
520
517
514
512
509
508
506
506
504
503
502
502
502
503
504
505
508
511
512
515
516
518
519
521
522
525
524
527
528
530
531
533
535
536
538
542
545
552
562
578
595
617
636
657
676
692
704
712
716
714
708
698
689
676
661
649
638
627
616
606
596
586
577
568
560
553
547
541
537
532
530
530
531
531
533
533
534
534
534
533
532
530
527
524
523
519
518
514
514
513
514
512
513
512
514
513
512
512
511
512
512
512
513
514
516
516
519
521
523
525
528
531
532
534
535
537
538
540
540
542
542
543
544
547
549
554
560
573
590
611
630
652
671
690
705
719
726
729
726
720
709
698
683
669
656
643
629
618
606
596
587
578
571
562
554
548
544
540
537
537
535
536
537
538
539
539
539
538
537
535
533
531
529
526
525
522
519
516
515
513
511
510
510
510
511
509
510
511
512
513
514
516
519
519
521
521
523
524
526
528
531
532
533
534
537
539
541
542
543
544
546
547
549
550
551
556
562
573
586
605
623
643
662
683
699
712
721
726
726
723
715
705
691
678
664
651
638
626
615
604
594
585
576
569
562
556
551
548
545
543
543
544
544
547
547
550
549
549
547
547
545
544
542
539
537
535
533
530
529
528
526
525
524
523
522
521
521
520
521
521
522
522
524
526
527
528
530
531
533
534
536
537
540
541
543
544
546
546
549
548
550
551
553
553
555
555
558
561
570
580
594
611
630
650
670
687
702
714
722
725
723
719
711
699
687
673
660
645
633
622
610
601
590
581
573
566
559
554
549
546
544
542
542
542
543
544
545
547
547
549
547
548
546
546
543
541
537
536
532
530
528
527
524
523
522
520
519
519
520
518
519
519
519
520
522
524
524
525
527
530
533
534
536
538
540
541
543
542
545
545
547
547
550
550
551
553
555
556
559
563
570
579
593
610
627
644
662
680
697
709
719
723
722
719
712
702
689
675
661
649
637
625
615
604
594
586
578
572
567
562
559
556
554
554
553
554
556
557
558
560
560
561
560
560
559
558
556
554
550
547
544
541
539
538
535
534
531
530
528
528
527
526
526
527
526
526
526
528
529
531
532
534
535
536
537
539
541
542
543
546
547
548
550
551
553
554
556
558
559
563
568
577
589
604
621
638
657
674
689
702
711
717
718
714
709
699
687
673
661
647
634
623
613
602
594
584
577
570
567
561
559
556
556
556
556
557
559
559
563
564
565
566
566
566
565
563
562
561
559
556
552
549
547
544
541
539
537
535
532
530
528
528
528
527
528
530
530
532
532
533
534
536
539
541
543
544
545
547
547
549
548
551
553
556
557
560
561
566
573
583
595
611
626
644
662
679
692
703
712
716
715
711
703
694
682
670
657
644
634
623
611
602
593
584
577
571
567
562
560
558
558
558
558
558
560
560
562
562
563
562
562
561
561
558
557
553
551
548
545
542
539
536
535
532
531
530
530
529
530
530
530
531
532
533
533
535
536
538
540
541
543
546
547
549
552
553
556
558
560
561
561
563
564
568
573
583
595
611
628
644
660
676
689
700
706
709
707
702
692
681
668
654
641
629
618
606
595
586
577
571
564
560
555
553
553
551
551
553
554
554
556
557
558
559
560
561
560
558
556
554
551
549
546
542
540
538
537
534
531
530
528
527
528
527
528
529
531
532
532
534
536
536
539
540
542
543
545
546
549
550
552
553
555
555
556
557
561
568
580
595
612
629
648
665
682
695
706
711
713
711
705
696
684
670
657
644
631
620
609
601
591
583
576
570
564
560
557
555
553
553
553
553
554
556
558
559
559
560
559
558
555
553
550
547
542
540
535
532
529
527
525
524
523
522
521
520
520
521
521
523
523
524
526
528
529
531
532
535
537
538
540
540
543
543
544
545
547
549
556
565
579
596
616
635
654
671
687
698
707
709
708
703
696
686
675
662
651
638
628
618
609
602
593
585
578
570
563
557
551
546
541
540
537
536
537
538
539
539
538
539
537
534
532
529
526
523
518
515
512
511
509
507
505
505
504
504
504
504
504
506
505
507
506
508
509
512
514
517
518
518
519
521
522
523
525
526
527
528
531
537
546
559
576
596
618
638
658
678
694
704
710
711
708
700
689
678
666
655
644
634
627
617
610
600
591
582
574
565
558
551
544
537
533
530
528
527
528
527
528
528
528
527
527
524
521
519
516
514
512
510
508
505
504
501
501
501
501
500
501
501
501
502
503
506
508
509
511
512
515
516
518
521
522
524
523
525
528
530
531
533
533
536
538
542
550
563
579
599
620
642
663
681
696
708
714
716
713
707
698
687
676
665
652
641
631
621
611
601
591
582
572
563
556
548
541
536
531
527
525
525
525
525
525
526
525
524
524
521
519
516
514
511
508
505
503
500
499
496
496
495
494
494
495
496
498
498
499
499
502
503
507
508
513
514
518
520
523
524
527
528
530
531
532
534
534
535
536
538
539
542
543
548
555
567
583
601
623
645
666
687
704
718
726
730
728
723
713
702
689
676
663
651
638
628
617
607
594
585
574
567
558
552
545
542
537
535
534
535
536
537
537
539
538
538
536
535
532
531
529
527
524
521
519
518
516
515
514
512
511
509
509
510
511
511
513
513
514
514
515
516
518
520
523
524
526
527
529
531
534
536
537
539
541
541
542
542
543
544
545
546
547
549
552
558
570
584
603
623
645
666
687
706
720
730
735
735
730
721
709
695
680
665
651
639
626
615
603
592
581
572
564
558
551
546
542
539
537
538
536
536
537
538
538
539
539
538
536
535
531
530
527
525
521
520
517
515
511
510
508
507
506
507
506
506
505
506
507
507
508
511
513
514
516
518
519
521
523
526
528
529
531
534
536
536
539
540
542
542
545
545
546
547
548
548
551
553
556
563
576
592
612
631
653
673
694
711
725
732
737
736
730
721
710
696
682
666
654
640
627
615
604
594
585
575
567
561
556
551
547
543
542
540
540
540
541
543
544
544
544
543
541
540
537
535
532
529
526
525
522
520
518
516
514
513
512
512
511
512
511
511
511
511
513
516
517
519
521
524
525
528
529
532
534
538
539
542
544
546
548
548
549
550
551
551
551
552
553
556
558
559
565
574
588
604
623
643
663
681
700
715
727
734
737
734
728
718
706
691
677
663
650
637
627
614
604
593
586
576
569
561
557
552
548
545
544
543
543
543
543
545
545
545
544
545
544
543
543
541
539
537
536
532
530
529
527
527
525
525
523
522
520
520
521
520
520
521
521
522
523
524
526
528
530
531
532
534
534
536
537
540
542
544
544
545
545
547
547
549
550
552
554
557
562
573
586
602
620
639
657
675
693
708
720
727
729
726
718
709
697
684
670
655
643
631
621
610
600
590
582
574
568
562
558
553
551
549
550
550
552
551
553
553
553
553
553
551
550
549
548
546
544
542
540
536
533
530
530
528
527
526
524
525
524
523
524
524
526
526
527
528
529
531
533
534
537
538
539
541
543
545
546
548
549
551
551
553
555
557
559
561
564
570
579
591
605
624
640
658
675
692
705
717
723
725
720
715
703
691
677
664
650
637
626
614
605
594
586
577
571
565
559
555
553
550
550
549
550
551
551
552
555
556
557
557
557
555
555
554
552
550
548
545
541
539
537
535
534
532
531
529
528
527
527
527
527
527
529
529
531
533
535
535
538
539
541
543
544
545
546
547
547
549
551
553
555
557
559
563
570
580
593
609
626
645
663
681
696
708
717
722
721
718
710
699
686
673
660
647
634
623
611
602
592
585
577
571
565
560
557
555
552
552
552
552
553
555
555
556
556
557
555
555
552
551
548
546
542
541
538
536
533
531
529
527
525
524
523
522
522
522
524
524
524
525
526
528
529
530
533
536
538
539
542
543
545
546
547
548
551
552
555
557
562
568
578
591
608
626
645
663
682
697
712
721
726
727
723
715
704
692
679
664
650
638
627
616
606
Loop stopped.
