Output started
30000
427
407
399
394
391
390
387
384
382
382
380
379
376
376
373
374
372
374
371
371
371
373
373
375
374
375
372
373
369
368
369
371
369
370
368
368
366
366
363
363
359
361
359
360
359
359
359
357
358
360
360
360
360
361
361
360
361
360
361
362
363
364
364
365
366
366
367
365
367
367
369
368
372
371
373
372
375
376
381
383
391
395
402
406
414
419
425
428
433
434
437
434
432
432
429
428
426
423
423
419
418
414
412
409
406
401
399
396
395
391
388
388
386
385
385
385
383
385
382
384
382
383
382
382
380
378
374
377
373
375
373
374
372
372
369
367
365
367
366
367
366
367
366
367
366
367
367
367
369
370
369
370
370
371
370
372
373
372
372
373
373
373
373
373
373
372
374
376
381
384
389
395
402
406
413
416
422
424
427
428
431
429
429
425
424
418
417
414
411
408
406
403
400
395
392
389
388
384
381
379
378
376
375
374
374
373
373
372
374
373
374
372
373
372
370
368
369
369
370
370
369
368
366
364
364
363
364
364
363
363
363
364
361
360
359
361
360
362
360
362
360
361
360
361
361
362
362
363
363
364
364
365
367
370
371
376
381
388
393
400
403
410
414
419
420
425
426
427
426
426
423
420
417
416
412
411
409
407
403
401
399
395
393
390
388
386
385
382
381
379
381
379
380
379
380
378
380
378
379
377
377
375
375
372
372
370
370
368
368
365
364
363
364
361
361
360
360
359
359
359
359
358
359
359
360
360
360
361
361
361
361
362
363
365
363
365
364
366
366
368
367
371
373
379
383
391
395
402
405
411
414
421
422
427
428
430
429
428
426
424
420
417
414
411
408
405
401
398
394
391
388
385
384
382
381
381
380
380
379
379
379
379
380
380
380
380
380
380
381
379
380
377
378
376
376
374
374
371
372
370
370
369
369
368
369
368
368
366
368
368
368
368
369
369
371
371
372
369
370
371
373
375
375
375
376
376
377
377
380
382
386
390
396
401
405
410
416
420
425
429
431
432
433
433
431
430
428
425
421
418
414
411
405
406
401
399
394
392
386
385
381
382
380
380
378
380
378
379
378
379
378
378
378
378
378
378
376
375
374
374
372
370
369
369
367
367
364
364
364
363
362
362
361
362
361
362
363
362
363
363
365
364
366
366
367
366
367
364
369
369
370
368
369
368
371
370
375
378
385
389
395
401
408
413
420
423
429
431
433
433
433
432
430
427
425
420
418
415
413
409
406
402
398
394
390
386
382
381
378
378
373
373
372
373
371
371
368
370
368
370
368
368
367
368
366
367
364
363
362
362
360
360
359
359
357
357
355
356
356
356
355
356
355
357
356
356
357
359
359
360
361
361
361
362
363
363
364
365
365
367
368
369
370
372
377
380
386
392
400
405
413
417
424
427
432
432
435
434
435
432
431
427
424
419
416
413
410
406
403
398
394
389
386
383
380
378
376
374
373
371
371
369
369
369
369
368
367
366
368
367
366
366
366
365
364
364
363
363
361
362
360
360
359
359
358
358
356
358
356
358
356
357
357
358
358
359
360
362
361
362
361
363
363
364
363
365
365
366
367
368
368
371
372
376
378
384
389
396
402
409
415
422
425
430
433
435
435
436
435
433
430
427
426
421
418
415
413
408
405
400
397
393
391
387
385
382
380
377
377
375
375
373
374
373
374
373
374
372
374
372
372
370
370
368
368
367
366
366
366
364
363
362
362
360
361
360
360
360
358
359
360
359
360
361
361
363
363
364
363
365
365
367
366
368
368
370
369
372
371
373
372
374
372
375
375
380
382
388
392
399
404
411
415
420
423
428
429
432
432
432
430
430
427
425
421
418
415
413
409
406
402
398
396
393
391
389
387
385
385
382
382
380
381
380
381
379
379
378
379
377
378
376
377
374
375
373
373
372
371
369
370
368
368
366
366
365
365
365
365
364
366
365
366
366
367
367
368
368
369
369
369
369
370
370
371
372
373
374
373
375
374
375
375
377
377
381
383
389
394
401
405
412
416
423
425
430
431
435
435
435
432
431
428
426
421
418
415
412
409
406
401
400
395
393
390
387
385
384
381
381
379
378
378
378
377
378
378
378
375
375
374
374
373
372
371
370
369
367
368
366
365
363
364
363
363
362
361
359
360
358
360
360
361
359
360
359
361
360
361
360
362
362
365
365
366
364
366
365
367
367
368
368
369
369
371
372
375
378
383
387
394
399
405
411
416
420
425
428
431
431
431
432
429
427
423
420
416
414
411
409
404
401
397
394
389
388
383
381
378
377
374
375
371
372
369
371
369
369
368
370
369
369
368
368
367
366
365
365
364
364
363
362
362
361
360
360
359
358
358
358
358
357
358
358
360
359
361
360
362
362
362
362
364
362
364
363
366
364
367
366
368
367
369
368
369
369
371
371
374
377
382
385
392
398
404
408
414
417
423
425
427
428
430
429
427
424
423
419
417
413
410
407
403
399
396
393
391
388
384
383
380
379
376
375
373
373
371
372
371
373
372
373
371
372
371
372
371
372
369
370
368
367
366
366
365
365
363
363
362
362
362
362
360
362
361
362
362
362
363
363
364
364
364
364
364
364
365
365
365
366
367
368
368
368
368
368
369
369
369
369
371
371
376
378
384
389
395
400
407
412
418
421
427
428
431
430
431
429
428
426
423
419
416
413
412
408
404
401
397
393
391
387
385
382
380
378
376
375
374
373
374
373
372
372
372
372
371
373
372
372
371
372
370
369
368
368
366
367
364
364
364
364
362
364
362
362
361
363
361
363
362
363
363
364
363
365
364
366
366
367
367
368
367
368
367
368
368
369
370
371
372
373
373
374
376
379
382
387
393
399
405
410
416
421
427
430
434
435
437
437
436
433
433
429
427
422
420
416
414
409
406
402
400
396
394
391
389
386
385
383
382
381
381
380
380
379
380
379
378
378
378
377
377
377
376
375
374
373
372
371
371
370
369
371
369
369
367
367
365
366
364
365
363
365
364
365
363
365
364
366
366
367
366
367
366
367
367
368
368
370
370
371
369
370
370
371
372
375
378
383
388
394
398
405
411
418
422
428
430
432
434
434
435
433
431
429
426
423
422
417
416
412
409
404
402
398
396
392
392
388
388
385
385
382
383
381
382
381
380
379
381
380
380
378
377
376
376
373
374
372
372
370
369
367
365
363
364
362
363
361
361
360
359
357
356
356
357
356
355
355
355
356
356
356
356
358
357
358
356
359
358
360
359
361
361
362
361
363
363
367
369
375
379
386
391
399
404
410
414
419
422
424
426
426
425
425
422
420
416
415
411
408
406
404
400
397
394
390
387
386
384
383
381
381
381
379
380
380
381
381
382
381
382
380
381
379
379
377
379
377
376
373
374
371
372
370
370
367
368
365
365
365
365
364
364
363
364
363
364
364
365
365
367
367
368
368
368
369
369
370
372
371
371
372
372
373
373
375
377
383
386
393
398
404
409
416
420
425
427
431
431
433
432
431
428
426
423
422
417
414
410
407
402
400
395
394
390
388
386
384
382
382
379
380
377
378
377
379
379
378
377
377
376
375
374
373
372
371
370
369
368
368
367
365
366
364
365
364
364
363
364
363
364
363
364
364
366
365
367
367
368
368
369
369
371
371
373
372
374
374
375
373
374
374
375
377
381
384
390
395
401
408
415
419
425
429
433
435
436
435
434
433
430
427
423
420
417
415
411
407
403
400
395
392
388
385
381
380
376
376
373
372
370
370
369
370
368
370
367
368
368
368
366
366
364
364
362
362
360
359
357
357
354
354
354
354
353
354
352
354
353
355
355
355
353
355
356
357
356
358
359
360
361
360
362
362
364
363
364
364
366
365
368
367
372
372
380
384
392
397
405
409
417
421
427
429
432
432
433
431
429
424
422
418
415
411
410
405
402
399
396
391
388
385
382
380
377
374
371
370
368
368
366
367
366
367
366
367
365
366
364
365
363
363
360
360
358
358
356
355
353
353
351
353
351
352
351
351
350
352
352
353
352
354
355
355
355
357
356
359
360
361
362
363
363
364
364
365
366
367
368
367
368
368
369
369
371
372
376
381
388
393
401
406
413
418
424
426
430
431
432
431
431
428
427
422
420
414
414
409
407
403
400
396
393
387
385
382
379
375
374
371
371
369
369
368
367
366
366
366
366
365
364
362
361
360
360
359
358
357
356
354
353
354
352
353
351
352
351
352
350
351
350
352
351
352
352
354
353
355
354
356
355
357
356
358
358
360
359
361
361
363
362
364
364
365
365
367
366
367
367
369
369
370
371
373
375
380
385
391
397
404
410
417
422
427
432
435
437
436
437
434
433
429
426
422
420
415
414
409
406
402
400
395
392
388
387
383
382
378
378
376
376
373
374
373
374
373
374
373
374
372
372
370
370
368
368
367
367
365
364
364
362
361
360
359
360
359
359
358
358
360
358
359
359
361
359
361
359
361
359
362
361
362
361
363
362
363
363
364
363
364
364
365
365
366
366
367
366
368
367
368
368
369
370
371
372
377
381
388
394
400
406
413
418
423
426
429
430
431
430
429
426
423
421
416
413
409
408
403
401
397
394
389
386
383
383
379
378
375
376
373
373
372
373
372
372
370
372
370
371
370
369
368
366
366
366
364
363
362
361
360
360
359
359
358
358
357
358
357
357
357
358
358
360
359
360
360
360
362
363
363
362
364
363
365
365
365
365
367
367
369
368
370
368
369
369
371
370
372
371
373
373
373
373
374
374
376
377
381
383
389
393
400
405
411
417
423
428
432
435
437
437
437
436
433
431
429
425
422
419
417
415
412
408
405
401
398
396
392
391
388
388
386
386
384
385
383
385
383
384
383
384
382
383
381
381
379
380
379
378
376
376
374
374
373
372
370
369
368
367
366
367
365
365
365
365
363
363
363
363
363
363
363
363
365
364
365
365
366
366
368
368
368
367
369
368
369
368
370
370
372
370
372
371
372
372
372
372
375
375
379
383
387
392
398
403
409
414
421
425
429
430
432
432
431
430
428
425
422
418
415
411
407
404
401
398
394
391
389
388
385
385
382
383
381
382
380
380
379
380
378
380
379
380
378
379
377
378
377
377
375
375
373
374
371
370
369
369
367
366
365
365
363
364
363
363
363
363
363
363
363
365
365
366
365
366
366
367
367
369
370
370
370
371
372
372
374
374
375
375
377
376
377
376
378
378
380
381
385
389
394
398
405
410
417
421
427
431
434
435
437
436
435
432
431
428
425
421
418
415
412
407
404
401
398
395
393
390
388
385
383
382
382
380
380
380
380
380
379
380
380
380
378
378
376
376
373
374
371
372
369
369
366
366
364
364
363
363
361
363
360
361
360
361
360
361
360
362
361
362
363
364
363
366
365
366
367
367
366
368
368
370
369
370
371
371
371
372
373
373
374
377
381
384
391
395
402
407
414
419
425
428
433
433
436
434
435
432
431
428
425
421
418
415
414
408
406
403
401
397
395
391
390
386
386
383
383
381
380
379
380
379
378
379
379
377
377
375
374
373
373
371
370
369
368
368
366
366
363
364
362
362
361
361
360
360
359
360
359
360
359
361
360
361
361
362
362
363
363
364
364
366
365
366
366
368
368
370
370
372
371
373
373
374
374
378
381
386
391
398
403
408
415
421
426
431
434
437
437
437
438
435
434
430
428
424
422
419
417
412
411
406
404
399
398
394
392
390
389
386
386
384
384
383
384
382
383
382
382
380
381
379
380
378
376
375
374
373
372
369
369
366
365
364
364
363
361
360
360
359
359
359
359
360
360
362
361
363
361
363
362
364
363
365
364
365
364
366
366
367
365
367
367
368
368
369
369
371
371
376
378
384
390
397
402
409
415
422
426
431
433
436
435
436
434
433
430
427
422
420
418
415
413
410
408
404
400
397
395
392
392
388
387
384
385
383
383
380
381
379
380
379
380
378
379
377
377
375
375
373
373
371
369
367
366
364
363
361
361
360
361
358
359
357
357
356
356
357
357
357
358
358
358
358
358
359
359
359
359
361
361
362
361
363
363
364
363
365
364
366
365
367
368
372
374
381
386
393
398
406
411
417
421
426
428
430
430
432
430
428
425
422
418
417
413
412
408
406
402
400
397
394
390
389
387
385
383
381
380
379
378
377
378
378
379
378
379
378
378
376
376
374
374
372
372
370
369
366
366
364
363
361
362
361
360
358
359
357
358
357
357
357
358
357
358
357
358
357
358
358
358
358
359
359
361
360
361
361
362
361
362
362
362
362
364
366
368
373
377
384
390
396
402
408
413
419
422
425
425
426
424
423
421
418
414
413
408
406
403
401
397
394
391
389
385
384
382
381
379
379
377
379
377
378
378
378
378
379
378
378
377
377
375
374
373
370
368
367
366
366
364
364
364
363
363
361
362
362
362
361
363
362
363
362
363
362
365
364
366
365
367
366
368
368
369
368
370
370
372
371
372
371
373
373
374
376
380
383
388
393
400
405
411
416
422
426
430
431
432
432
430
429
427
424
420
417
414
412
408
406
402
399
393
392
387
386
381
381
378
377
374
375
373
374
372
373
372
373
372
372
371
372
369
369
368
369
367
367
365
365
363
363
362
362
361
361
360
361
360
361
361
361
361
360
360
361
362
361
Loop stopped.
