Output started
30000
567
567
566
565
564
562
562
559
558
557
556
554
554
551
549
547
546
545
546
544
545
544
543
542
542
539
539
537
538
536
536
534
535
533
533
530
531
529
529
528
528
528
528
527
527
526
525
526
525
525
524
524
524
524
523
524
523
523
524
524
524
524
524
526
525
526
525
526
525
526
527
527
525
524
522
522
522
524
526
528
530
536
540
546
550
556
558
562
564
565
565
565
564
564
564
564
564
564
563
562
561
559
559
557
556
556
555
555
554
553
551
550
550
549
549
548
547
547
546
545
545
544
543
540
539
538
537
535
534
533
533
531
531
530
528
527
526
525
525
524
524
523
522
522
523
521
521
521
522
522
522
521
523
524
524
523
523
523
523
523
523
523
521
520
519
518
519
521
523
526
529
533
537
543
547
551
554
557
559
560
560
560
560
560
559
559
557
557
556
556
555
555
553
552
551
552
549
548
545
544
542
542
541
542
540
541
541
540
540
539
538
536
536
536
535
533
532
532
530
530
529
528
529
527
527
525
524
524
524
524
524
522
521
521
522
521
521
521
521
522
523
522
523
522
523
523
524
523
522
522
521
518
518
518
521
523
525
527
530
535
540
545
548
552
554
557
557
558
558
557
558
557
558
558
557
557
555
554
554
552
551
550
549
549
547
546
544
543
543
544
543
542
541
541
541
541
540
540
539
538
537
537
536
535
533
532
531
531
530
530
528
527
527
527
525
525
523
523
522
523
523
521
522
522
521
521
521
520
520
521
521
521
521
521
522
521
523
523
524
521
521
519
518
516
518
520
523
525
531
535
541
544
548
552
555
556
557
558
559
559
559
558
557
556
558
556
556
555
554
553
553
550
549
547
547
546
545
545
545
545
545
545
546
544
544
543
543
541
540
540
538
538
536
537
536
535
533
533
533
534
534
533
532
532
530
531
529
529
528
529
528
527
528
528
527
529
528
530
530
531
530
530
530
532
533
533
534
533
531
527
525
524
524
525
527
531
535
538
543
547
552
554
558
558
561
561
562
561
562
561
560
559
558
557
557
556
555
554
555
554
554
552
551
549
548
545
545
544
544
544
544
543
543
541
541
540
541
540
539
538
537
536
535
535
533
533
532
532
532
531
530
529
529
528
527
528
528
527
527
528
527
528
527
529
528
528
528
529
528
528
527
528
528
529
529
530
530
530
528
527
525
525
525
528
530
536
539
545
549
555
557
559
560
563
563
563
564
563
562
562
562
561
560
560
560
558
558
557
556
555
554
553
552
549
548
545
546
545
545
544
544
542
542
541
541
540
540
538
537
536
535
534
533
531
532
531
530
529
529
528
528
527
528
527
527
526
526
526
526
527
526
525
525
527
526
528
528
529
529
530
528
528
528
528
530
529
529
530
529
527
525
525
525
527
529
531
533
538
542
548
552
556
559
561
562
563
565
565
564
564
563
563
562
563
562
562
561
561
559
559
558
558
558
556
554
552
550
549
547
546
546
546
545
545
544
543
542
540
540
538
538
537
536
535
534
532
532
530
531
530
530
527
527
527
528
526
526
525
525
524
525
524
526
526
526
525
526
526
526
527
528
528
529
529
529
528
529
529
529
531
532
530
530
528
527
526
526
527
529
533
536
540
544
548
552
557
560
563
563
565
564
565
565
566
563
564
562
563
563
563
561
562
560
560
559
558
556
555
553
553
551
550
548
548
547
548
547
547
546
545
543
543
542
541
540
539
538
538
536
535
535
534
533
532
532
531
530
529
529
528
529
529
528
527
527
526
527
527
527
526
527
527
528
528
529
528
529
529
530
529
530
530
530
530
531
529
529
529
529
528
527
526
525
524
526
527
530
531
536
539
544
548
553
557
559
561
563
564
565
565
565
565
565
565
564
564
564
564
563
562
561
561
559
558
557
556
554
554
551
551
551
550
550
550
549
548
546
545
545
544
543
543
541
540
538
538
537
536
534
533
532
532
531
531
529
530
529
529
528
528
529
528
528
527
527
527
527
527
526
525
526
526
527
526
526
525
527
526
527
527
528
527
527
527
528
527
527
527
528
527
525
523
523
523
525
526
529
532
536
539
544
548
553
558
561
562
563
563
563
564
563
563
563
563
562
562
562
562
561
560
559
558
557
557
555
555
551
550
549
549
549
549
549
550
548
548
546
546
545
544
543
543
540
538
537
535
535
534
534
534
533
534
533
531
531
530
529
530
529
528
528
528
527
526
526
525
525
525
524
525
525
525
524
525
526
527
526
526
526
526
526
525
528
528
529
529
529
529
528
527
526
524
523
522
524
525
528
531
537
540
545
549
553
557
558
559
561
559
560
559
557
556
557
557
558
558
558
557
557
556
556
555
555
554
554
551
549
547
547
547
548
547
546
547
545
545
544
543
541
542
541
540
540
539
538
538
536
536
534
535
533
533
532
531
531
531
530
530
529
529
529
530
529
529
530
530
530
530
530
531
532
531
531
532
532
533
533
533
532
533
533
533
533
534
534
534
534
531
528
526
526
526
528
530
534
537
543
547
551
555
560
561
563
564
564
563
564
562
563
562
562
561
561
560
560
558
557
557
557
556
557
556
556
553
552
550
550
549
548
548
548
548
547
546
545
545
545
544
542
541
539
539
538
538
538
538
537
538
536
536
535
535
534
533
532
530
530
530
530
531
530
530
529
530
530
530
529
530
530
531
531
532
531
532
531
532
530
530
531
532
531
532
531
531
529
528
526
527
527
528
531
533
536
541
546
550
554
558
560
561
563
564
565
564
565
564
564
564
564
562
563
562
562
560
561
559
559
557
557
556
555
552
552
551
551
548
549
548
549
546
547
546
547
547
545
543
543
542
540
539
537
537
536
536
535
534
533
532
532
531
530
530
529
529
528
530
528
528
528
528
527
527
527
527
527
527
527
528
528
529
528
528
529
529
529
531
530
530
529
530
530
531
530
531
528
528
527
527
528
530
532
533
536
540
545
550
554
557
561
561
564
565
567
564
565
565
564
564
565
564
565
565
565
563
562
560
560
558
558
556
556
554
553
552
551
550
550
549
549
548
548
547
548
547
546
545
544
542
541
540
540
539
538
538
536
534
533
533
533
533
532
531
530
530
530
529
529
529
529
529
528
528
527
527
527
528
527
527
527
527
527
528
527
528
528
530
530
530
529
529
529
530
530
532
531
532
530
529
527
527
525
527
529
530
532
536
541
544
549
553
557
560
561
563
564
564
564
564
564
565
565
564
564
563
563
562
561
560
559
559
559
557
556
554
553
552
551
550
550
549
549
548
548
547
547
545
545
543
543
541
542
540
539
538
537
537
536
535
534
533
533
532
532
530
530
529
529
528
528
529
528
528
527
528
527
527
527
527
527
527
527
528
527
527
526
527
526
527
527
526
526
526
526
528
528
529
529
530
528
527
524
523
522
524
525
528
530
536
539
545
548
552
555
558
559
560
561
561
560
560
560
560
560
559
559
559
559
558
558
558
556
555
555
552
552
551
550
549
549
548
549
548
548
547
549
547
546
545
545
544
544
541
541
540
541
539
539
538
538
536
536
534
533
533
533
533
534
533
533
533
533
533
532
533
532
532
532
532
532
533
533
533
533
534
533
533
533
533
533
532
532
532
532
534
533
533
532
530
528
528
528
529
530
533
537
542
547
552
554
557
559
562
563
565
565
564
564
565
563
562
561
561
561
562
560
559
558
557
557
556
556
554
553
551
551
550
549
550
550
549
549
547
547
546
545
544
544
543
542
541
541
539
538
537
537
536
537
536
535
533
532
531
532
531
533
531
531
530
530
530
531
530
532
532
532
531
531
531
532
533
533
534
534
533
533
533
533
533
533
533
533
533
532
532
529
528
527
529
530
533
536
539
543
548
551
555
557
560
561
563
562
563
561
561
561
562
561
562
561
561
560
562
560
560
558
557
556
556
554
554
551
550
548
548
547
547
547
546
547
545
545
544
543
542
542
540
538
538
538
536
536
535
535
534
535
533
535
533
533
532
532
531
532
531
532
532
532
530
531
531
532
531
531
531
532
532
533
533
533
533
534
533
534
533
534
532
532
532
533
534
533
532
530
528
528
527
528
529
532
535
539
543
548
552
555
559
560
562
563
563
563
563
563
564
563
563
563
563
563
563
561
561
560
560
559
559
557
555
553
552
550
550
550
549
547
547
546
546
545
546
544
545
544
543
542
541
541
541
540
539
538
537
536
536
535
534
533
532
531
530
531
530
531
530
529
529
530
529
530
529
530
529
530
530
530
529
529
528
530
528
530
530
530
530
530
530
530
530
530
530
531
530
531
530
530
529
528
526
527
529
531
533
536
539
544
549
552
556
560
562
563
564
564
563
563
563
562
561
561
561
560
561
560
560
559
559
557
558
556
556
554
552
551
549
548
548
547
547
546
546
546
545
544
544
543
542
542
541
539
539
539
537
536
536
536
535
534
532
532
530
531
530
531
530
529
529
529
529
529
529
530
530
530
530
529
529
530
529
529
529
530
530
530
527
528
528
528
528
528
529
530
530
530
529
530
529
530
530
531
531
531
529
528
526
527
527
529
530
533
536
539
544
548
553
557
560
562
563
564
565
564
563
564
564
562
562
561
560
559
559
558
556
556
556
555
556
554
554
550
551
550
552
551
551
548
548
546
545
544
544
543
544
543
542
539
539
540
540
539
538
538
539
539
540
538
537
536
535
534
532
531
530
530
528
527
526
525
524
524
523
525
523
525
524
525
524
525
524
525
524
524
524
526
525
526
526
527
527
527
527
528
529
530
531
532
532
531
528
527
526
527
529
531
533
536
540
544
549
553
557
560
564
565
564
564
564
563
562
561
560
559
559
558
558
558
559
557
556
555
556
554
554
552
551
549
549
548
548
547
548
546
547
546
547
545
545
544
543
543
542
540
539
539
537
536
536
535
535
536
535
534
533
532
532
531
529
529
529
530
529
529
528
528
529
529
530
531
530
530
529
530
529
531
531
532
530
531
529
530
531
531
531
532
531
530
528
526
525
525
526
528
530
534
537
543
547
553
555
559
559
561
561
563
563
563
563
563
561
561
559
560
559
558
558
558
558
557
557
557
556
553
551
549
548
546
546
545
545
544
545
543
543
542
541
540
541
538
538
536
536
535
535
534
534
533
533
531
532
531
532
531
530
530
530
529
531
529
531
531
530
530
531
531
530
531
531
531
531
531
531
532
532
532
532
532
531
532
532
533
534
534
535
533
532
530
527
527
529
531
532
537
540
544
547
552
556
559
560
561
563
563
563
563
563
562
562
560
559
560
559
559
558
558
557
556
555
555
554
552
549
549
547
546
545
546
545
544
544
544
543
542
542
540
541
540
539
538
537
536
536
534
535
535
534
533
532
531
531
530
530
529
529
528
529
527
528
527
529
528
528
527
528
528
530
528
528
529
529
529
529
529
529
530
530
530
530
529
529
530
531
531
530
529
527
526
526
528
529
532
533
537
542
548
553
557
559
561
561
563
562
564
564
563
562
562
561
562
561
561
561
561
560
559
557
558
556
556
553
551
550
549
548
547
547
546
545
545
544
544
543
544
543
541
541
539
539
537
535
534
534
532
531
530
531
529
529
529
529
527
528
527
528
528
528
527
527
527
527
526
527
525
525
525
526
527
528
527
528
527
528
528
529
528
529
529
529
529
528
528
528
529
526
524
524
523
524
526
528
530
533
537
540
545
547
552
554
556
557
558
558
559
559
559
558
559
559
559
558
557
556
556
555
555
554
554
552
552
550
550
548
547
547
546
544
545
544
546
544
545
543
542
540
540
538
538
538
537
536
536
534
534
533
531
531
530
529
529
530
528
528
527
528
526
527
526
526
525
527
525
527
526
527
526
526
524
526
525
527
527
528
528
528
527
527
527
528
527
528
528
529
527
525
522
521
521
522
524
527
530
533
537
542
548
557
566
573
577
578
579
574
571
568
564
559
557
554
552
550
548
546
546
545
544
542
542
541
539
538
536
534
536
535
538
538
539
538
538
538
539
537
537
536
537
536
537
536
536
534
535
535
534
533
533
532
532
531
530
530
530
528
528
529
528
528
528
529
527
528
528
528
528
528
527
529
528
529
529
529
529
529
529
531
531
531
531
532
529
528
525
525
524
527
530
533
536
541
544
549
553
556
557
559
559
560
560
560
560
559
557
558
558
558
558
557
557
557
556
557
555
554
553
550
549
547
547
545
545
543
544
543
542
542
542
541
541
539
539
537
538
536
535
534
534
533
532
532
532
531
531
530
530
529
530
529
529
526
527
527
528
529
530
530
531
531
530
531
530
530
529
530
530
530
529
530
529
530
529
529
526
525
523
523
522
524
525
528
533
538
541
546
549
554
555
558
558
560
559
559
558
558
558
558
557
557
557
558
557
556
555
554
554
554
553
552
550
549
547
546
545
544
544
544
544
544
543
543
543
542
540
539
538
536
535
533
533
532
533
532
532
530
531
531
532
530
531
529
529
528
530
528
529
529
529
530
531
529
530
529
529
529
530
529
529
529
528
527
528
528
529
528
528
527
525
523
523
525
526
528
530
534
537
542
545
550
553
556
557
558
557
559
558
558
557
558
558
558
557
558
558
558
556
556
553
553
552
552
550
550
548
Loop stopped.
