Output started
30000
712
723
723
721
717
715
710
705
702
697
689
685
677
672
666
661
654
647
641
637
633
631
628
626
624
625
624
622
620
617
613
607
604
601
598
596
596
595
594
593
592
590
590
588
587
586
586
585
585
586
586
585
585
585
586
586
585
584
583
582
583
583
584
586
588
589
589
591
593
596
598
598
600
600
600
599
599
599
600
601
603
605
608
610
611
613
613
612
612
611
610
611
610
613
619
626
638
653
669
685
700
712
722
728
731
732
731
728
727
724
721
719
715
711
705
700
694
689
685
681
676
672
667
662
660
657
655
653
650
647
645
642
638
636
631
629
625
621
618
616
613
611
609
608
606
605
603
603
600
599
596
593
592
591
589
588
586
585
584
583
581
581
581
581
581
581
581
583
583
584
585
586
588
588
588
588
588
588
588
589
592
594
595
596
599
600
602
604
607
607
610
612
613
614
616
618
622
627
637
648
664
680
698
712
725
735
740
742
741
740
738
735
731
728
724
719
712
705
700
695
692
687
682
678
673
670
666
665
661
658
655
651
647
645
641
638
633
631
626
624
622
621
619
617
614
612
609
606
603
600
596
593
587
586
583
582
579
576
574
573
572
571
571
570
572
572
573
572
573
574
575
575
577
577
579
580
581
582
583
584
585
584
585
585
587
587
589
589
591
590
591
592
599
607
619
633
650
667
685
699
709
717
721
720
718
715
712
707
703
698
695
689
684
678
675
670
665
661
656
653
649
646
643
641
639
640
639
639
637
636
634
632
628
626
624
622
619
619
618
618
616
614
613
610
607
606
603
602
600
599
598
595
593
591
588
587
586
585
586
586
587
588
589
591
590
590
590
589
590
592
592
593
594
595
596
596
597
597
598
599
600
601
604
606
608
608
610
610
610
608
609
611
611
614
617
622
629
639
651
664
682
699
716
729
742
750
752
753
751
749
744
739
733
727
720
712
707
701
695
690
685
680
674
669
664
658
653
648
644
642
639
637
635
634
629
626
622
620
617
615
613
610
607
605
602
600
599
597
594
593
590
588
586
586
583
584
582
582
582
581
581
582
583
584
586
587
587
589
589
591
591
593
594
595
596
598
598
600
601
600
600
600
599
598
598
597
597
598
601
603
604
605
607
606
606
605
604
604
603
604
604
604
608
612
621
628
641
655
672
688
704
716
727
735
739
741
741
740
735
730
724
716
709
701
694
688
683
677
672
666
661
654
647
641
635
630
625
622
618
617
613
610
608
606
602
601
597
596
594
591
588
587
585
584
582
582
581
579
576
575
573
571
570
572
572
573
573
574
575
576
577
578
578
581
582
584
584
586
587
590
591
592
593
593
595
594
595
593
592
592
591
592
592
593
594
594
595
594
595
594
595
595
598
596
598
598
600
601
603
604
605
606
608
612
621
629
643
659
681
700
720
736
749
757
761
762
760
756
751
746
738
730
723
715
708
702
696
690
686
681
674
670
664
658
652
648
643
640
635
632
628
626
622
619
615
612
608
605
601
599
596
594
592
589
587
585
584
582
579
578
576
576
575
574
574
575
574
574
574
575
575
575
576
577
579
581
582
584
585
588
590
591
594
595
595
596
597
598
600
601
602
603
605
605
605
604
604
604
606
606
607
606
607
607
607
608
611
612
612
614
615
615
615
616
619
622
631
643
659
679
700
719
737
751
760
764
765
764
763
759
754
748
742
734
727
718
712
705
700
694
691
686
681
675
670
665
661
657
653
649
644
641
636
634
629
625
622
619
616
614
611
608
606
603
601
599
597
596
593
592
589
588
584
582
581
579
578
576
575
575
574
574
574
575
575
578
578
580
581
583
584
585
586
586
586
588
589
589
590
591
592
593
594
594
596
597
597
598
598
597
598
597
598
598
600
601
604
606
609
609
610
609
612
612
613
613
615
617
619
622
626
632
642
655
673
692
713
732
751
762
771
776
778
776
772
767
760
753
745
738
730
723
716
710
704
698
691
686
679
673
665
660
653
648
643
641
636
635
631
629
626
624
621
618
614
613
609
607
604
602
600
597
593
590
588
585
584
582
580
579
577
576
576
576
577
579
580
582
584
586
588
591
593
595
597
598
599
599
600
600
600
600
602
602
605
604
605
605
606
605
605
606
606
605
606
605
605
605
606
605
606
604
604
604
605
607
608
609
610
610
609
609
608
608
607
607
607
608
610
613
616
624
632
645
659
677
696
714
731
744
754
762
764
763
760
755
748
740
732
723
714
707
700
693
688
683
677
673
667
661
654
649
642
639
634
631
627
626
625
623
620
618
615
613
611
609
608
606
603
599
596
593
591
588
586
585
584
583
581
581
580
580
579
579
579
579
581
582
584
585
586
586
589
591
593
593
593
594
597
598
599
600
601
601
601
601
600
597
598
598
597
596
597
596
596
597
596
596
596
597
597
597
599
600
599
599
599
597
597
596
597
597
598
599
603
610
619
632
646
665
684
704
720
734
744
751
752
751
748
743
736
729
720
713
706
699
694
690
687
685
681
679
671
667
660
652
645
639
633
627
624
621
618
615
612
609
605
603
601
600
599
597
594
591
587
583
578
576
573
570
569
566
565
564
565
566
565
565
566
565
567
566
568
568
570
571
573
574
576
578
580
581
584
585
587
587
589
588
589
588
590
589
590
590
591
592
592
593
594
593
592
591
592
592
594
594
596
596
596
597
597
598
598
600
600
601
601
604
609
618
628
643
662
683
701
721
735
745
752
755
753
752
745
738
729
723
715
709
703
698
693
691
687
684
682
677
672
664
657
648
639
631
625
620
616
614
612
610
606
603
600
596
594
591
590
587
585
581
580
578
576
574
573
572
571
570
570
569
569
569
570
571
572
573
575
575
577
578
581
581
583
585
589
590
592
593
594
595
596
596
596
597
598
598
598
597
597
597
597
598
598
597
597
596
596
596
597
600
602
603
604
606
606
605
606
606
606
606
606
607
607
611
614
620
629
642
658
679
701
722
740
755
763
769
770
768
763
757
749
741
731
724
715
709
703
697
691
685
679
673
667
661
653
646
639
632
625
620
617
615
611
609
607
605
602
599
597
594
591
589
588
586
585
582
581
579
576
575
575
575
574
573
574
573
575
575
575
575
575
575
576
576
578
580
582
582
585
587
589
591
592
592
592
592
593
593
593
594
595
596
598
599
600
600
601
600
600
600
601
603
603
603
603
604
604
604
604
604
605
607
608
607
608
609
610
613
618
627
639
654
673
695
716
737
753
767
775
779
777
775
767
762
753
744
735
726
719
713
708
702
696
691
685
678
672
664
656
648
640
633
627
623
621
619
617
615
615
612
610
607
605
602
601
596
593
591
589
584
582
579
579
576
577
575
575
573
572
570
571
570
571
571
572
573
574
575
576
578
580
582
584
587
589
589
590
590
591
592
592
594
593
594
593
594
595
595
594
596
596
597
597
598
598
600
600
602
604
605
608
610
610
613
614
616
617
618
618
619
618
621
624
630
639
652
668
690
711
734
753
768
778
784
784
782
778
771
765
757
749
740
733
725
717
711
705
701
696
692
686
679
671
663
657
648
643
638
634
630
628
626
625
623
621
618
614
611
607
604
601
597
595
592
589
586
584
582
580
577
577
577
577
576
577
577
576
577
578
579
580
582
583
585
587
588
589
592
593
594
597
598
599
601
600
602
601
602
603
602
602
602
603
601
600
600
599
599
597
597
598
600
600
602
603
604
606
607
607
607
605
605
604
606
606
608
610
615
622
632
646
662
681
701
719
735
748
757
760
763
760
755
748
738
728
718
709
701
693
688
685
682
679
674
668
662
655
649
642
635
629
624
622
619
619
618
615
613
611
608
607
605
603
600
598
595
593
590
587
583
582
578
577
575
574
572
571
571
572
572
572
573
573
574
576
577
579
581
583
586
589
590
592
592
593
593
593
594
594
595
596
598
597
598
598
599
598
598
597
597
598
597
596
598
597
598
599
601
601
603
603
603
601
601
601
601
600
602
602
603
605
609
615
624
638
655
675
697
716
734
748
757
763
764
764
759
752
743
735
724
717
708
702
696
692
688
685
682
678
672
665
656
648
639
631
624
620
615
614
611
610
607
605
602
600
596
595
593
591
588
584
581
578
575
573
571
569
568
566
565
564
564
564
564
565
565
566
567
568
571
572
573
575
579
582
584
584
586
585
586
586
588
588
589
591
592
591
591
589
590
590
591
589
590
590
590
591
591
591
592
592
594
595
596
597
598
599
599
600
600
600
600
601
600
600
602
605
611
617
629
643
663
683
705
725
741
754
761
765
765
764
758
750
741
733
724
717
709
703
698
695
693
689
686
681
674
668
658
650
640
632
624
618
613
611
608
607
605
604
602
600
596
592
589
587
584
582
579
577
574
572
570
569
567
566
565
564
564
565
566
567
568
568
568
568
569
572
572
574
575
577
578
580
581
583
584
585
586
587
586
586
587
586
587
587
589
589
590
589
591
591
592
592
593
593
593
592
591
591
593
594
596
596
599
598
600
600
602
602
604
604
607
607
608
611
616
624
636
651
671
694
717
737
752
764
770
772
770
766
759
751
740
733
724
716
708
702
697
693
687
683
677
672
664
658
648
642
634
627
621
618
615
614
612
610
608
605
601
600
597
594
592
592
589
587
585
583
582
580
580
578
578
577
577
575
574
573
573
574
576
574
575
575
577
576
579
580
583
583
585
587
591
591
593
593
595
595
596
595
595
594
595
596
596
596
596
597
596
598
598
598
598
599
600
600
600
600
599
601
601
604
605
607
608
610
611
614
613
615
614
614
615
616
618
622
628
637
650
668
687
708
729
750
764
774
780
782
779
773
765
756
746
736
726
719
712
704
699
696
692
688
684
678
673
666
658
651
643
637
631
626
622
618
617
614
613
610
609
605
603
601
599
596
595
593
592
590
588
586
585
584
583
581
581
580
581
581
581
581
580
581
581
582
584
584
585
586
587
587
588
590
591
592
594
594
595
595
596
597
598
599
600
601
603
602
602
602
602
604
604
604
605
605
606
605
605
605
605
606
607
609
610
612
613
616
618
619
620
620
621
622
623
625
626
630
634
640
649
663
679
701
723
744
763
778
788
792
792
790
784
778
770
761
749
740
731
724
719
714
710
707
704
700
694
689
683
675
669
661
656
651
647
642
640
637
634
631
628
625
621
617
614
610
608
604
603
600
598
594
592
590
588
586
585
583
583
583
583
583
583
583
583
582
583
584
587
589
593
593
597
599
601
602
603
604
605
606
607
607
606
606
606
605
606
607
606
607
607
608
608
608
608
609
610
611
610
611
610
612
613
617
615
618
617
618
618
618
616
616
616
616
618
620
623
625
631
640
652
667
685
705
726
744
758
768
774
775
773
769
762
753
743
731
720
711
703
695
691
687
684
679
674
669
662
654
648
642
637
631
629
626
625
624
623
621
619
616
614
612
612
608
606
603
600
596
593
590
587
585
582
582
580
578
578
577
578
578
579
579
579
579
580
582
584
587
590
592
594
595
597
599
600
601
600
601
601
602
602
602
602
601
601
602
600
601
601
601
601
600
600
600
600
600
601
602
602
603
602
602
602
600
599
599
600
600
602
604
607
613
623
635
651
671
692
713
734
749
761
768
770
769
766
759
751
743
735
724
717
710
703
698
694
690
688
684
680
673
666
658
649
642
636
631
628
626
625
623
622
619
618
614
612
610
606
604
602
599
596
592
590
587
583
579
576
575
575
574
574
574
574
575
575
575
575
577
577
580
581
583
584
584
583
585
585
587
587
588
589
589
589
590
588
589
589
589
589
590
591
591
590
591
592
592
592
594
594
598
598
597
597
598
596
597
597
598
597
600
603
610
620
634
653
675
698
720
742
756
766
772
773
771
766
759
750
741
732
723
715
709
704
699
696
692
690
684
679
669
661
651
642
632
625
619
615
611
610
608
606
603
601
597
594
592
589
586
584
581
577
573
571
568
565
564
563
561
560
559
560
560
560
560
560
561
561
562
563
564
566
567
567
570
573
575
574
575
575
575
574
575
574
573
573
574
574
575
573
574
573
576
575
577
577
578
577
579
581
582
583
584
585
586
587
589
590
591
592
593
594
597
601
608
619
634
654
676
701
725
747
763
775
781
784
781
776
768
759
748
739
729
721
714
708
703
699
695
692
687
680
670
663
651
643
633
626
619
615
611
609
608
605
604
601
598
596
592
588
585
581
578
575
572
569
566
564
562
560
561
560
561
559
560
560
560
560
561
560
562
563
565
566
570
570
573
575
576
578
579
579
581
582
583
582
582
582
582
581
583
582
584
583
584
584
585
585
586
586
587
589
589
592
593
595
595
597
598
598
599
600
600
600
601
604
610
620
632
650
671
695
719
742
760
775
783
786
784
779
770
761
751
740
731
721
715
710
703
700
696
691
684
677
668
661
652
643
634
627
620
616
613
610
608
606
603
602
598
596
593
591
588
585
581
579
576
574
573
572
570
568
568
567
567
567
567
568
568
568
568
568
569
570
572
574
575
576
579
579
581
583
585
586
587
586
588
587
588
589
589
590
592
592
593
594
595
595
596
596
597
598
600
602
604
605
607
608
610
611
614
615
615
616
617
617
620
623
628
638
651
669
690
714
736
Loop stopped.
