Output started
30000
375
358
355
355
354
355
355
358
359
363
364
367
368
372
374
378
380
385
388
395
400
407
412
419
423
428
429
431
429
428
423
420
416
414
410
410
406
404
400
398
396
395
393
392
389
387
385
383
382
381
382
381
382
381
382
381
382
379
380
377
378
376
377
374
375
373
374
371
372
368
370
368
369
367
369
367
368
366
369
368
370
367
369
369
370
371
372
371
371
370
371
370
371
373
373
374
375
378
380
384
386
389
392
398
402
411
416
423
427
432
433
434
432
431
427
425
421
418
414
413
409
407
402
401
398
398
395
394
390
388
385
384
383
381
381
382
382
382
381
381
380
380
378
378
377
376
375
374
373
373
371
370
370
369
369
368
368
369
368
368
368
368
368
368
369
369
369
367
369
369
370
369
371
369
369
369
370
371
372
372
374
375
376
378
381
383
386
388
393
397
404
411
418
423
428
429
431
429
429
425
423
418
415
411
409
405
402
398
396
393
392
390
389
387
384
383
381
381
381
382
381
382
380
381
380
381
380
381
379
380
378
379
376
376
374
375
373
373
371
372
371
372
369
370
368
369
368
369
368
369
368
369
368
369
371
372
372
373
372
372
373
375
377
376
377
376
378
379
382
383
387
388
394
398
405
410
418
423
429
431
434
433
434
431
428
423
420
415
413
409
406
401
399
396
395
393
391
389
388
384
383
382
383
382
383
383
382
382
382
383
382
382
381
380
379
378
377
377
376
375
374
374
372
372
371
371
369
370
368
368
367
367
368
367
367
368
368
369
368
368
367
367
366
368
368
370
371
373
373
373
373
376
378
380
382
386
389
395
401
408
415
421
426
431
432
434
433
432
429
425
421
416
412
409
406
402
400
397
394
392
391
389
386
383
382
379
379
378
379
378
379
377
377
376
376
376
376
376
376
374
374
372
372
370
370
367
367
365
367
365
367
366
366
365
365
364
366
365
366
365
367
366
367
367
367
365
365
365
366
368
370
372
371
372
373
376
377
380
382
387
390
398
404
412
418
427
429
434
435
437
435
434
430
427
422
418
413
410
405
403
399
397
395
394
392
391
387
384
381
379
378
377
376
376
376
376
375
374
374
373
373
372
372
371
372
370
370
367
368
365
365
363
364
361
362
359
360
358
359
357
359
358
360
358
359
358
360
360
360
359
359
359
361
363
364
365
365
365
367
369
372
374
378
381
386
391
398
406
415
421
427
431
432
434
434
432
430
426
423
420
415
412
408
406
401
399
396
395
392
391
386
384
380
378
375
374
374
374
373
373
372
372
372
372
371
370
369
369
367
367
365
364
362
362
360
360
358
358
357
358
356
356
356
356
356
356
355
356
357
357
357
358
358
358
358
358
358
359
361
363
363
363
366
365
368
369
374
375
380
383
390
396
406
413
422
426
432
433
435
434
434
430
427
422
419
413
411
406
403
398
396
392
392
390
389
386
383
379
378
376
374
373
373
372
372
371
370
371
370
371
369
370
367
368
366
365
362
363
361
361
357
359
356
357
355
355
353
355
353
354
354
355
354
356
356
356
356
358
359
358
357
356
356
356
357
359
361
363
365
367
368
370
373
376
381
383
388
394
401
407
415
423
429
432
435
433
433
429
428
421
418
414
412
407
405
400
397
393
393
389
388
385
383
379
377
374
373
372
373
373
373
373
372
372
372
370
370
369
368
367
367
366
365
364
363
362
361
358
357
356
356
355
356
356
356
357
356
357
357
358
359
360
359
360
361
361
360
362
362
363
361
362
363
366
367
368
368
370
372
377
378
382
383
388
392
399
406
414
420
427
431
435
435
435
433
430
427
424
419
415
412
409
403
400
397
395
392
391
388
386
384
381
380
377
378
376
376
376
377
375
375
373
374
372
374
372
373
371
371
368
369
366
366
364
363
360
362
360
361
360
360
358
359
358
360
359
361
361
361
361
362
362
364
365
365
364
363
363
362
363
364
365
367
368
369
374
376
381
383
388
390
396
399
407
414
422
427
433
435
438
436
436
432
430
425
423
418
416
412
409
405
402
399
397
395
393
391
388
385
382
381
380
379
379
379
379
379
378
378
377
378
377
377
375
373
371
369
367
366
364
364
362
362
361
361
361
361
360
362
361
361
361
363
361
364
364
366
365
365
366
368
367
369
369
368
368
369
370
373
373
375
377
379
381
383
386
390
392
397
401
408
415
422
428
434
437
438
439
438
434
432
428
424
420
418
415
410
407
402
400
397
397
394
392
389
387
385
385
383
383
382
384
383
383
382
383
382
382
381
381
379
378
376
377
375
374
372
371
369
369
367
367
365
365
363
365
363
364
363
364
363
365
364
364
363
363
363
364
366
365
365
364
364
364
366
367
369
369
373
374
379
380
385
387
392
394
402
407
417
423
431
435
440
441
442
440
439
434
432
428
424
420
417
412
409
405
401
399
398
395
393
391
388
384
381
381
380
381
380
379
378
379
377
377
375
375
373
373
371
371
369
369
366
365
364
364
362
364
362
363
362
362
361
361
360
362
361
363
363
365
365
366
367
367
367
368
369
371
371
372
373
375
377
377
378
379
382
385
387
389
392
396
400
407
413
422
431
436
441
443
444
443
441
438
435
430
426
422
420
415
411
406
403
400
400
396
394
391
389
385
384
384
383
383
384
382
383
382
381
379
379
379
379
378
377
376
376
374
373
372
371
369
369
367
366
365
365
364
365
366
366
367
366
367
366
367
367
368
368
369
368
369
368
370
370
372
372
375
374
377
377
381
381
386
387
392
395
402
408
417
423
431
435
440
441
444
442
441
436
433
428
424
420
417
411
406
401
398
397
394
391
389
387
385
384
383
384
383
384
382
384
382
384
381
383
380
381
378
380
378
379
376
376
375
375
372
373
370
371
368
368
366
367
366
367
365
365
365
365
364
366
368
369
369
369
369
370
372
373
375
375
376
376
378
380
382
383
387
389
396
400
407
414
423
428
433
435
437
436
436
433
432
426
422
417
414
409
406
401
399
396
393
391
391
387
385
382
381
379
378
378
377
376
376
375
376
375
374
374
373
372
372
372
370
367
365
365
364
361
361
360
359
359
359
359
358
359
358
359
358
358
357
358
358
359
358
359
358
360
360
362
362
363
363
365
365
367
369
373
376
382
387
394
401
411
418
427
432
436
438
439
438
438
433
430
425
422
417
413
409
405
400
398
395
393
391
389
386
382
380
377
376
375
375
373
374
370
372
370
372
370
371
369
370
366
366
364
364
360
361
359
358
356
356
354
354
352
352
351
352
351
353
353
352
352
353
353
354
354
354
354
355
355
357
358
358
358
359
361
363
367
370
377
381
389
396
407
413
422
426
433
435
437
436
436
432
430
424
422
416
413
408
406
401
399
396
394
391
389
385
382
379
376
375
373
372
371
369
369
369
368
367
367
365
365
365
363
362
360
359
356
356
354
353
352
352
350
349
348
349
347
348
347
349
347
349
348
349
349
349
349
350
349
349
349
352
352
352
352
353
354
356
359
363
367
372
377
385
393
402
410
420
425
432
434
436
436
435
432
429
423
418
414
410
406
403
400
397
394
393
390
387
384
379
378
374
373
370
370
369
368
367
367
365
367
365
366
364
364
362
362
359
358
355
355
353
353
352
352
350
351
348
349
348
348
347
348
347
349
348
349
349
350
349
351
350
351
351
352
353
354
356
356
358
359
361
362
365
367
371
373
379
382
391
398
408
415
424
429
435
436
438
435
436
431
429
424
420
414
411
406
403
400
398
395
394
390
388
385
381
378
377
375
374
373
372
371
371
370
370
370
368
368
367
366
365
364
362
362
360
359
358
357
355
355
353
354
352
353
351
352
351
351
351
352
351
353
352
354
353
354
354
354
355
356
356
357
356
357
358
360
360
362
363
364
365
367
369
373
376
379
385
391
398
406
414
421
426
431
433
434
433
431
429
425
420
414
411
407
403
398
396
393
392
390
389
385
383
379
378
375
375
374
375
374
374
373
373
372
373
372
372
371
370
369
369
367
367
365
365
363
363
361
362
361
361
360
361
359
360
360
360
360
360
360
361
362
361
362
363
364
363
364
364
365
365
366
363
365
364
365
366
369
369
371
370
373
373
375
375
379
380
383
385
391
396
405
411
418
423
428
430
431
431
431
427
424
419
415
411
409
405
400
397
394
393
390
389
388
385
382
381
379
380
379
380
378
379
378
379
377
379
377
378
376
377
374
374
371
371
368
369
368
368
367
367
366
366
364
365
364
365
364
365
364
365
365
366
366
366
367
368
369
369
369
370
370
371
372
371
371
371
372
373
375
376
378
377
378
378
381
382
385
386
388
388
393
397
405
411
418
423
427
430
431
430
430
426
423
419
415
411
409
404
400
397
394
392
391
389
388
386
384
382
381
380
381
379
380
380
380
378
379
379
379
379
380
379
379
380
380
379
376
376
375
375
373
373
372
372
371
371
370
371
369
371
371
371
371
372
371
373
373
375
374
376
374
375
375
376
375
376
374
375
373
376
377
378
378
380
380
383
384
386
387
388
390
393
395
400
405
412
417
422
427
427
430
429
429
426
423
419
416
412
410
405
402
397
396
393
393
390
391
388
387
383
383
381
382
381
384
382
385
383
385
384
384
384
384
384
384
383
383
382
381
380
380
378
377
376
375
376
375
375
375
375
375
377
376
377
376
377
376
377
377
378
377
379
377
380
379
381
381
381
378
379
378
380
380
382
383
385
386
388
390
392
393
394
395
398
402
408
413
420
425
429
432
434
433
431
429
427
422
420
416
413
410
407
404
400
399
397
397
394
394
391
390
387
387
386
388
387
386
385
386
385
386
385
385
384
386
385
385
384
385
384
384
383
383
381
381
380
380
380
381
380
380
378
379
379
379
378
379
379
381
381
382
381
381
381
382
382
383
383
382
382
383
385
384
385
384
386
388
390
391
395
394
398
399
404
406
413
418
425
429
434
437
440
439
439
435
433
428
425
421
419
414
412
406
404
400
399
397
397
395
394
390
390
387
387
386
387
386
387
387
386
386
386
385
385
386
385
386
384
385
383
383
381
382
379
380
378
379
376
377
376
377
375
377
375
376
375
377
377
378
377
378
376
378
377
379
379
380
378
379
376
376
377
378
379
380
381
382
384
387
389
391
394
396
401
406
413
420
427
433
438
440
443
441
441
437
434
429
426
421
418
413
410
404
403
398
398
394
393
389
387
384
383
381
381
381
383
382
383
383
382
382
382
381
381
379
378
377
377
377
377
375
375
373
373
372
372
371
371
370
370
370
370
370
370
372
372
374
374
374
374
374
373
376
376
377
375
376
374
376
376
378
378
379
380
382
383
386
388
392
394
399
403
410
416
423
428
436
439
442
442
443
441
440
435
431
427
423
419
415
410
406
401
399
397
397
394
392
390
388
387
385
387
386
387
386
386
385
387
384
385
384
384
383
383
381
382
380
380
376
376
374
375
373
373
371
372
370
370
368
370
368
369
369
369
368
369
368
370
370
370
370
370
370
370
372
373
375
374
375
377
377
379
384
385
389
393
400
405
413
419
426
430
436
437
440
437
437
433
431
425
422
417
414
408
405
400
398
395
393
390
389
385
384
382
380
380
379
380
380
380
380
380
381
380
381
381
380
379
378
377
375
374
373
372
370
369
368
368
367
367
365
366
365
365
364
365
363
365
364
365
365
365
364
365
364
363
364
365
367
369
369
371
371
373
375
378
380
383
386
393
399
408
416
424
429
434
436
438
437
437
435
432
426
422
417
413
408
405
402
399
397
394
394
392
389
386
384
381
380
378
379
378
379
377
377
375
376
375
376
373
374
372
372
370
370
367
367
363
364
362
362
360
361
359
359
358
358
358
359
358
360
358
359
358
359
358
358
358
359
360
362
363
364
364
365
367
367
371
373
378
380
385
389
398
404
413
418
425
428
432
432
434
431
430
426
423
417
414
410
407
402
400
396
395
392
392
389
387
383
381
378
378
376
375
374
375
374
373
373
371
370
368
369
368
367
366
365
364
363
360
360
357
357
355
356
354
355
353
354
352
354
353
355
354
356
355
357
356
358
357
358
357
358
358
359
361
362
362
362
363
366
368
370
373
377
381
386
393
400
407
415
421
425
426
427
425
424
421
418
415
411
407
405
403
399
397
394
393
391
390
387
386
383
380
378
376
374
374
373
373
372
373
372
373
371
371
370
370
369
369
367
368
364
364
363
362
361
361
360
360
359
359
359
359
358
359
358
360
359
360
360
361
361
363
362
362
361
361
363
363
364
365
366
366
369
370
373
374
378
378
383
384
390
396
404
409
416
419
423
423
424
423
422
417
415
410
407
404
402
398
396
393
392
389
388
386
386
383
382
379
377
376
377
376
376
377
377
376
377
377
376
376
375
376
374
375
374
373
371
371
369
369
368
369
367
368
367
369
367
368
367
369
367
369
368
370
369
371
370
372
372
372
370
370
368
370
370
372
373
375
377
379
380
382
384
386
387
389
392
396
401
407
412
416
420
421
423
422
421
417
415
412
409
406
404
402
400
396
395
393
394
392
392
389
388
386
384
382
383
382
384
383
384
383
384
384
384
384
384
383
383
382
383
382
382
380
380
379
379
378
378
377
377
Loop stopped.
