Output started
30000
459
449
445
444
444
444
444
443
443
444
445
446
445
445
446
447
447
449
448
449
449
451
451
453
451
453
453
456
455
456
454
455
455
457
457
459
459
461
463
465
470
476
482
489
496
505
512
519
525
531
533
537
538
536
534
532
528
526
522
517
514
511
508
503
501
496
493
491
489
486
486
481
479
477
476
475
475
474
475
473
474
473
473
471
471
469
467
466
465
462
462
459
459
457
456
454
453
452
451
450
450
449
448
447
448
447
446
447
447
446
447
448
447
447
448
448
449
449
450
451
451
451
451
451
449
450
450
451
451
453
453
455
456
461
463
469
475
482
490
498
506
514
521
526
530
532
533
532
529
527
524
521
516
514
511
508
504
500
496
494
490
488
486
483
479
478
476
474
474
472
471
472
472
471
472
470
470
469
468
467
465
463
462
460
459
457
459
458
457
456
456
456
455
452
452
451
450
448
448
446
447
445
445
444
445
444
445
444
446
445
447
447
449
449
450
450
450
451
451
450
451
452
453
454
455
455
456
459
459
463
468
475
482
490
498
507
514
522
526
531
533
535
533
532
527
525
520
516
511
509
505
501
497
494
490
488
485
482
479
478
476
475
473
473
471
473
472
473
473
473
471
470
468
468
467
465
463
461
459
457
456
455
454
452
453
451
452
450
450
449
449
449
449
448
449
448
448
448
450
449
449
449
449
450
451
451
451
452
453
452
452
451
452
453
454
454
455
456
457
458
461
465
471
477
484
492
501
509
516
523
527
530
532
532
530
528
525
521
516
512
508
505
501
498
495
491
487
485
482
480
476
475
472
471
469
469
468
467
467
467
465
465
464
463
462
461
459
458
456
456
454
453
452
451
449
449
447
446
446
446
445
445
446
446
446
446
445
445
446
446
447
448
448
448
449
449
450
450
452
451
453
453
454
453
454
453
455
454
455
456
458
459
462
463
468
473
481
488
497
505
514
520
528
533
537
539
540
539
537
534
531
527
523
519
516
512
508
505
501
497
495
491
489
488
485
483
479
478
475
476
474
475
474
474
472
473
470
471
468
467
464
464
462
461
459
458
455
455
453
453
451
451
449
450
449
448
448
448
448
448
447
447
447
447
448
448
449
449
449
449
450
450
451
452
452
452
452
451
452
451
452
452
453
454
455
457
459
461
466
470
479
484
492
498
508
516
523
529
534
535
538
537
536
532
530
526
522
517
515
511
508
504
501
496
493
490
487
485
484
481
479
477
477
474
473
474
473
474
474
474
474
473
471
470
469
467
465
464
463
460
459
458
455
455
453
453
451
451
449
449
448
448
446
447
446
447
447
448
448
449
448
449
449
450
449
450
451
451
451
452
452
452
451
453
452
451
450
450
452
453
453
455
458
460
463
468
475
482
489
497
505
513
521
526
532
534
537
536
536
533
530
526
524
519
516
512
509
505
502
498
496
492
489
486
484
481
480
477
477
475
476
475
477
475
475
474
474
472
471
469
468
466
465
462
462
461
459
457
456
455
454
454
451
451
450
450
448
448
447
448
447
448
447
448
447
449
449
450
450
450
450
452
453
454
453
454
453
452
453
454
456
458
458
458
459
460
460
464
468
473
479
487
494
503
510
517
524
528
532
533
533
531
529
524
521
517
513
509
506
500
496
493
489
484
482
479
477
475
473
471
471
469
470
470
471
470
471
470
470
469
469
467
467
465
465
463
462
459
458
456
456
455
453
452
451
451
451
450
450
449
451
450
450
450
451
452
452
452
453
455
455
456
457
457
457
458
459
460
461
462
460
463
463
464
466
470
474
480
486
494
502
511
518
526
530
534
536
538
535
534
529
526
521
518
513
510
504
501
495
493
488
486
482
480
478
476
473
472
470
469
469
469
468
468
468
467
467
465
464
463
463
460
460
458
457
454
453
451
451
450
451
448
448
447
447
446
446
445
446
447
447
446
447
447
448
447
448
448
449
450
451
452
452
451
453
453
455
455
457
458
460
465
469
476
482
490
497
505
511
519
527
533
536
538
539
538
535
533
529
526
520
517
512
509
504
501
496
493
489
486
481
480
477
475
473
473
472
473
472
473
472
473
471
470
468
468
467
467
466
466
463
461
459
458
457
457
457
458
458
458
458
458
459
458
457
457
456
455
455
454
455
454
454
453
453
452
453
454
454
455
457
457
460
460
464
468
475
482
490
496
504
511
518
522
527
528
529
527
526
522
519
515
511
505
503
500
496
491
488
484
481
478
476
472
470
468
467
465
465
464
463
464
464
464
464
464
463
463
460
460
457
456
456
455
454
454
451
451
449
448
447
446
445
445
444
443
442
443
443
445
444
445
444
445
443
444
443
443
443
444
445
447
449
453
459
465
472
479
488
496
504
511
518
522
525
526
525
522
521
516
514
509
506
502
500
496
493
489
486
482
481
478
476
473
472
469
468
466
467
465
466
466
467
466
467
465
465
463
462
460
459
457
455
455
453
451
450
449
447
446
445
445
445
443
442
443
442
442
441
442
441
442
440
442
441
442
439
441
441
443
442
445
446
450
453
460
466
474
481
490
497
504
510
517
521
523
523
522
519
517
512
510
505
502
499
496
492
490
485
483
479
477
475
473
470
468
467
465
465
465
464
465
465
464
464
463
463
462
460
458
457
454
454
451
451
449
447
445
444
444
444
443
442
441
441
440
440
440
441
441
441
441
441
441
442
443
445
444
445
444
445
446
446
446
449
449
452
454
460
467
474
481
489
497
505
511
516
521
522
524
521
519
516
513
508
505
501
498
494
491
487
484
480
479
475
474
471
470
468
468
467
469
468
468
468
469
467
467
465
464
463
462
460
460
458
457
455
454
453
453
451
450
449
449
449
449
448
448
448
448
448
447
449
449
449
450
451
451
453
452
453
454
455
455
458
459
461
461
462
463
465
468
474
479
488
494
503
511
520
525
531
534
537
536
535
533
530
525
521
516
512
507
503
498
494
492
488
485
481
479
475
473
470
468
466
467
466
466
466
466
464
464
463
463
461
460
457
457
455
453
451
450
448
448
446
446
444
444
443
443
442
442
442
442
442
442
442
443
443
445
445
447
446
446
447
448
448
449
449
451
451
452
453
455
457
460
466
473
481
489
498
506
514
521
528
529
532
532
530
528
525
521
516
511
508
503
501
496
494
489
486
483
481
477
475
473
471
468
467
466
466
465
465
463
464
463
463
462
461
460
459
457
455
453
451
449
448
448
446
445
443
442
442
442
441
442
442
442
441
442
441
441
439
442
442
444
444
447
447
448
447
449
448
450
450
451
451
453
453
456
458
464
470
478
485
493
501
510
516
523
526
529
529
529
526
524
519
515
511
506
502
498
495
491
488
484
482
478
475
473
470
467
465
462
463
461
461
461
462
461
461
459
459
459
458
456
455
453
452
451
451
448
448
446
446
444
444
443
443
441
442
442
442
441
440
441
442
442
442
443
444
446
446
447
448
449
449
450
450
451
452
453
453
455
456
457
458
460
462
467
471
480
488
497
505
514
520
528
532
537
538
539
537
536
532
527
522
518
514
511
506
502
497
494
490
488
485
483
479
476
474
472
470
470
469
470
468
468
468
468
467
466
464
464
462
461
459
458
457
455
455
453
453
450
450
448
449
447
448
446
447
447
447
446
447
447
448
447
448
448
449
448
450
450
452
451
453
453
454
453
454
454
455
456
458
458
460
460
461
462
468
474
481
489
496
505
514
522
528
534
537
539
538
537
534
532
527
522
518
516
510
508
503
499
495
492
488
486
483
479
476
474
473
472
471
471
470
471
471
471
470
470
469
469
466
466
465
464
462
461
459
458
457
455
455
455
453
452
452
450
450
449
449
450
450
449
450
450
450
450
451
450
451
451
452
451
454
453
455
455
456
455
456
455
457
456
458
459
460
461
463
466
471
476
483
489
498
505
513
520
527
531
535
537
537
534
532
529
525
519
515
512
508
503
500
496
493
489
487
485
482
480
479
477
475
476
475
476
475
476
476
476
474
474
474
473
472
471
469
469
467
465
464
464
462
461
459
458
456
456
455
455
454
454
453
454
453
454
453
454
454
455
455
454
455
456
456
457
457
458
459
458
459
458
458
458
458
459
460
461
462
462
465
466
470
474
480
486
493
500
509
515
523
527
532
533
534
532
531
527
525
520
517
512
509
503
501
496
494
490
488
485
482
480
479
476
476
475
474
475
475
475
475
474
474
474
473
474
472
472
471
471
469
468
466
465
464
463
462
462
460
460
458
458
457
458
456
457
456
457
456
456
455
457
457
457
458
458
457
459
459
461
460
461
461
462
461
463
464
465
464
467
467
469
470
472
476
481
487
495
502
510
518
524
530
533
537
537
537
534
532
528
524
518
515
510
507
501
499
495
493
489
487
483
482
479
478
476
476
475
476
477
477
476
477
477
477
477
476
475
474
472
471
470
469
468
467
466
464
462
462
460
460
460
458
458
458
458
458
458
458
459
458
459
459
460
459
461
461
463
462
463
464
465
465
467
467
469
468
470
469
470
470
474
477
481
486
495
502
510
517
524
529
534
535
537
535
534
529
526
522
517
513
508
503
499
495
492
489
486
484
482
480
476
475
473
474
472
473
472
472
471
473
470
470
469
469
467
468
467
466
464
463
461
461
460
459
457
457
455
455
453
453
452
452
452
452
452
452
453
453
453
453
453
454
455
455
456
457
458
458
458
459
460
460
462
461
462
462
465
466
471
475
482
488
497
505
514
521
528
531
534
534
534
532
530
525
522
517
514
509
506
501
498
495
493
489
488
485
481
479
478
475
473
471
470
470
470
471
470
469
469
468
467
466
466
465
463
461
460
459
456
455
453
452
452
451
450
450
448
447
446
446
445
446
445
447
446
448
447
448
448
449
450
452
451
452
451
453
453
454
454
456
455
458
457
459
460
464
469
476
483
493
501
511
518
523
529
531
533
532
530
528
524
521
516
513
510
504
501
496
493
489
486
483
481
477
475
472
470
468
467
465
465
463
464
462
463
462
462
461
460
457
457
456
455
452
451
450
449
447
446
445
445
444
443
442
442
441
441
441
442
442
442
442
442
443
443
444
444
446
447
448
448
449
449
451
450
451
450
452
451
453
452
455
457
460
465
472
479
488
496
506
514
521
526
530
531
531
529
527
522
518
512
509
504
501
496
494
490
486
482
480
476
474
471
468
467
464
463
461
462
461
462
461
461
460
459
459
457
455
455
453
451
448
448
446
445
444
444
442
443
442
442
440
440
439
440
439
440
439
439
440
441
441
443
443
444
443
445
446
448
449
449
449
451
451
451
451
452
453
454
456
455
457
459
462
466
473
479
487
495
505
514
522
528
534
536
539
538
537
533
530
525
521
516
513
508
504
498
495
490
487
484
482
479
478
474
472
470
469
467
467
467
468
467
467
465
465
465
464
462
461
460
459
456
456
454
453
452
451
451
450
448
447
447
446
447
446
447
447
447
446
447
447
447
448
450
449
451
450
453
452
453
453
455
455
455
454
455
455
456
456
457
458
459
460
462
463
465
469
475
481
489
497
507
516
523
531
536
538
541
541
539
537
533
529
524
521
516
512
507
504
498
495
491
487
483
481
479
478
474
474
471
472
471
472
471
471
471
470
469
468
466
466
465
464
461
461
458
457
455
454
453
453
451
451
450
450
449
449
448
448
448
448
447
448
448
449
450
451
451
452
453
453
452
453
454
453
455
455
456
456
457
456
455
455
457
458
460
461
462
464
468
472
479
483
491
498
506
514
523
528
534
538
541
541
540
538
534
530
525
519
515
510
506
502
497
495
492
490
487
485
482
480
479
477
475
474
474
474
475
474
474
474
473
472
471
470
467
467
465
465
463
462
459
458
456
456
454
454
453
452
451
451
449
450
448
448
447
448
447
448
447
449
449
451
450
451
449
450
450
451
453
453
455
454
454
454
454
454
456
456
457
457
460
460
463
466
471
477
485
492
502
509
518
526
533
537
541
541
542
538
536
531
527
521
518
514
510
504
501
495
492
488
486
483
481
479
476
474
473
472
473
474
474
474
474
474
474
473
472
472
469
469
468
467
464
463
461
460
458
458
456
456
453
453
452
451
451
452
451
451
450
450
450
450
450
450
451
453
452
454
453
453
453
455
455
456
455
456
455
456
455
456
456
457
459
459
460
460
462
467
471
477
484
492
503
511
520
527
534
537
539
540
540
537
534
529
525
520
517
511
507
502
498
494
490
486
484
481
479
477
475
474
473
472
474
473
474
474
474
472
473
472
472
470
469
466
465
463
462
461
459
459
457
456
455
454
453
453
452
452
451
451
451
451
450
452
451
452
451
452
452
453
452
454
455
456
456
457
456
457
457
459
459
461
461
462
462
464
465
467
470
476
482
491
498
508
517
525
532
539
542
543
542
540
538
534
530
524
519
515
509
505
501
497
492
489
486
483
481
476
475
471
471
469
469
468
469
469
469
468
468
466
466
464
463
462
462
459
458
456
456
454
454
452
452
451
451
449
449
448
447
446
447
446
447
446
446
446
446
447
448
448
449
451
451
452
452
453
452
454
455
455
457
458
457
458
458
461
463
468
474
482
491
502
511
521
527
534
538
542
540
541
538
536
531
527
Loop stopped.
