Output started
30000
388
370
364
363
364
364
364
365
367
367
369
368
369
370
372
372
373
373
375
375
375
374
374
374
375
377
377
378
379
380
381
382
383
384
383
384
384
385
385
387
389
392
395
399
404
409
412
418
422
427
429
431
429
429
425
425
422
421
417
416
414
411
409
409
406
406
402
401
398
397
394
394
392
393
392
394
393
393
393
393
392
392
391
390
390
388
388
385
384
382
382
380
381
379
379
378
379
378
379
377
379
377
378
377
378
378
379
378
379
378
380
379
381
381
381
381
382
382
383
384
383
381
383
382
384
383
383
383
384
385
385
387
390
392
395
400
405
411
416
421
423
426
427
428
428
428
425
423
419
418
414
412
411
410
407
407
404
402
399
399
396
396
394
395
394
394
392
394
393
394
393
392
390
391
389
389
386
386
384
383
382
381
379
379
378
377
378
377
377
377
377
377
378
378
379
378
379
378
379
379
381
379
381
380
381
380
381
380
380
380
382
382
382
381
382
382
382
382
383
383
384
385
386
386
390
394
399
405
411
415
420
421
423
424
425
425
425
422
419
418
416
413
411
409
408
408
407
405
403
402
400
400
398
397
395
396
394
396
395
395
392
392
391
390
389
389
387
386
384
385
383
383
382
382
379
379
379
378
378
378
376
378
376
377
376
376
375
376
377
377
377
377
378
378
379
379
378
379
379
379
381
381
381
379
380
379
380
379
382
381
382
381
384
385
389
390
395
398
405
408
414
418
424
426
430
430
431
429
429
426
424
421
419
416
416
414
413
411
411
409
407
405
405
402
401
397
395
394
395
394
393
393
392
392
390
389
387
386
386
385
383
384
380
382
379
380
378
380
378
378
376
377
376
376
375
377
375
377
376
378
377
378
376
378
378
379
379
379
378
379
379
380
379
381
380
380
380
381
380
381
381
380
381
382
382
384
386
387
390
394
399
403
408
412
417
419
425
424
426
425
425
423
424
421
420
416
415
411
411
410
410
408
407
406
404
401
400
400
399
398
399
397
397
395
396
395
395
394
393
391
391
390
388
387
384
383
382
381
380
381
380
380
378
378
377
378
378
378
377
378
376
378
377
378
377
379
377
379
378
380
379
379
379
381
380
382
380
381
381
383
381
382
381
383
383
384
384
384
384
386
387
389
391
395
399
404
408
413
416
419
422
424
424
424
424
421
420
417
415
413
411
409
410
408
408
405
405
402
402
399
399
397
398
398
399
397
398
396
397
394
394
393
393
391
390
388
389
385
386
386
386
385
384
383
382
381
381
381
382
381
382
381
381
380
381
381
382
383
382
384
383
384
383
384
383
385
384
385
383
384
384
385
384
386
385
387
385
387
386
388
387
390
390
391
391
395
397
402
406
411
415
418
419
421
421
423
421
420
417
416
414
412
408
408
408
406
404
402
401
401
399
398
398
397
398
397
400
398
399
398
398
397
398
396
397
394
394
392
392
390
390
388
388
386
387
386
386
385
384
385
385
384
385
385
385
384
385
384
385
385
384
384
385
385
386
386
386
386
386
386
386
386
387
386
387
388
388
389
387
387
387
388
387
389
389
391
394
398
401
406
409
414
416
421
422
424
424
424
424
423
421
421
417
416
414
412
410
410
409
408
407
405
403
402
401
401
400
401
401
401
400
400
400
399
398
397
397
397
397
395
394
392
392
391
390
389
388
386
386
384
385
385
385
384
384
383
384
384
384
383
384
383
384
383
385
383
385
384
385
384
385
384
384
383
385
385
386
385
387
386
387
387
388
387
389
389
390
393
393
396
400
405
409
413
417
421
422
424
423
424
422
422
419
419
416
414
409
412
410
410
408
407
405
404
401
401
399
399
398
399
398
399
398
399
398
398
396
395
394
395
393
393
391
391
389
389
387
386
384
384
384
383
383
383
382
382
381
381
383
382
384
383
383
382
383
382
383
383
384
384
384
384
385
383
385
383
385
385
386
386
386
386
386
386
387
387
389
389
390
391
394
397
402
407
412
416
420
422
423
424
424
422
421
419
418
416
414
413
413
410
408
408
407
407
406
405
403
404
403
402
400
402
400
400
399
398
397
397
395
395
392
392
391
390
389
389
388
388
386
386
384
384
384
383
383
383
382
383
381
382
382
382
381
383
383
383
382
382
382
383
382
382
383
383
383
383
384
384
385
384
384
384
385
384
387
386
387
387
389
390
392
392
396
399
405
408
414
416
419
420
423
421
421
420
420
417
415
413
413
410
408
407
408
407
407
405
404
401
401
400
399
397
396
397
397
396
395
395
395
394
392
392
392
392
390
389
387
388
385
385
383
384
382
382
380
381
380
381
380
380
380
382
381
383
381
382
381
382
381
382
382
382
382
382
382
382
382
382
382
382
382
383
383
384
385
385
385
385
386
387
388
389
390
392
398
401
406
410
415
418
422
422
424
423
424
422
422
420
419
416
415
411
411
409
410
409
409
407
407
404
404
401
401
400
399
399
399
398
398
397
397
395
394
393
392
390
391
390
389
387
385
385
384
383
382
381
381
381
381
383
383
383
381
382
381
382
382
383
382
383
383
383
382
383
381
382
381
384
384
384
382
383
382
384
383
384
384
386
386
386
385
387
389
390
392
394
397
401
405
410
413
418
420
423
423
423
421
421
419
417
415
415
413
410
409
407
409
407
407
404
404
402
401
399
400
397
399
397
399
397
397
395
396
393
393
392
392
390
390
388
388
386
387
386
386
384
384
383
384
383
384
383
384
384
384
384
384
383
382
383
382
381
382
383
384
385
384
385
385
385
385
386
385
386
385
387
386
388
387
388
387
388
388
390
390
392
392
396
400
405
408
413
415
420
420
422
420
420
418
418
416
414
414
412
409
406
407
406
405
405
403
402
401
400
400
399
400
399
400
399
400
398
399
397
397
396
396
394
395
393
393
390
389
388
388
387
387
384
385
384
385
384
384
384
384
384
384
383
384
383
384
384
384
384
385
386
386
384
384
384
385
384
386
386
388
386
386
387
387
386
387
388
388
389
389
390
391
394
398
403
407
412
415
420
420
423
422
423
422
422
420
419
416
415
413
411
409
410
409
410
408
407
405
405
402
401
399
400
399
401
399
400
398
397
396
396
394
394
392
391
390
389
387
386
385
385
384
384
385
382
383
382
382
382
382
381
382
380
382
381
382
382
384
382
383
382
383
382
383
382
383
383
384
383
384
384
384
384
385
384
386
385
386
386
387
388
388
389
391
394
400
404
409
413
416
419
420
421
421
422
421
421
418
418
415
414
411
410
408
408
406
406
404
403
402
403
401
402
400
400
399
400
398
398
397
397
396
395
394
394
391
392
390
389
387
386
385
385
384
384
383
384
383
382
382
382
381
381
381
381
381
381
382
381
381
381
384
383
384
382
384
383
384
383
384
383
384
385
386
384
387
385
386
386
387
387
388
388
391
392
396
398
404
408
414
416
419
421
423
423
424
422
421
419
419
417
416
414
412
410
408
407
408
408
407
405
403
401
400
400
398
398
398
398
397
397
396
396
393
394
392
391
389
390
388
388
386
386
384
384
383
384
383
383
381
382
381
382
381
382
381
381
380
382
381
383
382
383
382
382
382
382
382
383
382
382
383
382
383
383
382
383
385
384
386
386
387
386
387
389
390
390
395
398
404
408
412
415
420
420
423
421
423
421
421
418
417
416
415
413
413
409
408
408
407
406
406
404
404
401
401
399
400
400
400
399
398
396
396
395
394
395
393
391
390
388
388
388
387
387
385
385
383
384
383
383
381
381
380
381
381
382
381
382
381
383
382
383
382
383
383
384
382
384
384
384
384
385
385
385
384
385
385
385
386
386
387
387
387
388
389
389
390
392
394
397
402
406
409
414
419
420
423
423
424
423
423
420
420
417
416
414
413
410
410
408
408
406
405
406
406
403
403
400
401
400
400
398
399
398
398
395
396
394
393
393
393
392
391
388
388
386
386
384
384
382
383
382
383
383
383
382
382
383
381
382
382
383
383
384
383
384
383
385
383
385
384
385
385
386
384
386
385
387
386
388
387
389
387
389
387
389
388
392
393
394
395
399
402
408
410
415
418
420
421
422
421
421
419
418
416
414
412
409
408
408
407
406
406
404
403
402
401
399
400
399
398
397
399
397
398
397
398
395
396
394
395
392
393
391
391
388
389
388
389
388
387
386
386
385
386
385
385
385
386
385
386
385
384
384
384
383
384
384
384
384
383
385
384
385
386
386
386
387
385
387
386
387
387
387
386
388
387
390
390
391
392
397
399
404
407
412
415
419
420
423
423
423
421
421
418
417
414
413
411
411
409
407
406
407
406
405
404
403
401
400
400
401
400
400
399
399
398
398
396
396
397
394
395
393
392
391
390
388
387
386
387
385
386
384
385
384
385
384
385
384
384
382
384
383
384
383
385
384
385
384
385
384
385
384
385
383
383
384
384
384
385
384
385
386
387
385
385
385
388
391
390
392
396
400
405
411
413
417
419
422
422
423
420
421
420
419
415
415
411
411
408
408
406
408
408
408
405
406
403
402
400
401
400
400
399
399
399
398
396
396
393
394
392
392
391
389
388
387
386
386
384
383
382
382
382
382
381
381
382
381
382
382
383
382
383
382
382
382
384
382
383
382
383
380
381
380
383
381
381
381
381
381
382
382
384
382
383
384
385
386
387
389
393
397
403
407
412
415
418
419
421
421
422
420
418
417
415
413
412
410
408
406
406
406
404
405
403
403
400
401
399
399
398
399
398
398
396
396
394
395
392
392
389
390
387
387
385
384
382
382
381
382
381
380
379
379
376
378
377
379
377
379
378
378
376
377
376
377
377
377
378
378
378
378
378
379
381
379
381
380
381
380
381
381
383
382
383
382
385
385
387
387
392
395
401
405
411
414
419
421
423
424
424
422
423
420
420
418
417
415
414
411
410
409
410
408
407
405
402
401
401
398
396
396
395
395
395
393
393
393
391
392
389
389
387
386
384
385
382
382
380
380
378
378
377
378
376
377
375
376
375
376
376
376
375
376
377
377
376
377
377
378
377
377
376
377
377
378
378
379
379
379
379
380
380
380
381
381
382
384
385
386
391
394
398
402
407
411
416
418
422
423
424
423
423
421
420
417
417
414
413
411
410
407
407
406
405
404
404
402
401
400
400
399
398
397
397
396
396
395
394
392
391
389
388
386
384
383
383
381
380
378
378
378
377
376
376
377
376
376
377
377
376
377
376
377
376
377
376
377
376
377
376
378
377
378
378
379
378
379
379
377
377
379
379
382
381
382
382
382
381
384
386
389
392
396
400
406
410
416
418
421
421
422
422
422
421
419
417
414
413
411
410
408
407
406
407
405
404
401
399
396
398
397
397
396
397
396
396
393
393
392
393
391
391
389
389
386
387
384
385
383
382
380
381
381
381
380
380
381
382
380
381
381
381
380
380
381
381
381
381
381
382
382
382
384
383
384
383
384
384
385
384
385
384
385
384
385
384
385
385
387
388
390
391
397
400
406
408
414
416
420
422
423
423
422
420
419
417
415
413
413
409
407
407
406
405
404
403
401
398
396
396
396
395
396
395
395
397
394
395
393
393
391
392
389
388
387
386
385
384
382
382
381
382
380
380
378
380
378
378
378
379
378
379
379
380
379
380
379
380
380
381
380
381
380
381
381
381
381
383
383
383
381
383
383
384
384
384
385
385
386
387
389
389
393
397
403
407
412
415
420
422
424
424
424
422
422
419
418
415
413
409
411
409
409
406
406
403
403
400
400
397
397
397
397
396
396
396
396
393
392
391
391
391
390
389
388
387
386
384
383
383
382
382
380
381
381
381
379
380
380
380
380
380
379
380
378
379
378
381
380
381
380
381
380
382
380
381
380
381
381
382
381
383
383
384
384
385
384
385
386
386
386
389
392
397
401
406
411
414
418
420
422
423
423
422
421
420
417
416
416
413
412
409
408
406
406
405
405
402
402
400
400
397
397
396
396
396
397
394
393
392
393
390
390
389
390
386
387
384
384
383
382
381
382
381
381
380
380
380
380
380
381
381
381
380
380
380
380
381
382
380
380
382
381
383
383
384
383
384
382
384
383
383
382
383
383
385
384
385
385
386
387
387
388
391
394
399
404
410
413
418
420
423
423
424
423
422
420
420
416
415
412
411
409
410
408
407
405
404
402
401
399
398
397
397
398
396
396
395
395
395
394
392
392
390
390
388
389
387
388
386
385
384
385
382
382
380
382
381
382
381
382
381
382
381
382
382
382
382
382
382
382
382
383
384
384
384
384
384
385
384
384
385
385
385
385
386
386
386
388
389
389
389
390
393
395
398
401
407
410
416
419
423
423
426
425
426
425
424
421
420
416
416
413
412
411
412
411
410
408
407
406
404
401
400
400
400
399
399
398
398
396
396
395
396
394
393
391
390
390
388
387
386
387
385
384
383
384
383
383
381
382
381
381
380
381
381
383
382
383
382
382
382
383
381
383
382
383
383
383
383
384
383
385
386
387
385
386
386
388
387
388
387
389
390
390
391
394
397
401
405
409
413
418
421
423
424
424
425
423
421
419
418
415
414
410
409
407
409
406
406
404
404
401
402
400
400
399
401
400
401
399
400
398
398
397
397
395
395
393
393
Loop stopped.
