Output started
30000
436
429
430
434
439
444
449
454
456
455
459
462
463
463
462
460
460
457
455
451
450
447
446
443
443
441
441
437
435
432
433
430
431
429
430
428
427
425
426
424
425
424
425
425
425
424
423
419
418
416
416
418
418
417
418
415
413
412
413
411
411
414
415
415
414
415
415
414
414
415
414
415
414
414
415
417
417
419
419
420
418
419
416
417
418
422
422
424
426
430
434
438
442
446
450
455
457
461
462
464
464
464
464
464
461
460
458
456
454
453
450
449
446
444
440
438
436
434
432
430
430
429
427
427
428
427
428
426
426
425
423
423
425
424
424
422
423
421
422
419
420
419
419
418
419
415
415
415
417
416
417
416
417
415
414
412
411
411
413
415
418
419
420
418
416
417
418
418
419
419
419
421
424
424
423
426
424
425
427
430
433
440
446
453
460
466
472
477
474
473
471
470
466
464
461
460
457
459
456
454
450
449
445
445
442
439
439
438
436
435
432
430
428
427
426
426
425
425
425
425
425
424
424
424
424
424
426
426
427
428
428
427
426
425
424
423
421
421
422
420
420
418
417
415
416
417
419
418
418
417
417
415
415
415
418
419
421
421
421
421
421
421
421
421
422
422
423
423
424
424
426
428
432
435
440
443
449
454
458
462
465
468
469
470
471
470
469
468
466
463
460
457
456
457
454
452
450
448
445
443
437
436
434
433
432
434
432
433
431
431
429
430
429
431
428
428
427
427
425
425
424
424
422
422
421
420
417
417
418
420
418
416
418
419
418
418
418
418
418
416
415
416
418
417
418
417
418
415
415
414
416
415
418
419
421
420
421
420
422
422
423
422
424
428
434
438
443
448
453
457
461
463
466
467
469
472
473
472
471
469
467
465
462
460
458
456
454
451
446
443
443
443
440
439
437
435
433
431
428
428
428
428
429
430
429
429
427
428
426
427
426
423
422
423
422
422
420
419
418
418
417
417
413
413
412
412
412
414
414
415
414
419
418
419
419
420
421
418
419
418
418
420
420
420
421
421
422
420
421
421
424
427
430
434
440
445
449
450
457
460
464
465
466
463
466
464
465
460
457
455
456
455
451
450
449
444
443
441
439
436
435
432
432
429
429
425
425
423
424
426
427
426
422
421
421
419
420
421
420
421
421
422
421
420
417
418
416
416
416
416
413
415
413
415
414
414
411
414
416
416
416
417
415
417
416
418
418
420
417
418
417
419
418
422
424
428
433
440
444
450
453
457
461
464
464
466
466
466
466
467
467
465
463
460
458
455
453
449
448
445
442
441
439
436
436
434
433
431
431
428
425
423
424
424
425
422
422
422
423
421
422
422
421
418
418
418
419
419
417
416
416
414
412
409
410
408
411
412
413
412
413
413
414
413
413
412
411
412
411
411
412
412
412
414
417
421
426
432
436
443
449
457
463
467
470
473
475
477
476
478
475
475
472
470
467
467
464
461
460
455
449
445
441
438
434
432
428
427
423
424
422
421
418
419
418
417
417
416
414
414
413
411
411
409
409
407
406
403
403
401
401
400
400
399
400
398
399
397
399
397
397
397
400
399
401
400
402
400
402
401
402
403
405
404
404
404
406
407
410
414
422
428
437
442
450
455
460
465
468
470
473
473
472
472
469
468
465
465
461
459
455
453
450
447
444
440
434
434
427
424
421
419
417
418
416
415
413
414
412
412
409
409
407
406
404
404
403
402
400
400
396
394
393
393
392
395
395
396
395
395
394
394
394
394
394
395
395
395
396
396
398
394
395
394
395
396
399
399
400
400
402
401
405
406
408
407
409
407
409
409
412
414
419
426
434
440
447
452
460
464
469
471
473
474
477
477
476
473
472
470
468
466
463
460
457
454
450
447
443
439
436
432
428
426
425
423
418
416
414
417
417
417
415
416
414
414
412
412
411
410
408
407
404
404
402
403
402
402
400
400
397
396
395
397
397
400
399
400
399
401
401
401
401
402
402
404
400
401
403
404
405
403
405
407
405
404
405
404
406
407
411
409
409
409
410
410
412
412
412
413
422
424
432
434
443
447
453
460
466
469
473
477
481
480
482
480
479
476
474
470
467
464
462
458
456
453
450
446
442
439
436
432
430
424
423
421
421
420
421
422
422
423
422
422
421
421
419
419
416
415
412
412
410
410
408
407
403
404
401
401
401
403
402
404
403
404
402
404
403
405
404
405
405
406
405
407
406
406
406
406
406
405
404
406
406
407
407
409
411
411
411
412
413
412
413
415
415
416
418
423
427
432
438
442
448
451
457
460
465
468
474
475
477
475
475
473
471
468
466
462
461
459
459
454
452
448
445
441
439
436
434
429
427
424
424
425
426
425
426
424
424
422
422
420
421
420
419
418
417
416
414
412
412
411
407
409
407
407
405
405
405
408
408
410
408
409
407
409
408
409
409
410
409
410
409
410
410
410
409
409
408
410
410
412
412
416
416
417
417
418
418
418
419
420
420
421
422
425
429
433
437
442
447
453
457
460
465
469
472
473
474
474
473
471
469
466
465
461
460
456
455
452
450
446
444
440
438
434
431
428
431
429
430
429
428
427
428
425
426
426
427
425
426
424
423
423
422
421
421
420
420
416
417
415
413
414
414
414
415
414
415
414
414
415
414
415
415
415
415
415
415
415
414
416
416
415
413
415
415
417
416
418
420
422
421
422
422
423
422
423
422
423
422
424
424
428
430
435
439
442
444
449
453
457
461
465
469
473
473
473
472
470
468
466
463
461
460
456
456
453
451
447
444
440
438
434
434
431
431
431
433
431
432
431
431
431
431
430
431
429
429
427
427
426
427
426
426
425
424
421
420
419
419
419
419
421
421
420
420
420
420
418
418
419
419
420
420
420
421
421
421
421
421
422
419
419
420
421
423
425
424
425
424
425
424
426
424
426
425
426
426
429
430
434
438
442
446
452
455
459
459
463
463
463
465
466
465
464
462
461
458
456
454
452
451
448
445
442
439
438
436
432
430
428
429
430
429
429
432
431
433
432
431
431
432
432
432
432
433
433
433
432
432
430
429
425
425
424
424
423
423
423
424
424
426
425
426
425
426
425
426
425
426
427
428
428
427
427
428
426
422
422
421
422
422
422
425
427
427
428
428
431
433
438
441
447
449
455
457
461
464
467
468
470
466
466
464
465
466
467
468
469
465
463
458
455
451
448
444
442
438
435
433
432
430
430
429
430
429
427
425
427
425
424
426
427
427
426
426
425
426
425
424
423
423
422
424
422
423
421
422
421
421
417
416
415
416
416
420
420
421
420
421
420
421
419
420
422
422
422
423
422
424
424
424
424
425
425
425
426
429
432
437
443
450
457
461
466
471
475
476
477
478
478
477
477
474
472
469
469
466
464
461
457
454
453
449
446
443
443
440
439
435
435
433
433
432
432
431
430
429
430
430
430
428
428
424
424
422
422
422
423
422
422
420
419
418
417
417
416
415
414
413
413
414
414
414
413
415
414
414
414
414
412
414
412
414
414
419
416
417
417
418
417
419
417
418
417
419
420
425
429
436
442
449
455
460
465
471
473
476
476
478
477
477
474
472
471
470
466
465
462
461
457
455
452
449
446
440
435
434
432
430
429
426
426
426
428
427
427
424
426
424
424
422
419
418
418
415
415
413
414
412
412
407
406
402
403
402
404
406
406
403
405
402
405
404
404
403
404
403
405
404
404
404
406
407
407
404
403
404
406
408
410
410
410
411
412
414
413
413
413
415
417
422
427
436
442
451
456
463
467
473
472
473
474
475
476
478
476
474
471
469
465
462
459
456
452
452
450
448
444
440
434
431
428
425
420
418
416
416
414
415
417
417
416
415
413
412
411
410
410
407
407
405
405
404
404
402
402
399
400
396
395
395
396
395
398
398
400
400
400
400
401
400
401
401
402
401
403
403
405
405
406
402
404
402
404
404
406
407
408
409
410
409
411
412
413
413
414
414
417
422
432
438
443
453
459
464
471
474
477
480
482
484
483
483
478
476
472
470
467
467
465
464
461
460
457
454
449
446
442
439
435
433
429
427
426
423
421
423
422
420
417
416
414
415
417
417
415
414
413
411
410
408
408
407
406
405
405
403
404
400
399
399
399
399
399
399
401
399
401
401
405
403
406
403
406
406
407
407
408
408
410
408
408
410
412
412
413
413
414
414
416
415
416
415
417
419
424
429
435
442
449
454
460
465
468
473
476
476
477
479
480
479
476
472
468
466
463
461
460
460
456
454
449
446
443
441
436
434
430
428
426
425
423
423
421
421
420
420
418
416
416
417
416
417
415
415
412
412
410
410
409
409
406
403
403
404
405
405
405
406
403
402
400
401
403
405
407
406
407
406
407
407
408
408
409
408
410
407
410
407
411
411
413
411
410
409
412
411
414
413
416
418
421
422
426
431
437
442
450
456
460
464
468
473
477
479
481
481
481
479
477
472
468
466
464
462
460
458
455
451
447
446
442
440
437
434
432
430
427
426
423
422
421
421
420
421
417
418
415
418
417
416
415
416
414
414
413
413
411
411
408
408
407
406
406
407
406
406
406
402
402
405
404
406
406
407
406
407
408
409
410
410
411
411
412
411
414
415
416
415
415
415
417
417
418
418
420
418
420
419
421
422
425
427
433
435
443
446
451
454
461
465
470
475
479
479
479
478
476
471
468
465
464
463
463
460
458
455
452
449
445
443
440
438
436
434
432
430
428
428
427
426
423
425
426
425
423
422
420
421
421
422
421
421
418
418
416
415
412
411
411
414
413
412
410
409
408
410
410
413
413
413
413
414
414
414
413
414
415
415
412
413
413
414
414
413
415
416
417
417
418
419
420
419
419
418
420
421
422
421
422
422
425
427
431
435
442
445
450
455
463
466
470
473
477
475
477
477
476
473
471
468
466
461
460
456
454
451
450
447
443
441
438
435
435
433
431
428
426
426
428
429
429
428
426
428
428
430
428
428
427
427
426
425
420
419
418
417
415
415
414
415
414
415
415
417
417
417
415
414
414
416
415
416
413
415
417
419
418
417
415
419
419
421
421
422
420
421
422
422
423
422
423
423
424
423
422
423
423
425
428
431
437
441
447
453
456
460
465
467
471
472
474
473
474
471
471
467
464
460
459
456
454
451
449
443
442
440
438
432
432
430
430
429
426
424
425
425
425
426
428
428
429
428
428
428
427
426
424
424
423
422
419
420
419
422
421
422
420
418
415
416
415
418
417
418
417
418
417
417
417
418
418
420
420
420
418
418
418
421
422
423
422
422
421
424
424
425
425
427
428
430
433
438
443
447
452
458
462
464
466
470
474
474
476
476
475
473
472
468
465
461
459
458
459
457
455
452
451
446
444
441
441
438
438
435
434
432
432
430
430
428
430
427
427
427
427
426
427
426
426
424
424
423
423
422
421
420
419
417
415
415
414
415
417
418
417
417
416
417
418
420
419
419
419
420
420
421
421
422
421
419
420
419
416
420
418
421
422
424
424
426
428
435
440
447
452
458
463
469
472
477
479
481
480
480
479
475
472
472
468
468
464
463
460
458
455
453
449
445
441
440
439
436
434
432
432
430
430
427
427
425
426
425
426
424
424
421
420
419
418
417
415
412
413
413
412
409
409
408
407
406
407
407
407
407
405
403
403
404
407
407
408
408
407
406
407
407
410
412
412
412
412
412
413
414
414
416
415
415
414
416
421
427
435
444
450
458
461
467
471
476
477
480
480
481
479
479
475
473
470
467
465
464
459
458
457
456
451
448
444
441
437
435
433
431
429
426
425
424
422
422
420
420
418
418
417
416
415
414
412
410
409
407
407
406
406
404
401
399
398
398
401
400
400
400
401
400
402
401
401
401
402
400
400
399
400
400
404
406
407
405
404
404
405
407
409
408
410
410
412
412
413
413
416
418
423
428
436
442
450
457
463
469
474
478
480
481
482
482
479
478
475
473
470
469
465
464
461
460
456
454
449
447
443
440
436
435
432
429
426
425
421
419
417
416
414
416
414
413
411
414
412
412
409
408
405
404
402
401
401
403
405
404
402
400
399
400
401
402
403
403
403
402
404
403
404
403
404
402
402
401
403
403
406
408
409
408
409
406
407
406
408
409
412
412
413
413
414
414
415
415
418
421
427
434
442
448
455
461
467
471
476
477
480
480
480
479
477
473
471
470
468
465
463
461
459
457
453
448
444
441
437
436
434
433
430
430
425
422
420
420
417
418
416
415
416
415
414
414
410
412
409
407
404
404
403
403
402
401
399
401
400
400
399
401
401
402
401
400
399
401
402
402
403
404
404
404
404
404
406
406
409
410
412
410
410
410
410
408
411
410
414
414
415
414
415
416
416
418
424
430
436
442
451
457
463
469
473
475
479
481
478
478
479
478
478
474
472
468
464
462
460
458
455
451
446
441
437
436
433
432
431
428
426
425
422
422
420
421
420
419
418
418
417
417
415
415
414
414
412
412
410
412
410
410
408
409
407
405
403
404
404
407
406
408
407
407
407
408
408
408
408
409
408
409
408
408
409
411
412
413
412
410
410
411
413
413
414
416
419
420
419
419
421
422
424
427
432
437
443
448
456
461
466
470
475
476
479
479
480
477
477
474
472
469
468
464
462
459
458
454
451
448
446
442
Loop stopped.
