Output started
30000
569
567
555
551
541
537
527
522
516
509
505
498
496
488
488
480
483
477
481
473
479
470
476
467
473
465
471
462
468
459
465
458
462
455
459
454
458
455
459
455
457
454
454
454
455
458
458
461
459
462
457
463
459
466
461
470
463
471
465
473
468
477
471
480
476
485
482
495
499
516
523
539
546
559
563
573
578
585
590
591
592
589
589
583
583
574
574
563
562
550
550
536
537
524
524
510
512
499
501
491
493
485
487
480
483
476
479
475
478
475
476
473
472
470
467
467
464
467
463
467
461
465
459
464
457
462
456
463
459
466
461
468
462
467
465
471
469
474
471
475
472
476
474
477
479
481
483
482
485
483
488
490
501
506
521
526
541
543
558
560
572
571
581
579
588
583
588
579
580
570
568
561
561
554
552
544
539
530
524
521
517
516
510
507
500
501
494
496
491
496
490
494
484
488
479
483
475
483
474
479
472
477
471
476
471
474
469
471
466
468
465
468
468
469
471
470
472
470
474
472
476
471
477
471
479
473
480
474
482
475
485
481
493
490
505
507
522
524
539
542
555
558
571
571
579
578
581
580
579
578
572
570
563
562
555
554
544
546
535
536
525
526
513
514
501
503
491
496
486
492
485
491
483
488
481
485
477
479
474
476
473
473
472
471
471
468
469
467
471
467
470
464
468
461
467
462
469
464
471
464
470
463
471
465
475
471
477
472
478
474
482
484
496
502
514
522
531
540
549
557
562
570
573
580
578
583
577
579
569
571
561
564
553
554
542
543
532
533
522
522
512
511
503
502
495
494
488
488
485
484
484
481
481
477
479
475
477
471
475
469
473
467
472
466
472
465
471
462
468
462
469
464
470
464
470
465
470
465
468
465
469
467
470
472
473
475
474
478
478
488
493
507
512
528
532
547
551
564
563
575
570
579
573
581
573
578
568
570
559
561
552
552
543
541
532
530
521
518
513
507
503
496
495
489
490
484
486
479
484
478
484
476
481
472
479
472
481
471
478
469
475
468
475
468
475
469
475
469
474
469
472
471
473
472
472
473
472
475
473
477
474
480
476
482
477
487
484
497
497
512
514
531
532
548
550
566
568
581
579
587
583
587
580
582
575
575
570
567
561
555
550
544
541
533
532
522
520
509
509
500
504
495
500
490
494
484
489
480
485
477
482
476
482
476
479
474
476
470
473
470
472
471
470
470
469
471
468
471
467
472
467
473
469
477
470
477
469
476
470
480
477
485
480
487
481
490
491
504
509
524
529
542
547
556
563
570
575
577
581
580
584
580
583
574
575
563
564
552
555
543
545
532
533
518
522
509
513
502
505
494
496
488
491
485
489
483
486
483
484
483
482
481
479
479
477
480
475
479
474
479
472
477
470
478
470
477
471
478
469
477
470
479
473
480
475
482
476
482
478
485
481
486
487
494
500
509
519
527
538
545
557
560
572
572
583
581
589
583
589
578
582
570
574
561
564
551
554
541
541
530
529
518
518
509
510
503
501
496
495
491
490
490
488
489
485
488
484
486
480
484
478
482
476
482
475
481
474
479
472
478
471
477
470
475
470
474
471
477
473
476
474
475
474
476
479
480
483
482
486
486
495
500
515
521
537
540
554
555
570
570
584
582
591
585
590
580
583
575
576
567
566
556
554
545
542
536
531
526
520
516
509
509
504
505
498
501
492
495
487
493
486
493
486
493
483
489
478
485
476
481
475
480
474
479
473
476
469
472
468
469
467
468
468
467
470
468
473
470
475
473
480
476
483
477
485
480
494
494
512
516
536
539
557
558
574
573
584
582
590
586
591
585
587
580
579
572
568
563
555
551
544
541
532
530
520
519
509
511
500
504
494
498
488
493
484
492
482
488
481
488
481
486
477
479
471
474
470
475
473
474
469
468
466
465
466
465
468
465
469
465
469
463
469
463
471
466
473
467
474
468
478
475
489
493
509
515
530
536
551
555
568
569
577
578
581
581
581
580
576
573
565
562
554
554
544
543
531
530
519
520
509
512
500
503
493
498
489
494
485
488
481
483
479
482
477
478
473
474
470
468
468
466
467
465
467
463
466
461
466
460
465
459
465
459
467
461
468
460
467
460
467
461
468
464
470
467
473
470
479
483
497
505
518
528
541
554
562
573
577
584
583
589
586
592
584
588
576
578
565
567
555
558
545
547
532
533
519
517
503
502
493
494
487
488
483
483
479
478
475
473
473
469
470
464
465
460
464
458
462
454
459
452
458
450
457
449
457
449
458
450
457
449
457
452
460
455
461
455
460
456
461
462
465
466
468
471
474
483
491
506
514
531
537
553
557
572
573
586
584
594
588
595
585
589
577
579
567
568
557
557
547
546
533
530
519
514
506
502
495
489
485
480
479
473
474
469
471
464
468
461
465
458
463
455
460
452
457
449
454
448
454
448
453
448
452
448
451
447
452
451
455
454
456
458
458
460
459
463
461
465
462
467
462
470
466
473
469
478
474
483
481
496
499
518
526
544
549
565
569
581
583
592
591
596
595
594
592
587
585
577
575
565
562
551
550
538
538
524
521
506
508
496
498
487
489
479
482
471
476
467
472
465
469
463
467
461
462
456
457
454
455
455
454
455
451
452
448
453
449
455
450
457
450
458
450
459
452
461
454
463
457
465
460
469
463
470
463
468
464
470
467
473
472
476
477
480
485
491
500
509
523
531
546
552
569
573
587
587
599
595
603
596
603
593
596
582
584
571
573
561
562
549
547
534
532
521
520
510
507
501
497
493
489
487
481
482
477
478
473
476
470
472
465
469
462
467
460
466
459
466
458
464
455
461
455
461
456
461
454
459
455
461
459
462
461
462
463
462
465
464
468
466
472
469
474
469
475
471
479
474
482
477
486
481
489
486
496
497
512
518
535
542
555
560
571
575
584
588
593
595
595
595
591
590
582
580
571
571
561
561
549
549
536
535
522
522
510
513
501
504
492
494
485
487
479
481
475
478
474
476
472
472
470
467
468
466
469
466
469
464
466
460
465
459
465
458
466
460
468
461
470
462
469
461
469
462
471
466
475
471
477
474
479
475
480
479
482
483
484
486
486
489
487
492
493
503
504
519
523
538
541
558
559
574
571
585
581
593
587
597
588
592
581
583
571
572
563
563
555
554
545
542
534
528
523
517
514
509
509
502
502
493
495
487
492
486
493
485
491
480
485
475
482
476
484
477
482
474
480
473
479
472
476
472
475
472
474
473
473
474
474
477
474
478
475
480
477
482
478
485
479
486
479
487
482
491
485
493
485
490
482
487
483
492
496
510
516
529
537
549
556
565
572
577
583
583
588
585
589
582
585
577
579
570
572
561
562
550
550
538
540
529
531
521
523
514
516
508
510
504
507
501
502
498
498
497
496
496
492
492
488
491
486
490
485
488
480
485
478
484
477
484
477
483
475
482
477
486
480
487
479
483
478
483
479
484
483
487
487
490
490
492
497
500
509
514
525
528
541
543
557
558
572
570
582
577
587
577
585
573
578
566
571
562
565
555
556
545
544
535
533
525
524
517
515
510
507
507
503
504
500
501
495
500
493
497
490
497
489
493
484
490
481
490
481
488
480
485
476
482
475
480
475
480
476
479
475
477
474
477
478
479
481
479
482
479
485
484
493
495
509
513
531
535
552
554
568
567
580
577
588
583
589
582
585
576
577
569
570
563
563
557
553
545
537
531
524
521
515
514
507
508
500
503
494
499
491
496
488
495
486
492
482
487
479
485
479
484
478
479
472
476
473
477
473
474
472
472
475
473
475
472
476
472
476
472
477
470
477
474
485
481
493
490
504
506
524
530
550
554
568
568
577
574
581
579
583
578
577
572
569
566
563
562
556
554
543
539
527
525
514
516
506
508
498
503
492
498
489
495
486
493
483
491
483
488
480
484
475
479
472
476
472
474
471
470
469
468
469
467
470
467
471
466
471
465
470
463
470
464
473
467
477
469
479
476
491
494
514
520
537
541
557
560
573
573
581
580
584
583
583
581
576
572
565
562
555
553
544
543
532
532
519
519
506
507
494
496
485
490
481
487
479
484
476
481
474
478
473
476
471
472
467
466
464
464
464
463
463
460
463
459
462
456
460
455
462
458
467
461
469
461
467
460
468
462
470
466
474
469
477
476
486
489
503
512
527
539
550
562
570
578
582
589
590
597
592
597
587
588
576
577
566
569
557
558
543
543
529
530
518
518
507
507
498
499
493
495
490
491
486
485
483
481
482
480
481
475
476
469
473
466
471
465
472
465
471
462
468
459
467
460
470
463
470
464
470
465
472
469
475
471
475
472
476
477
479
480
480
483
483
489
491
504
510
527
532
549
553
571
573
589
587
599
593
602
593
599
587
589
577
579
567
567
556
553
541
538
529
527
519
514
508
501
498
494
493
488
491
485
487
479
483
476
483
477
484
474
480
468
475
465
473
466
474
467
472
465
468
462
468
463
467
466
468
468
468
470
471
474
473
477
474
478
473
479
474
483
480
490
485
494
488
501
502
520
526
545
550
566
570
582
583
592
594
600
599
599
596
592
587
580
577
570
569
560
558
546
545
533
533
521
522
511
513
502
505
495
499
490
496
489
493
486
491
484
488
480
483
476
477
474
475
474
472
473
469
471
466
470
464
469
463
469
462
469
463
472
466
474
467
475
467
476
471
479
474
481
476
482
479
486
483
489
490
497
503
513
526
536
550
558
572
577
589
590
600
597
605
599
605
595
598
585
587
573
576
563
566
552
552
539
538
525
525
514
514
506
505
501
500
496
494
493
489
491
487
490
484
487
479
482
473
479
472
478
470
477
468
474
466
473
464
471
463
470
464
470
465
470
467
472
470
474
473
475
475
475
477
475
479
478
483
480
488
485
494
494
510
514
532
536
553
556
573
575
590
590
600
598
604
598
602
593
593
583
580
573
570
565
560
555
546
540
530
525
515
515
507
510
501
504
493
497
488
494
486
492
484
490
482
485
478
482
477
480
474
477
472
474
472
473
470
470
470
468
470
467
470
466
472
467
473
468
475
469
477
470
478
470
480
476
487
483
490
484
492
490
502
509
528
537
553
559
569
575
581
587
590
594
594
596
591
594
586
588
576
576
563
564
550
551
537
539
523
525
511
513
501
506
495
498
489
492
484
487
481
485
481
481
480
478
478
475
475
470
472
467
471
467
473
467
472
464
470
462
470
464
474
467
475
467
474
466
472
467
474
470
476
471
477
475
479
479
483
488
498
510
521
535
543
556
563
578
582
595
593
601
595
600
592
595
584
587
574
576
564
567
554
554
541
539
528
527
517
514
506
503
500
498
497
494
493
488
489
484
487
481
485
478
483
474
478
470
475
467
474
466
472
464
469
461
467
461
467
463
468
466
470
467
469
468
468
470
469
474
473
476
473
478
477
488
491
508
513
531
535
554
558
575
576
589
584
593
588
594
588
591
582
581
571
569
559
555
547
541
536
528
523
515
512
503
503
493
494
483
487
479
484
477
484
475
483
472
478
469
476
469
476
469
475
466
470
462
466
461
465
462
464
463
463
465
464
467
464
467
463
467
462
469
465
473
467
477
473
487
489
507
511
533
538
558
561
578
579
592
591
599
595
598
592
591
584
581
574
569
563
555
552
543
541
531
528
516
514
502
503
492
496
486
492
483
489
480
486
477
481
472
477
469
474
467
471
465
467
463
464
461
461
462
459
461
458
462
458
462
458
464
458
465
458
466
460
468
462
471
464
474
470
483
487
505
514
533
541
556
563
575
582
590
594
595
596
592
592
586
585
577
577
567
567
556
557
544
544
530
530
517
517
504
505
494
496
487
488
479
481
475
478
472
472
467
465
462
460
459
455
455
451
455
451
456
450
454
445
450
444
453
449
459
450
457
446
452
445
455
450
459
453
459
455
462
462
474
482
498
512
527
542
553
565
572
584
586
595
592
598
591
594
583
586
573
576
563
567
551
553
537
537
521
519
506
504
493
492
483
483
477
477
472
470
467
465
463
460
461
458
460
454
455
448
452
444
451
445
450
441
447
439
446
437
444
437
445
442
450
447
452
445
449
446
452
452
457
457
459
460
463
470
478
493
505
524
534
552
557
573
576
589
588
598
593
599
590
594
584
587
576
575
564
563
551
547
535
531
521
515
507
502
496
489
487
482
481
475
474
466
469
461
467
460
464
455
459
451
459
452
459
450
455
446
450
444
450
446
451
446
449
447
450
451
453
454
452
453
450
454
451
457
454
461
458
466
459
469
466
481
485
505
510
533
539
558
563
580
582
594
592
598
593
596
591
591
586
582
575
568
563
554
551
540
536
525
523
511
510
495
494
481
485
476
483
474
478
466
470
459
464
457
463
456
460
452
454
447
449
446
449
447
448
447
446
447
445
448
445
450
447
453
449
456
450
458
452
461
454
463
455
464
458
467
462
470
465
474
472
485
489
505
514
530
540
553
563
572
581
586
594
593
596
590
593
585
587
576
576
564
564
550
551
537
537
523
522
509
508
498
498
487
487
479
480
474
475
471
470
468
467
468
465
464
459
461
455
459
453
456
449
454
447
453
448
455
447
453
445
452
446
453
450
457
453
458
455
459
457
462
462
464
464
464
467
467
472
472
480
480
493
498
Loop stopped.
