Output started
30000
508
506
505
505
504
505
505
504
504
504
503
504
505
506
506
508
508
510
510
511
512
513
513
514
515
516
515
515
515
515
516
516
517
519
522
526
534
541
550
558
567
575
582
589
596
599
603
604
605
603
600
596
593
589
584
579
575
570
565
559
555
550
547
543
540
537
535
532
531
529
530
530
529
529
528
528
528
526
526
524
524
522
520
518
516
514
512
510
508
507
506
506
504
504
503
503
502
502
501
502
500
502
501
501
501
502
503
506
506
509
509
510
510
511
511
513
514
515
516
518
517
518
517
517
517
517
516
516
517
519
524
530
536
544
552
561
571
580
587
594
600
603
605
604
604
600
598
594
591
587
582
576
571
564
560
554
551
546
544
539
537
533
533
531
530
530
530
530
530
529
529
529
528
526
525
524
523
521
519
518
517
516
514
513
511
508
507
506
504
504
504
504
504
503
501
502
500
500
500
501
501
504
504
506
507
509
509
511
511
513
513
515
516
518
518
520
519
521
520
520
521
521
520
522
523
527
532
541
550
561
571
581
589
596
602
605
606
606
606
602
600
596
592
586
580
576
571
565
561
555
552
547
544
540
537
533
532
529
530
528
528
527
528
527
528
527
527
526
526
524
523
521
520
518
517
516
515
513
513
512
511
509
509
507
507
506
504
504
505
505
505
505
505
505
505
506
505
506
506
508
508
509
511
512
512
514
515
517
517
518
519
520
520
521
521
523
522
523
524
528
535
544
553
564
575
586
594
603
608
614
616
617
616
614
610
606
600
596
590
585
578
572
566
562
557
553
549
545
540
538
536
533
532
530
531
532
533
532
532
529
528
527
526
524
523
520
520
518
516
515
514
512
511
508
507
504
504
502
502
500
500
499
500
499
499
499
498
497
497
497
498
500
501
502
505
506
507
509
511
512
513
514
515
515
515
515
515
516
515
517
517
519
519
523
527
535
544
556
567
580
590
600
607
614
617
618
618
618
615
610
605
600
594
589
582
578
573
568
563
559
554
549
544
540
536
532
528
525
525
524
523
522
522
521
520
519
518
517
515
513
512
510
509
506
505
503
501
499
498
495
494
492
491
489
490
489
490
490
490
490
490
489
490
489
490
490
491
492
493
494
496
497
498
498
498
499
501
501
503
503
503
503
503
504
505
505
506
507
509
514
521
531
542
556
567
580
590
601
607
614
618
619
619
618
614
611
606
602
596
591
585
580
572
567
562
557
552
546
540
537
532
528
523
522
520
519
517
517
515
515
514
512
511
508
507
505
503
502
500
498
496
494
492
490
488
486
486
483
483
481
481
480
480
480
480
481
482
483
484
484
486
486
488
488
489
490
491
492
493
494
495
495
496
496
498
499
500
500
500
501
502
502
504
504
505
504
504
505
506
507
508
509
512
517
525
535
548
561
574
587
599
609
618
626
628
630
629
625
621
617
610
605
598
593
586
581
575
569
561
557
550
546
541
537
533
531
528
525
522
522
520
520
520
519
517
516
515
513
510
507
504
502
499
497
495
493
492
490
489
487
485
483
483
481
480
480
480
479
480
480
481
480
482
483
484
485
487
486
488
488
489
490
492
491
493
495
496
497
497
498
499
499
500
501
501
501
501
502
502
502
504
503
504
504
505
505
507
508
510
514
520
528
538
549
563
577
590
603
612
621
626
631
632
630
627
624
619
614
607
602
594
589
582
576
569
564
558
553
547
544
538
535
531
528
525
524
523
522
521
522
521
519
517
516
513
512
509
508
505
504
502
498
496
495
493
491
490
489
488
487
486
486
486
484
485
484
484
484
484
484
485
485
486
486
487
487
489
490
492
493
493
493
494
495
496
496
497
497
498
497
498
497
499
499
500
501
502
504
506
506
508
509
509
509
511
513
513
516
518
522
528
536
546
559
571
584
595
606
615
623
627
629
626
625
620
614
608
603
596
591
583
578
572
567
560
555
549
546
540
537
532
531
527
526
525
525
523
522
521
522
519
519
516
516
513
513
511
509
507
505
503
501
499
497
495
493
492
490
490
488
487
487
486
487
487
487
488
487
488
488
489
488
490
490
492
492
494
495
497
496
498
499
499
499
502
502
503
503
504
504
505
505
506
508
509
510
510
510
511
511
512
512
514
516
520
525
533
542
554
567
579
591
601
610
617
622
623
622
620
618
612
608
601
597
590
584
579
574
568
562
556
552
547
543
539
536
533
530
528
528
527
528
526
526
525
524
521
521
519
518
517
516
514
513
510
509
507
505
503
501
500
499
498
496
494
492
492
490
491
491
491
490
490
490
491
492
495
495
496
496
498
497
499
498
500
500
501
502
503
503
505
505
507
506
508
508
509
509
511
511
512
511
512
511
512
513
513
514
518
522
528
536
547
559
572
585
598
609
618
625
629
631
630
628
623
620
615
609
602
595
588
583
576
571
564
560
554
549
544
541
536
534
532
530
528
528
527
526
526
526
525
524
523
522
520
520
517
515
513
511
509
507
505
503
501
499
498
496
495
494
492
490
490
490
490
489
489
489
490
491
491
492
493
493
494
494
495
495
496
496
498
499
500
501
502
502
503
504
504
503
505
505
506
505
507
507
508
508
509
508
511
514
517
522
530
541
554
567
581
594
606
617
625
630
633
634
632
629
624
621
613
607
600
594
587
583
576
570
563
558
551
547
542
538
534
533
531
531
530
530
528
529
527
527
525
523
521
519
516
515
511
509
506
504
501
499
498
495
493
491
489
487
486
485
484
484
483
483
483
483
484
484
485
485
488
488
490
490
492
492
494
495
498
498
499
500
501
501
502
503
505
505
506
504
506
506
507
506
509
507
509
509
512
515
523
532
546
560
575
589
602
614
623
629
633
635
634
629
624
618
611
604
596
589
581
574
566
560
553
547
540
535
531
529
526
524
522
522
521
522
521
521
519
518
516
516
514
514
512
510
507
504
502
500
497
494
492
491
488
486
484
483
481
481
481
481
481
482
482
482
482
483
485
486
488
490
492
492
494
496
496
497
498
498
501
501
503
504
506
505
505
504
505
504
504
504
505
504
507
509
515
524
537
552
568
583
598
610
623
629
635
636
637
634
631
625
619
612
605
598
591
584
578
572
565
559
553
547
542
537
533
529
525
522
520
518
516
515
513
512
511
510
507
507
505
503
500
497
494
491
487
486
483
482
479
479
477
477
476
476
474
474
473
475
474
473
474
475
475
475
476
477
478
479
480
482
483
483
485
487
488
488
490
491
492
492
492
493
493
493
494
495
497
499
504
511
522
535
551
567
585
599
614
623
632
634
635
634
632
627
622
614
609
602
596
589
585
579
573
567
561
554
549
542
537
532
527
524
521
519
516
514
512
511
509
508
505
503
500
498
495
493
489
487
483
481
477
477
474
471
469
468
466
465
463
464
463
462
462
463
462
463
464
466
466
468
469
471
472
474
473
475
477
479
480
480
482
482
483
484
485
485
487
488
489
489
490
490
491
493
499
506
518
531
547
564
581
597
612
623
632
635
638
636
635
630
626
620
614
607
601
595
589
583
577
569
565
557
551
544
540
534
529
524
521
517
516
513
511
509
507
504
502
500
497
494
491
488
486
484
481
478
475
473
471
469
467
466
464
464
463
463
462
463
463
464
463
463
463
465
465
467
467
469
469
471
472
475
474
475
474
474
474
475
479
482
484
486
487
490
492
492
492
494
495
496
498
502
511
521
534
550
566
582
599
612
622
631
636
637
637
635
631
626
621
614
607
601
595
589
584
576
571
564
558
551
544
538
533
527
523
519
517
513
512
509
507
506
505
502
500
496
494
491
490
486
485
481
481
477
476
472
470
469
466
465
466
466
465
465
465
464
464
465
466
467
468
469
468
470
472
474
475
477
477
479
479
480
481
483
484
484
485
487
488
490
490
493
493
494
493
493
494
494
495
498
501
507
516
528
541
557
573
587
603
614
624
631
635
636
634
631
627
621
616
611
605
600
594
587
582
575
570
564
559
552
548
541
537
532
528
524
522
519
518
516
515
512
510
507
505
501
498
495
493
490
489
486
485
482
481
477
476
473
473
471
470
470
469
469
469
470
470
469
471
472
472
474
475
476
477
479
479
480
481
483
483
485
485
487
486
488
489
491
492
494
494
496
497
498
497
498
498
500
499
503
506
511
517
528
540
555
570
586
601
613
622
630
633
636
635
632
627
623
618
613
606
601
595
589
584
578
572
565
560
553
548
543
540
534
531
528
527
524
522
521
521
518
518
515
513
510
508
503
501
498
495
493
491
488
487
485
482
480
479
478
477
475
475
474
473
474
475
475
475
477
478
479
480
481
482
484
485
487
489
490
491
492
492
494
494
496
496
498
499
501
502
502
501
504
504
505
507
507
508
510
511
516
524
535
546
562
576
592
605
618
626
632
634
635
634
632
626
621
614
609
602
595
589
583
577
571
565
559
553
548
543
538
534
532
530
527
526
523
523
522
521
519
519
517
515
513
510
507
506
503
501
498
496
494
492
488
488
485
484
482
481
480
480
479
480
479
479
479
480
481
482
482
484
485
487
489
490
491
492
493
495
497
498
499
500
500
501
502
502
502
503
505
505
506
508
513
522
536
549
566
582
599
611
623
630
636
636
637
634
631
624
619
612
606
598
592
586
580
572
567
560
555
548
543
538
533
528
525
521
520
519
518
518
517
515
513
512
510
508
505
503
500
497
494
491
488
487
484
482
479
478
475
475
472
472
471
473
472
473
473
474
474
475
475
476
478
480
481
483
484
486
487
490
490
492
493
494
494
495
493
493
494
494
496
497
500
507
516
530
545
563
579
596
610
622
630
635
636
636
634
629
625
618
612
604
600
592
587
581
576
569
564
557
550
544
538
532
528
524
520
516
515
512
512
509
509
505
505
502
499
497
496
492
491
488
485
483
481
478
476
475
473
472
470
469
468
468
468
468
467
467
467
467
467
470
470
473
474
476
476
477
479
481
481
484
484
487
487
488
489
491
490
492
492
493
494
497
503
514
527
541
558
576
592
606
617
626
631
634
634
631
628
622
616
610
604
597
592
586
580
575
570
563
557
550
545
538
534
528
525
520
518
514
513
510
510
507
506
503
501
497
495
491
489
486
485
482
481
479
477
474
472
469
468
465
464
462
461
460
460
459
460
460
461
462
464
465
466
468
470
472
473
474
476
476
477
479
481
482
482
485
485
486
486
488
488
489
489
491
491
495
499
507
519
534
551
570
586
603
617
629
636
642
642
641
637
633
626
621
614
608
601
596
588
582
575
569
562
555
547
542
536
530
526
523
518
515
513
510
509
507
506
503
501
498
496
492
490
486
484
480
478
476
474
472
472
470
468
466
466
465
464
463
464
463
464
464
465
466
466
466
469
469
471
472
474
474
476
478
480
482
482
483
484
485
485
486
487
489
491
492
492
494
495
495
495
497
496
498
500
505
511
521
533
549
565
583
597
612
623
633
637
641
640
638
633
629
622
617
610
604
596
591
584
577
570
562
556
551
543
539
533
530
524
521
519
516
514
512
512
510
508
506
503
501
498
496
494
490
487
485
483
480
479
477
476
473
473
471
470
469
469
468
468
469
470
470
471
472
473
474
477
476
478
478
480
482
484
484
486
486
488
489
491
491
493
492
494
495
496
496
497
498
498
499
500
500
502
504
507
512
521
530
543
558
573
589
601
613
622
629
630
632
628
625
618
613
606
600
593
588
582
577
571
566
559
553
547
543
537
534
529
527
523
521
520
519
517
517
515
516
513
513
512
510
507
504
503
501
499
496
494
491
490
487
486
484
483
482
481
480
480
480
481
481
482
482
485
484
486
486
488
489
491
491
492
492
494
493
495
495
497
498
500
500
502
504
506
506
508
508
510
511
512
512
513
515
519
527
539
553
567
581
594
606
613
618
621
621
618
614
609
605
598
593
584
579
571
567
560
556
549
545
538
533
529
526
523
522
520
520
518
519
519
519
518
518
516
516
514
513
509
508
506
504
501
498
495
494
492
491
489
489
489
487
487
486
486
486
486
486
488
489
490
492
493
493
495
497
498
499
502
502
504
504
507
508
510
509
510
510
512
512
513
513
515
514
515
518
524
531
543
557
572
586
600
611
621
626
630
631
631
629
625
620
615
611
605
599
594
589
584
579
572
566
561
555
549
545
540
536
533
531
528
528
526
525
523
521
520
518
516
514
511
508
505
503
499
497
494
492
489
488
485
484
482
481
479
479
480
479
479
480
479
479
480
481
482
484
485
486
488
490
491
492
493
492
493
494
495
495
497
497
498
498
499
499
501
502
504
506
509
516
528
540
556
572
589
602
616
624
631
633
635
633
632
627
623
616
611
605
599
592
588
583
579
572
567
560
554
548
543
537
533
529
524
522
519
518
516
514
513
511
508
506
503
501
497
495
492
488
485
484
481
479
477
476
474
472
470
470
469
469
469
469
469
471
471
473
473
475
476
478
479
482
483
485
487
488
489
491
492
494
494
495
496
496
496
496
497
496
498
501
506
513
525
539
556
572
587
600
612
620
627
629
631
627
625
619
615
610
603
598
593
588
583
577
571
564
558
551
547
541
536
530
527
522
520
517
515
512
511
509
507
505
505
503
500
497
496
495
492
489
Loop stopped.
