Output started
30000
668
691
704
716
723
730
733
736
735
734
731
728
723
720
715
711
705
700
693
687
680
674
667
663
657
653
650
647
645
643
639
636
632
628
625
621
618
615
613
610
608
604
602
598
596
594
592
591
589
588
588
586
586
584
585
583
584
583
584
583
584
583
585
584
585
585
587
587
589
589
591
592
594
594
595
595
595
598
598
599
601
602
604
604
604
606
606
607
607
608
607
610
611
619
624
633
645
658
671
685
697
708
716
723
729
733
734
734
733
731
726
724
719
715
710
705
700
694
686
681
675
669
663
658
653
650
648
644
642
639
638
635
635
632
630
628
625
622
620
617
614
611
608
605
603
600
598
596
594
591
591
589
588
586
586
586
586
584
583
582
582
582
581
581
580
581
581
582
583
585
587
589
592
595
598
600
602
604
605
606
606
607
607
608
609
610
611
611
613
613
614
615
616
617
621
624
628
635
646
655
669
682
695
706
716
724
730
733
737
736
736
734
730
727
722
719
714
709
703
698
693
688
681
675
670
665
660
655
651
647
642
640
637
635
632
631
630
627
624
622
619
617
614
613
610
609
607
606
602
602
599
599
597
597
595
594
593
593
592
593
592
592
593
592
593
593
595
595
596
596
597
598
599
599
599
598
601
600
601
601
604
605
608
607
610
610
612
613
615
616
617
617
619
618
619
619
621
625
630
638
647
657
669
679
691
700
708
715
719
722
722
723
719
718
713
709
704
701
696
693
688
684
677
673
667
662
657
655
651
649
647
647
644
644
642
642
640
639
637
636
634
633
631
629
627
625
623
620
617
615
613
611
611
609
607
606
605
603
602
601
601
600
601
601
603
603
604
603
605
604
605
606
608
607
610
611
613
613
614
615
616
618
619
619
620
618
619
618
617
617
617
617
619
621
626
633
642
653
664
677
687
698
706
713
719
722
722
721
719
715
712
708
704
700
695
690
685
680
676
671
667
663
658
654
651
648
646
645
642
641
641
640
639
637
635
634
631
629
627
624
622
619
617
615
611
609
606
604
601
600
598
596
594
593
593
594
595
595
596
595
596
595
595
597
598
600
599
601
601
603
604
605
605
606
606
608
610
612
612
614
615
615
615
615
615
615
616
617
619
623
629
638
650
662
675
687
698
707
717
721
727
729
730
728
726
723
720
716
712
707
703
698
693
688
683
677
671
665
660
654
651
646
642
639
636
634
632
632
631
629
628
627
626
625
623
622
618
615
613
611
608
606
603
602
600
599
597
597
596
596
595
596
594
596
596
598
597
599
598
600
599
601
601
602
603
602
602
603
604
604
605
605
606
606
607
609
610
611
612
611
612
611
613
613
616
619
624
628
638
648
661
672
686
699
711
718
726
730
733
733
732
728
726
721
717
712
709
704
699
694
689
683
677
672
667
661
655
652
647
644
640
637
635
634
631
628
627
626
624
623
621
619
617
616
612
610
607
606
604
602
601
600
598
598
597
596
595
595
594
593
594
595
595
596
596
597
597
598
598
600
600
600
601
603
604
605
604
605
606
606
606
607
608
609
610
611
612
612
613
614
614
615
616
618
619
621
624
630
636
645
657
669
682
694
704
714
721
726
730
731
731
729
727
725
720
716
711
706
702
696
691
685
681
675
671
666
661
655
651
647
646
642
641
639
638
636
635
632
631
630
629
627
625
624
623
619
618
615
615
613
613
611
609
608
608
606
605
604
604
604
604
604
604
604
605
605
605
606
607
608
607
607
608
609
609
610
609
611
611
612
612
614
614
615
615
617
617
618
618
618
618
619
618
618
619
620
620
623
627
633
639
650
660
674
685
697
707
716
724
728
730
731
730
728
726
723
720
714
710
703
699
694
691
686
682
675
671
665
661
655
653
649
647
644
643
639
639
636
637
635
636
632
631
628
626
624
623
622
620
618
616
613
611
608
606
604
604
603
602
602
601
601
601
602
601
601
602
603
603
603
604
605
606
607
607
609
609
610
610
612
611
612
613
614
614
616
615
616
618
619
618
619
619
619
620
621
620
620
621
622
625
627
634
641
650
660
672
684
696
707
716
723
727
730
730
730
728
723
720
715
710
706
701
697
693
687
684
678
674
668
664
659
655
651
648
646
644
642
640
639
638
637
634
634
632
630
629
628
625
623
621
618
616
616
614
613
611
611
609
607
606
606
605
604
604
604
604
604
604
605
606
607
608
608
610
610
611
611
613
613
615
614
615
615
617
618
619
619
619
619
622
621
622
622
623
624
624
626
625
626
625
627
627
629
631
637
644
655
666
679
691
703
714
724
730
736
737
738
736
735
729
726
720
716
711
707
701
696
691
686
681
675
670
665
660
656
653
650
649
646
645
644
643
641
640
638
636
634
633
631
630
627
627
623
623
619
619
616
616
614
613
610
610
610
610
609
609
608
609
608
609
609
609
608
609
608
609
609
610
611
610
611
611
611
612
613
613
612
613
613
612
614
613
614
614
616
616
618
617
619
617
619
619
621
621
624
625
630
636
645
654
666
677
690
700
710
717
724
728
729
729
726
723
718
714
710
705
700
694
689
683
678
673
668
664
659
654
650
649
647
646
645
645
643
645
644
644
642
643
640
639
636
635
633
631
628
626
622
620
619
618
617
616
616
613
612
611
610
610
609
610
609
610
610
609
610
610
612
612
612
612
614
613
613
614
615
616
616
617
617
618
618
618
618
618
619
620
619
620
620
620
620
620
621
622
625
629
638
648
659
672
684
697
707
716
721
727
729
731
730
727
725
721
715
709
704
698
694
690
685
680
674
670
665
660
657
654
651
647
646
645
644
642
643
639
638
637
635
634
632
631
630
628
625
622
620
618
617
615
614
611
610
609
608
608
606
606
606
606
607
607
606
606
606
607
606
607
607
607
606
607
606
608
608
609
609
609
608
609
610
612
611
612
612
612
611
613
612
614
615
618
621
629
637
649
661
676
688
700
711
718
724
728
731
730
730
726
723
718
714
709
705
700
698
691
688
682
677
671
666
659
654
648
646
641
639
636
636
635
634
632
630
629
628
626
623
620
618
616
614
610
606
605
602
600
598
597
595
595
592
592
590
590
589
589
588
590
590
591
590
591
592
593
593
594
595
597
596
598
598
599
600
600
601
603
604
605
605
607
606
606
606
606
606
607
609
611
618
625
637
649
663
676
689
702
712
721
727
731
733
730
729
725
722
718
715
711
707
702
698
693
688
682
676
669
663
656
650
645
641
637
635
632
629
627
626
624
622
621
619
617
614
612
609
607
604
603
600
598
596
594
593
591
589
588
587
586
586
585
585
584
585
585
585
585
586
587
588
588
589
590
589
590
591
592
593
593
594
595
596
597
598
599
600
601
602
603
603
604
603
602
603
605
606
609
612
618
625
637
648
664
678
692
704
715
722
728
731
733
732
732
729
726
721
719
713
710
704
701
695
690
684
678
671
664
658
653
647
643
640
636
634
632
630
627
626
623
622
619
619
616
615
613
612
608
607
604
603
600
600
597
596
594
595
592
592
591
591
590
590
590
589
589
588
587
588
589
590
590
590
590
589
590
590
590
591
593
593
594
594
596
597
598
598
600
600
602
603
604
605
607
607
609
609
611
610
610
609
611
612
614
616
623
631
642
654
669
682
696
708
719
725
731
736
737
736
734
731
727
723
719
715
710
705
701
697
692
687
679
673
667
662
655
653
648
645
642
641
638
637
634
633
629
628
624
622
620
618
616
615
611
610
606
604
602
600
598
598
595
594
593
592
591
589
590
590
591
590
590
590
591
590
591
590
590
591
592
593
593
594
593
593
595
595
596
598
598
599
600
600
602
602
603
604
605
607
607
608
609
610
611
612
612
612
612
612
613
614
615
617
621
625
633
643
656
669
684
696
708
718
726
733
736
737
736
735
732
728
725
719
716
711
707
703
698
692
687
681
676
671
665
661
656
652
649
645
644
642
640
639
637
636
634
633
632
630
627
625
622
621
618
617
614
611
609
608
605
605
603
601
599
600
598
598
598
598
597
597
597
598
597
598
598
599
599
600
600
601
601
602
602
604
604
604
604
605
605
606
607
607
608
608
609
609
610
610
612
614
615
615
616
615
617
616
617
616
618
620
624
628
636
644
656
667
681
694
708
719
728
734
739
740
742
741
739
735
732
727
722
717
714
708
704
698
693
686
679
674
668
664
658
654
649
646
643
641
638
637
635
634
632
632
629
627
624
624
622
621
618
617
614
614
610
609
607
606
604
604
601
600
599
598
598
597
597
597
598
597
598
598
598
599
598
600
601
602
603
603
604
604
605
605
607
608
609
608
610
609
611
611
612
613
614
614
616
616
618
619
619
619
620
619
620
619
621
623
625
630
637
645
655
668
683
696
708
721
729
737
742
744
745
744
741
737
732
727
722
717
713
708
704
698
693
688
681
676
669
663
658
654
650
647
644
641
638
638
636
634
632
631
628
627
626
623
620
618
616
613
611
608
606
605
602
602
601
600
599
598
598
598
598
597
598
598
598
598
598
598
599
599
599
599
600
601
601
604
604
605
605
607
607
608
608
609
610
611
611
612
613
614
614
615
616
616
617
618
618
618
619
619
619
621
624
629
638
648
661
675
689
703
717
727
737
742
746
748
747
745
743
738
734
728
722
715
711
703
700
691
687
680
675
668
663
658
655
651
648
646
644
643
642
641
640
638
636
635
632
631
626
625
622
621
617
615
611
610
607
606
603
603
599
599
597
597
595
595
593
594
593
594
593
593
593
593
592
593
594
595
596
598
598
598
600
601
601
602
603
603
603
604
606
606
607
607
609
609
610
610
611
611
613
611
613
612
614
616
620
625
634
644
659
674
690
704
718
728
738
744
748
750
750
746
743
738
734
728
721
717
711
706
698
693
686
679
673
667
661
657
653
649
644
644
640
640
637
637
634
634
631
628
624
623
619
618
614
611
608
606
603
602
599
598
595
594
593
593
591
591
591
591
591
591
591
590
591
592
592
593
594
594
596
596
597
596
598
598
599
598
599
601
601
602
601
603
603
604
605
606
607
607
607
608
609
609
609
611
610
613
616
621
629
639
653
668
683
698
712
723
732
738
743
745
747
745
741
738
733
727
722
716
712
706
701
694
689
682
675
669
663
658
653
649
646
643
641
638
638
636
635
632
631
627
625
623
621
618
616
613
610
607
605
603
601
599
597
596
594
594
592
591
590
590
589
589
590
591
590
591
589
591
590
591
592
594
594
595
595
597
598
598
598
600
601
602
602
603
604
605
604
606
607
608
608
609
608
610
610
612
614
618
624
632
644
658
673
688
703
715
727
734
742
744
747
745
744
739
735
728
725
719
715
709
705
698
693
684
679
671
665
657
653
648
646
642
640
638
636
634
634
632
629
626
623
620
618
615
612
609
606
603
601
599
596
594
591
590
588
587
585
584
583
584
584
585
585
587
586
588
588
589
590
592
591
592
593
594
595
597
598
600
601
603
604
606
606
607
608
609
609
609
610
609
609
609
610
611
612
616
622
629
641
653
666
680
693
703
714
722
727
730
731
728
726
722
716
711
706
701
696
690
685
678
672
666
660
655
652
649
645
642
640
639
638
638
637
637
635
635
633
631
629
628
626
623
620
618
615
612
609
607
605
602
600
599
598
598
597
596
596
596
597
598
598
599
600
600
600
600
602
603
604
606
606
607
608
609
610
611
611
612
611
612
613
613
613
612
613
613
612
612
613
615
619
628
635
647
660
675
687
700
710
719
725
730
732
733
731
730
725
723
718
715
708
704
699
694
688
683
676
671
663
657
652
647
644
642
640
639
638
636
635
634
631
629
627
624
623
618
616
613
611
607
606
603
602
599
598
595
594
591
591
590
590
588
589
588
589
588
588
587
588
588
590
590
592
592
594
594
597
597
599
600
601
601
602
602
603
603
603
603
603
605
605
608
612
618
626
638
651
668
682
697
709
721
727
735
737
739
738
737
734
732
728
726
722
719
714
708
703
697
690
683
674
666
658
652
647
643
640
637
634
632
630
628
626
624
623
619
617
613
611
607
606
601
599
595
592
590
589
586
586
584
583
581
581
580
580
579
580
582
582
581
582
583
583
583
584
586
586
588
588
590
591
592
592
593
593
594
595
596
595
595
595
595
594
594
597
598
603
612
622
635
649
667
682
697
710
722
730
737
740
742
742
739
737
734
731
728
726
722
718
714
709
702
694
686
677
668
661
654
648
643
639
636
635
631
628
625
622
618
614
610
606
602
599
596
592
591
588
585
582
579
578
576
574
572
571
570
570
570
570
570
570
570
570
572
572
573
574
575
576
577
579
579
580
581
582
582
584
585
585
585
588
590
592
593
593
596
597
597
598
598
598
597
598
598
598
600
603
605
612
621
634
646
664
680
697
711
726
737
745
750
753
753
752
749
746
742
738
736
729
725
719
714
707
700
690
682
673
665
657
650
642
638
632
629
624
622
618
616
612
609
606
603
598
595
591
588
586
583
579
577
573
571
569
569
566
566
565
566
565
565
565
564
566
566
567
568
569
569
571
573
574
575
577
576
578
579
581
582
585
586
588
587
589
589
590
590
592
592
595
595
597
597
600
599
602
604
605
606
607
608
609
610
612
612
612
612
614
Loop stopped.
