Output started
30000
481
474
472
471
472
471
472
471
471
470
470
471
470
470
469
469
469
469
469
468
468
469
467
467
467
468
467
469
469
470
469
470
469
469
470
470
471
472
472
471
470
471
471
474
478
483
487
492
496
501
504
507
509
511
510
511
510
509
508
508
506
505
504
501
500
499
497
496
495
493
492
490
489
487
487
487
487
486
487
486
487
485
486
484
485
484
484
482
482
480
481
479
479
477
476
473
472
472
473
473
472
471
471
470
469
468
468
468
468
467
467
467
468
468
467
468
469
469
469
470
471
471
470
471
470
469
470
474
477
482
485
491
496
501
504
509
509
512
514
514
514
515
513
513
510
507
505
505
503
503
500
499
497
496
495
494
492
491
489
489
488
489
486
486
485
485
484
483
483
482
482
482
481
480
479
477
477
475
474
473
474
472
471
470
469
467
467
465
466
465
467
465
465
464
465
465
465
465
467
466
466
467
467
468
469
468
468
469
469
470
470
469
468
467
466
466
470
473
478
481
487
490
496
501
505
507
509
510
511
511
510
510
508
508
507
506
504
503
501
502
500
499
497
496
495
494
491
490
488
488
486
486
486
486
484
485
484
484
482
481
480
480
477
477
476
476
475
473
471
471
469
469
468
469
467
467
466
465
464
465
465
465
465
465
464
464
465
465
465
465
465
464
465
464
465
466
467
467
466
466
467
468
469
468
469
467
466
466
469
472
476
480
486
490
495
499
502
506
510
511
512
512
513
512
513
509
508
505
504
502
501
499
498
496
496
493
493
491
491
490
489
488
487
486
485
484
483
483
482
482
480
481
480
480
477
477
475
475
473
473
471
471
469
469
467
466
465
465
464
464
463
464
463
463
462
462
462
462
462
463
462
463
463
464
462
464
465
465
465
463
465
464
465
465
466
466
467
465
466
465
466
468
472
474
480
484
489
493
498
501
504
505
507
507
507
505
505
503
502
500
499
496
496
494
493
491
490
489
487
485
485
483
483
482
483
483
483
483
484
483
483
483
481
480
480
478
478
478
477
477
476
476
475
475
473
471
470
470
468
469
468
469
466
468
465
465
465
466
466
467
466
468
467
468
468
469
469
470
470
470
470
471
471
471
472
473
474
474
473
472
471
472
474
478
482
487
493
498
503
507
509
512
513
515
516
517
515
514
513
511
509
506
506
504
504
502
500
498
498
496
494
492
490
489
489
487
488
486
487
486
487
486
487
486
486
482
482
480
480
478
479
476
476
474
474
471
471
470
469
467
468
467
466
465
465
464
464
464
464
465
465
465
465
465
466
468
467
468
468
469
467
470
468
471
471
473
471
471
469
471
471
476
479
483
489
495
499
505
508
513
515
517
517
518
516
515
514
513
510
508
506
505
503
503
502
501
499
499
497
495
494
492
490
490
489
488
488
486
486
485
485
483
483
481
480
478
479
476
476
473
473
470
470
467
468
465
465
463
463
462
463
462
462
460
461
461
460
462
462
462
463
463
464
463
463
463
466
466
467
467
466
466
467
468
470
470
469
469
467
469
470
473
477
482
487
494
499
505
509
513
515
518
518
519
517
517
515
514
511
510
507
507
504
504
502
502
500
498
496
494
492
490
488
485
484
484
483
482
480
480
477
478
476
474
474
472
471
470
467
466
466
465
464
463
462
461
460
459
459
458
457
456
457
457
457
457
457
458
458
458
460
459
460
461
461
461
461
462
464
463
464
464
461
457
456
456
457
459
462
464
466
464
467
468
472
476
483
488
495
500
504
509
514
517
520
520
521
519
519
519
517
516
513
512
511
510
507
507
503
502
500
499
496
494
491
490
487
485
483
483
481
481
480
480
478
478
476
476
473
473
471
470
468
469
467
467
465
466
464
464
463
463
462
461
461
461
460
461
461
460
460
460
461
460
461
461
461
461
461
461
462
461
462
462
462
462
463
462
464
462
464
462
464
463
464
463
466
466
467
466
467
464
465
466
469
473
480
486
493
499
505
510
515
519
520
521
521
521
522
520
517
516
514
513
511
511
510
508
505
504
502
501
497
497
495
493
491
489
487
486
485
485
483
483
482
482
479
479
477
477
475
475
472
472
470
469
466
466
465
464
463
462
461
460
460
459
459
460
460
461
460
461
461
460
460
460
460
461
461
462
462
462
462
461
462
463
462
461
463
463
463
462
464
463
464
464
465
463
464
464
466
465
467
465
465
465
466
468
472
477
483
488
495
501
508
513
518
520
523
524
524
523
523
520
519
516
515
514
512
510
509
507
505
503
501
499
498
496
494
492
489
488
486
486
484
484
481
481
480
479
477
477
475
474
473
473
470
470
468
468
466
466
464
463
461
462
460
460
458
459
458
458
457
458
458
459
458
460
458
460
459
458
460
460
460
461
460
461
461
461
462
463
464
464
462
463
465
464
466
466
468
466
467
468
468
469
470
469
471
470
470
469
470
472
477
480
486
491
498
503
510
515
520
523
526
526
527
526
526
524
523
519
517
515
514
512
511
510
509
506
503
500
499
498
495
494
491
490
488
488
485
486
483
483
480
480
478
478
476
475
472
472
470
469
467
468
466
464
463
463
461
461
460
459
458
458
457
457
456
457
457
457
456
457
456
459
458
458
458
459
458
458
459
460
460
460
461
461
461
461
461
461
461
461
460
460
460
462
463
463
465
466
467
465
466
465
468
472
478
483
490
495
501
506
511
513
516
517
519
519
520
518
517
514
513
511
509
507
506
504
503
500
499
497
495
494
492
490
488
486
486
485
484
483
483
482
481
482
481
480
478
478
474
474
471
471
469
469
467
466
465
465
463
463
461
461
460
461
460
461
460
460
461
462
461
462
462
463
464
465
465
466
466
467
467
468
468
470
470
469
469
469
470
470
472
473
475
475
474
472
471
472
475
478
484
489
495
501
506
510
515
518
520
522
523
521
523
520
519
516
516
513
512
510
509
507
506
504
503
500
498
496
495
492
491
489
488
487
488
486
486
485
484
483
482
482
481
481
479
477
476
475
474
473
471
470
470
469
468
467
466
465
464
465
464
465
463
464
464
465
464
466
465
467
466
467
467
468
468
469
468
469
468
469
469
470
471
471
471
472
470
470
470
473
478
483
487
492
498
504
508
512
516
518
519
520
520
518
519
516
514
512
511
509
508
506
505
503
502
499
498
496
495
493
491
488
487
485
485
482
482
480
480
479
479
477
476
475
474
473
473
470
470
469
468
467
467
465
464
463
463
463
462
462
462
462
462
462
462
462
463
463
463
463
464
464
464
464
464
465
464
464
463
464
464
465
465
466
465
466
464
464
465
468
471
476
480
488
493
498
503
507
511
513
513
515
514
515
513
512
510
510
507
507
505
503
502
500
499
498
496
495
492
490
488
484
483
481
480
478
477
475
475
473
473
471
472
468
467
465
464
463
463
461
461
459
460
458
458
457
457
456
456
455
456
455
456
456
456
456
457
457
459
458
459
458
459
459
460
461
461
461
462
463
463
463
464
465
465
466
465
465
465
467
468
472
476
482
487
494
499
506
509
514
516
519
519
520
518
519
518
517
514
513
511
511
508
507
505
505
502
501
498
497
494
492
489
488
486
484
482
481
479
478
477
475
474
473
472
471
469
468
466
465
465
463
462
460
461
459
457
457
458
456
457
456
456
456
457
456
457
456
457
456
457
457
459
458
458
458
459
459
460
460
460
460
461
462
462
461
462
462
463
464
465
464
465
463
464
466
468
472
477
483
489
495
500
507
512
516
518
520
519
520
519
518
515
515
513
512
511
510
508
508
505
503
501
500
498
496
493
492
489
487
486
484
483
482
479
479
478
478
477
476
474
474
472
471
469
468
468
466
465
463
463
462
461
460
459
458
457
457
457
456
457
456
456
456
457
456
457
456
457
457
458
458
459
457
458
458
458
459
459
458
460
459
460
459
461
461
462
461
463
462
463
464
467
467
467
466
466
466
468
471
477
482
489
495
501
507
513
517
520
523
524
525
524
524
523
521
519
517
515
513
511
510
509
508
504
503
500
500
497
495
491
490
487
487
485
485
484
483
482
481
479
478
476
475
475
474
472
471
469
469
468
467
466
465
463
462
460
460
459
458
457
457
457
456
456
456
456
457
457
458
458
457
458
458
458
458
460
459
461
461
461
461
461
461
461
461
464
464
465
463
465
462
464
464
466
466
468
468
469
468
467
468
471
474
480
485
490
497
503
509
514
517
520
520
521
521
522
520
518
517
514
511
510
508
506
507
505
503
499
499
496
494
493
491
488
487
485
485
482
481
479
480
479
479
477
476
475
475
474
474
471
471
468
467
467
466
465
464
463
462
462
461
460
460
459
460
458
459
459
459
459
459
460
459
460
461
461
461
462
462
463
463
464
464
465
463
464
463
464
464
466
465
466
465
466
467
467
467
469
468
468
466
467
468
470
472
477
481
487
491
498
503
508
511
516
517
519
519
520
519
519
517
514
511
509
508
506
505
504
502
501
500
497
495
493
491
489
488
486
486
485
485
483
484
482
481
480
480
479
479
477
478
476
475
473
473
470
469
468
468
467
466
464
464
462
462
461
462
462
462
462
461
461
461
461
462
462
462
462
462
463
463
464
464
465
464
466
465
466
466
466
466
466
465
466
465
466
465
467
468
470
468
470
469
469
470
472
475
479
484
490
494
500
503
508
511
513
515
517
516
516
515
515
512
510
507
505
504
503
501
500
497
496
493
493
491
490
488
488
488
487
488
486
486
485
485
484
485
484
484
483
482
481
481
479
479
477
476
475
475
473
473
472
472
470
471
470
470
468
467
467
468
468
469
467
469
469
470
471
471
469
470
471
472
472
473
472
472
473
472
473
473
473
475
476
476
476
476
475
474
476
478
480
484
490
494
500
504
509
512
515
516
520
519
519
517
516
513
512
508
507
504
504
502
501
499
498
495
494
492
490
490
489
487
487
486
486
485
485
485
484
483
483
483
482
481
481
480
478
478
477
476
475
474
472
473
471
471
469
470
468
469
467
468
467
469
468
468
467
467
467
468
469
470
469
471
470
471
470
471
470
471
471
473
474
475
475
475
474
473
472
475
477
481
485
490
496
501
506
510
514
516
517
519
520
520
520
519
516
514
511
509
509
507
506
504
503
500
499
497
497
495
494
492
491
489
489
487
486
485
485
484
484
485
484
483
483
481
481
479
479
477
476
475
474
473
472
472
470
469
468
467
466
466
466
466
465
465
466
466
466
467
466
468
469
470
469
470
469
470
468
470
470
471
472
472
470
471
470
471
472
474
478
483
488
494
499
504
507
511
512
515
515
516
515
514
512
511
508
507
504
503
501
500
498
497
497
496
495
492
491
488
488
486
486
485
484
483
483
482
482
481
481
479
479
477
476
474
474
472
471
469
468
466
466
464
465
464
463
462
463
462
463
461
462
462
463
463
464
463
464
464
465
466
467
467
467
466
466
466
466
467
468
468
469
469
468
468
468
471
474
478
481
487
491
498
502
508
509
512
512
513
512
512
511
510
508
507
503
502
500
500
499
499
495
496
493
492
490
488
486
489
485
482
480
479
477
476
476
476
475
475
474
473
472
471
470
469
469
467
466
466
466
464
465
464
463
462
462
461
461
461
462
461
461
461
462
462
463
463
464
463
464
464
465
465
467
465
467
467
465
466
467
467
469
468
470
468
468
467
468
470
475
478
484
490
499
502
508
512
514
515
516
515
516
515
509
507
505
506
502
502
502
503
501
500
498
497
494
493
491
490
488
487
484
485
481
478
476
477
476
476
475
475
473
474
472
471
471
471
470
470
468
466
464
465
465
464
464
464
462
462
463
462
462
462
464
464
464
464
464
464
465
465
468
467
469
467
468
467
469
467
469
469
470
470
470
468
470
470
472
472
473
472
472
470
471
473
476
479
484
487
493
498
503
508
512
514
517
517
518
517
516
514
512
509
508
507
506
504
503
503
500
500
499
497
495
494
493
491
488
487
486
485
485
484
484
482
481
480
479
479
477
477
476
475
473
473
470
470
469
468
467
467
465
465
464
466
465
465
464
463
463
463
463
463
464
466
464
465
465
465
466
465
466
468
467
468
468
469
469
469
470
471
471
470
471
471
473
472
472
473
473
475
477
478
481
483
488
492
494
498
504
508
515
516
520
522
523
522
522
516
513
510
510
507
507
505
504
502
502
500
499
497
495
494
492
490
489
489
488
486
486
485
484
483
483
484
482
481
479
479
477
477
475
477
476
474
472
472
471
469
466
467
466
467
465
465
464
465
464
468
466
465
464
467
466
470
471
471
469
470
469
469
470
470
470
470
469
469
470
469
470
470
470
469
470
470
470
471
471
471
471
469
469
469
473
476
478
480
487
491
497
503
509
511
516
519
522
520
522
519
518
515
512
510
507
504
502
502
500
499
498
500
500
498
493
489
488
488
489
489
489
487
482
480
479
480
479
478
479
478
477
476
474
473
474
474
470
469
467
466
465
466
465
465
463
464
463
463
462
463
462
463
462
463
462
464
462
463
463
465
463
465
464
465
464
465
465
464
465
466
466
466
466
469
467
468
468
469
469
470
470
470
470
471
475
478
483
488
495
500
506
510
515
517
520
521
522
522
522
520
518
515
513
Loop stopped.
