Output started
30000
419
404
398
396
396
393
392
390
389
385
384
382
381
380
378
378
377
377
375
376
375
377
376
378
379
380
381
382
382
383
383
385
384
387
386
389
388
389
389
391
390
392
391
393
391
392
390
392
390
391
390
391
391
392
391
392
392
393
393
395
396
399
403
410
418
430
442
455
469
480
488
492
493
489
484
476
468
458
450
440
433
425
420
414
411
406
405
401
402
399
400
399
402
403
405
406
410
411
412
412
413
411
410
408
406
403
401
398
396
392
389
384
381
379
377
375
374
373
370
370
369
368
369
369
369
370
370
372
372
374
374
376
375
376
376
378
377
378
378
380
379
381
381
383
383
385
384
386
386
387
388
389
390
393
393
395
395
398
400
406
412
422
434
447
461
474
485
493
496
498
495
490
482
473
463
454
443
435
427
420
415
408
405
401
399
396
394
392
393
393
395
396
399
401
404
404
406
405
407
406
407
404
403
400
399
396
395
391
391
388
388
386
386
385
386
386
386
386
387
387
388
389
390
391
393
393
394
395
396
396
397
398
398
400
400
401
400
403
403
404
402
403
402
404
403
404
402
404
402
403
403
405
405
409
413
422
431
444
457
472
483
495
501
506
504
502
495
488
477
468
457
447
437
428
420
416
410
406
401
398
395
392
390
388
388
390
392
393
396
397
398
399
400
399
399
396
396
393
392
388
387
384
383
380
381
379
379
378
378
378
379
379
381
380
383
383
386
386
387
386
388
389
391
392
393
393
394
395
396
396
397
397
398
398
398
398
398
398
398
398
397
398
397
399
399
401
400
403
405
411
417
426
436
449
461
474
483
493
496
497
492
487
477
468
458
449
438
430
423
417
411
407
400
397
394
391
388
388
385
386
386
388
390
393
394
396
395
394
395
395
394
392
391
390
389
387
387
385
385
383
383
381
383
381
383
382
385
384
385
385
387
386
388
389
390
389
391
391
392
392
394
393
395
395
396
396
397
396
397
397
398
398
398
397
398
397
398
398
398
398
397
398
398
398
400
402
405
411
418
428
438
452
464
477
487
495
497
498
495
489
480
472
462
454
444
435
427
421
414
410
405
401
398
395
392
392
391
392
392
395
397
401
402
404
403
406
404
406
404
403
401
400
398
397
394
393
390
389
388
387
386
386
387
386
387
386
387
387
387
387
388
388
391
389
392
391
392
391
392
392
394
393
395
394
395
394
395
394
394
394
395
395
396
395
396
395
396
396
397
397
398
398
400
400
403
406
412
419
428
439
451
463
475
484
490
493
492
490
485
477
468
460
451
444
435
430
422
419
414
411
408
407
404
405
404
405
405
408
409
412
413
416
417
419
417
417
415
415
412
411
408
407
403
402
399
397
394
391
389
388
385
384
383
382
382
380
380
381
381
381
383
383
385
384
386
385
387
386
388
388
390
389
390
390
392
391
392
392
393
392
392
392
393
392
392
391
392
393
395
396
397
397
400
404
410
416
424
434
447
458
470
478
483
486
485
482
475
469
460
452
444
437
431
426
420
416
413
410
407
406
403
404
402
404
405
409
409
413
414
416
416
418
416
417
415
414
411
410
407
406
402
400
396
394
391
390
388
386
384
385
383
384
382
382
382
383
382
382
382
384
385
385
387
387
389
390
390
391
391
391
392
391
394
393
394
393
394
393
393
392
394
396
398
398
400
399
402
404
409
413
421
429
440
451
464
473
482
488
491
490
488
482
475
466
458
449
441
432
426
419
414
409
406
402
399
398
397
396
397
398
401
403
406
409
410
411
411
413
413
413
411
411
409
408
405
404
401
402
399
399
396
396
395
395
393
395
394
396
395
397
395
398
398
399
399
402
401
403
404
405
405
407
408
409
409
410
409
409
409
408
409
408
407
407
408
407
408
408
410
412
418
422
432
441
454
465
477
484
491
492
495
490
486
477
469
460
452
441
434
424
419
413
410
405
403
400
397
395
394
393
395
395
396
398
400
402
403
404
406
405
405
404
403
401
398
396
394
392
391
389
387
387
386
386
385
386
385
386
386
387
387
388
388
390
390
392
392
394
393
393
393
395
396
398
398
400
400
400
399
401
400
400
400
400
400
401
400
401
401
404
408
415
422
433
444
456
467
477
483
486
487
484
479
473
465
455
448
438
430
422
416
409
405
401
398
394
393
388
388
387
389
389
392
393
397
397
398
398
399
399
400
399
397
394
393
391
389
387
385
384
384
382
382
381
381
380
381
381
381
382
384
384
385
385
386
388
390
390
391
392
393
395
395
396
397
398
398
399
397
398
398
399
396
397
397
398
398
399
399
402
404
409
414
423
432
445
456
468
476
483
486
487
483
478
469
461
451
443
434
427
419
414
407
403
398
395
392
389
387
386
386
387
389
391
394
396
399
400
402
400
401
399
400
397
398
394
394
391
391
389
389
388
388
386
386
384
385
384
386
385
387
387
389
388
390
390
392
391
393
392
394
394
395
396
398
397
398
398
400
400
400
401
400
400
400
400
400
402
402
402
402
403
404
408
411
417
423
433
443
455
466
476
482
487
486
485
478
473
464
455
446
439
430
424
417
413
407
405
401
399
396
395
395
396
398
400
402
405
407
409
411
411
412
412
412
410
409
408
406
404
403
401
401
399
399
397
397
396
396
394
395
393
395
393
394
393
395
394
395
394
396
395
397
396
398
398
399
398
399
398
399
399
400
398
399
398
399
398
399
398
399
398
399
399
400
401
403
405
411
418
427
437
449
461
470
480
483
485
482
479
473
466
457
451
443
437
428
423
417
414
409
408
405
405
404
405
405
408
409
413
415
418
419
421
422
424
422
422
420
418
415
414
411
409
407
405
402
400
398
396
394
393
393
392
392
392
391
391
392
392
392
392
393
393
394
394
395
395
395
396
396
396
398
399
398
398
399
398
399
397
398
397
399
399
401
400
401
401
406
408
414
420
430
439
453
463
473
480
486
486
485
480
475
468
460
451
444
437
430
424
419
414
412
410
408
407
406
406
407
410
412
415
417
421
421
424
423
425
423
423
421
419
415
413
410
408
406
404
399
398
394
393
390
389
387
387
385
385
384
385
383
384
384
386
385
387
388
388
388
388
389
390
390
391
391
393
393
393
394
394
395
394
395
395
396
395
397
396
399
400
404
408
416
423
435
445
458
467
477
483
488
485
483
476
470
461
454
445
438
429
424
418
414
409
408
405
402
401
401
401
403
405
408
411
413
415
416
417
418
418
417
418
416
415
413
412
409
408
406
404
403
402
400
401
399
399
398
399
398
400
400
401
402
403
404
404
405
408
407
409
409
411
410
411
410
411
411
411
411
411
410
410
408
409
408
410
409
410
409
411
412
416
422
428
438
450
463
474
485
491
496
495
494
487
480
470
462
452
443
432
425
418
415
410
407
403
402
398
397
395
395
395
397
398
401
402
405
406
407
407
407
406
406
404
401
399
397
394
393
391
390
387
387
385
385
385
385
385
385
386
386
388
388
390
390
392
392
394
393
395
395
397
396
398
397
399
398
399
398
398
396
396
395
396
395
397
396
397
396
400
402
408
416
426
436
450
462
474
482
487
488
487
482
476
466
458
448
437
429
421
416
411
406
402
401
396
394
390
389
387
388
387
390
391
394
395
397
398
400
400
399
398
398
396
396
394
392
389
389
387
386
385
386
386
385
384
385
385
386
386
386
387
388
388
390
390
392
393
393
392
393
394
395
397
398
399
399
400
399
399
399
399
397
397
397
398
397
397
397
401
404
411
418
429
439
452
463
475
482
488
488
485
480
472
462
455
445
436
427
420
413
409
405
402
397
395
392
390
389
389
390
392
392
395
396
398
400
400
402
401
401
399
398
395
393
388
387
385
383
380
381
379
380
379
380
379
382
382
384
384
386
386
387
386
388
389
393
394
395
396
398
398
400
400
402
402
403
403
404
402
403
402
403
404
405
406
407
409
412
417
424
432
443
454
464
476
482
487
487
486
480
472
462
452
441
433
423
416
408
403
397
392
387
385
381
381
380
380
381
383
384
387
388
391
392
394
395
395
395
396
394
394
392
391
389
388
386
386
384
384
383
382
382
382
383
383
383
384
384
386
388
388
390
390
392
393
394
394
396
396
399
398
399
398
399
398
398
397
398
397
398
398
399
399
401
402
406
410
419
426
437
448
459
469
477
481
483
481
477
470
463
453
446
438
430
421
416
409
405
400
398
396
394
394
394
397
397
401
404
407
409
412
413
415
415
416
414
413
410
410
407
406
404
403
400
400
397
397
395
394
392
393
393
394
392
394
393
395
394
394
394
395
395
397
396
397
397
399
398
400
400
400
401
400
400
399
398
398
398
397
398
399
400
399
402
403
408
413
421
430
441
451
463
470
477
479
479
474
469
461
453
444
437
429
423
415
410
405
402
398
397
395
395
394
396
399
402
405
409
411
414
417
419
420
421
420
420
419
417
416
413
413
408
408
405
404
401
400
397
398
395
396
393
394
392
393
392
392
391
392
391
392
392
393
393
394
394
396
395
397
397
399
397
398
397
398
398
398
399
399
399
400
400
401
402
405
408
413
420
429
439
451
463
473
480
484
488
487
483
476
468
458
451
442
434
426
421
415
412
407
406
402
402
400
401
402
405
406
410
412
416
417
420
421
422
422
422
421
420
417
415
412
411
407
406
402
401
399
397
394
392
389
387
386
386
385
384
383
384
383
383
385
385
386
385
386
386
388
388
390
389
391
391
392
390
390
391
392
391
393
393
395
394
396
396
399
402
408
413
424
433
446
457
469
478
484
487
486
482
477
470
462
453
444
437
430
422
417
411
408
406
403
401
400
402
402
404
406
409
412
415
417
419
420
422
421
422
420
420
418
416
412
410
407
405
400
398
394
392
388
388
385
385
382
382
379
379
378
378
377
377
377
378
379
381
381
381
382
383
384
386
387
386
388
389
389
390
390
390
392
391
392
391
393
394
399
401
408
415
428
438
452
462
473
480
485
485
484
478
473
464
456
447
438
428
422
414
409
404
401
397
396
393
394
392
393
395
397
400
404
407
409
410
412
414
416
415
414
414
411
410
407
406
402
401
398
397
394
393
391
391
389
389
387
387
387
389
389
389
389
392
392
394
395
396
395
398
399
402
402
404
404
405
405
406
405
406
406
406
407
407
407
407
408
412
417
424
432
445
458
471
483
493
500
503
502
498
493
484
474
463
453
442
433
424
419
411
408
403
400
397
395
393
393
392
393
394
397
399
403
404
406
406
407
406
407
406
406
403
400
398
397
394
393
391
390
388
387
385
385
384
383
382
382
383
383
384
386
387
387
388
390
392
392
394
394
397
398
399
398
400
398
399
397
397
396
398
397
397
397
400
400
406
412
421
432
447
460
474
484
493
496
498
494
488
480
471
461
452
439
431
422
415
409
404
398
395
392
389
387
386
385
386
388
390
392
394
397
399
400
398
399
397
397
395
394
392
391
387
387
383
383
381
381
378
378
376
377
375
376
377
378
378
381
381
383
383
383
384
385
386
388
388
390
391
392
392
393
393
393
392
393
393
394
394
395
395
398
403
409
417
427
440
452
467
478
487
492
494
491
488
479
470
458
449
438
430
420
414
407
401
396
392
386
384
380
379
379
380
380
382
385
387
388
389
391
391
392
392
391
391
389
387
385
383
381
379
378
377
375
375
376
375
376
375
376
376
378
378
380
380
382
381
383
383
386
386
387
387
390
391
392
392
394
392
393
393
393
392
393
393
394
394
395
395
398
403
409
417
428
439
453
465
477
484
490
490
487
480
473
464
454
444
434
426
418
411
405
400
394
392
387
385
382
382
381
384
385
389
390
394
395
397
396
398
397
397
395
395
393
392
388
388
386
386
383
383
382
382
381
380
379
381
380
382
382
383
384
385
386
386
386
388
388
389
390
390
390
391
393
393
394
395
395
394
395
394
394
393
395
394
395
395
396
395
399
400
406
412
422
432
445
457
470
479
487
489
490
486
480
471
464
453
444
434
427
418
413
406
402
398
396
393
392
390
391
391
395
398
401
404
407
409
410
412
412
412
410
410
407
407
404
402
400
400
397
397
394
394
392
393
390
390
389
390
388
389
389
390
390
392
392
393
392
394
394
394
394
395
395
396
395
396
396
398
396
397
397
397
397
397
397
398
398
398
398
398
401
402
406
410
417
426
437
447
461
470
481
486
490
488
487
480
473
462
454
444
436
428
422
416
413
409
407
404
403
401
402
403
406
409
414
417
420
422
424
426
426
426
427
426
424
423
420
418
415
412
410
407
405
404
401
399
396
396
393
392
390
391
388
388
387
386
385
385
385
386
386
387
386
388
387
388
387
387
387
389
388
390
390
390
390
390
388
390
388
389
390
391
392
394
395
396
398
404
409
418
428
439
452
465
476
484
492
493
492
487
481
472
463
455
447
437
430
423
419
413
411
408
406
403
403
402
404
405
409
411
416
417
421
421
423
423
423
422
421
418
416
412
411
408
404
401
398
395
392
389
388
386
384
383
382
381
381
380
380
381
380
381
381
383
383
385
384
386
386
388
387
389
389
390
391
393
393
394
394
396
396
396
395
397
396
398
398
400
400
403
408
416
424
435
447
460
472
484
489
494
494
492
Loop stopped.