Output started
30000
349
329
323
321
323
323
325
326
328
329
330
330
332
332
335
336
337
335
335
336
338
340
340
341
342
341
343
344
344
346
346
347
347
349
349
352
353
359
362
370
374
381
386
394
397
402
402
404
403
405
404
404
402
402
400
400
396
395
392
389
387
384
380
379
376
375
372
370
368
367
366
365
364
362
362
361
360
358
356
355
356
353
354
351
352
349
348
344
345
342
344
341
342
340
342
341
341
341
343
342
343
342
342
342
344
343
344
344
345
344
346
345
346
346
346
346
346
347
347
348
348
347
347
348
349
349
351
353
354
354
353
354
356
360
366
372
377
384
388
394
397
401
401
403
402
402
402
402
399
400
396
395
394
393
391
390
387
386
383
381
379
377
374
372
370
369
368
367
366
366
366
365
365
363
361
359
357
356
355
354
352
351
350
350
349
347
347
345
345
344
345
343
344
343
344
343
344
343
344
344
345
343
345
345
346
346
347
346
346
345
347
347
349
349
350
349
349
348
349
347
347
347
348
347
349
349
351
352
356
360
365
370
376
381
387
391
396
399
402
403
405
406
407
407
406
405
404
403
401
400
398
398
393
393
390
389
385
384
380
380
376
377
374
375
372
371
369
369
367
367
364
364
361
360
358
357
355
355
353
353
352
352
351
350
348
347
346
347
345
345
344
345
345
346
345
345
345
344
346
346
347
346
347
346
349
347
349
348
350
349
351
350
351
350
352
351
353
351
353
353
354
353
354
353
355
353
355
355
358
361
366
372
378
383
389
394
399
402
404
406
407
406
406
406
405
406
405
404
403
403
401
400
397
397
393
394
391
390
385
385
380
379
376
375
372
373
369
370
367
367
365
364
362
361
360
360
358
357
354
354
351
352
350
350
348
349
348
348
347
346
346
344
343
342
341
340
340
339
340
341
343
343
344
344
346
344
345
343
344
343
345
343
343
342
344
342
344
343
345
344
346
345
346
346
346
347
346
348
351
353
354
356
358
361
366
371
377
383
388
393
399
401
404
406
408
408
409
408
407
406
404
402
401
401
400
396
394
392
390
389
387
384
380
379
376
374
372
372
369
369
366
365
364
363
361
361
358
356
355
354
352
351
349
349
348
350
347
346
346
345
343
343
342
342
341
342
341
342
340
342
340
342
342
344
342
343
342
343
343
344
343
343
344
343
345
344
345
345
345
344
345
343
345
344
345
345
348
347
348
346
348
350
356
359
365
368
376
378
384
387
392
394
397
397
398
398
397
396
396
394
394
392
391
387
386
383
383
381
379
377
375
373
372
371
369
367
367
367
364
364
362
363
361
362
360
361
359
360
356
356
353
354
350
351
348
348
345
346
344
345
344
345
344
345
343
345
343
345
344
345
343
345
345
346
345
346
346
346
346
345
346
346
347
347
348
348
349
349
349
349
350
349
352
350
352
349
351
350
352
352
356
359
365
368
375
380
387
390
395
397
400
399
400
398
398
396
395
394
394
392
391
387
386
384
382
379
377
375
374
371
371
370
369
368
367
368
366
366
366
366
364
364
364
363
362
362
360
359
357
357
355
354
352
353
350
351
350
350
349
350
350
350
350
349
348
349
348
350
350
352
352
352
352
353
353
353
352
352
353
354
356
356
356
356
355
355
354
355
356
357
357
358
358
359
359
360
359
362
366
371
377
382
388
394
399
401
403
404
404
402
403
402
402
400
399
397
396
393
392
388
388
384
383
379
378
375
374
372
372
370
371
370
370
368
368
367
368
365
366
364
366
363
363
361
360
358
358
357
356
354
355
354
354
353
352
354
353
352
352
352
351
352
351
353
353
355
353
354
354
356
354
356
354
356
355
357
357
359
358
359
356
357
356
357
355
357
356
358
359
360
359
359
358
360
363
367
371
377
382
389
394
398
402
406
406
406
407
405
405
403
404
400
401
398
397
394
394
390
391
386
386
382
382
377
377
373
373
370
372
369
369
368
367
365
366
364
364
361
362
360
360
357
357
355
356
355
354
353
352
351
351
350
350
350
350
352
350
351
350
351
351
353
352
354
352
354
353
355
353
355
352
353
352
354
353
354
353
355
354
355
354
354
354
356
355
356
356
356
356
357
358
359
363
366
371
377
382
386
392
396
399
403
404
405
406
406
404
403
402
401
400
399
397
396
396
394
394
390
389
387
385
382
380
377
376
374
372
370
369
366
366
365
365
364
364
362
360
358
358
356
356
355
354
352
353
352
351
349
348
348
348
347
347
347
348
346
347
346
348
348
348
349
349
349
350
350
351
351
352
353
352
353
353
354
353
355
354
356
356
357
355
356
355
357
356
357
356
357
357
359
359
363
365
370
373
379
383
389
393
398
401
406
406
408
407
408
407
408
406
405
402
401
399
398
395
392
391
389
387
385
382
381
379
377
375
372
371
369
370
369
370
367
368
366
365
362
363
360
360
357
357
354
355
353
354
352
352
350
351
349
350
348
349
348
348
347
348
346
347
346
346
347
349
348
349
349
350
350
350
350
350
351
350
351
351
352
353
355
353
355
355
356
355
355
353
355
353
355
354
356
355
357
358
364
368
374
379
387
391
397
400
405
406
408
408
409
408
408
406
405
404
403
401
400
398
396
395
394
392
390
388
386
383
379
377
375
374
371
371
370
370
368
369
365
366
364
363
361
361
358
358
355
355
352
353
351
352
349
349
346
346
345
346
344
345
344
344
344
344
344
345
344
344
344
345
345
346
346
346
347
346
346
346
346
346
345
344
344
346
348
348
349
349
349
349
350
348
349
349
350
349
350
349
350
350
353
355
360
365
371
377
384
388
394
398
401
403
404
404
404
403
403
402
400
400
400
398
396
396
394
391
389
388
386
383
382
380
379
376
375
373
371
370
369
368
368
367
366
366
364
363
361
360
358
357
356
355
352
352
351
350
349
348
347
347
346
347
344
346
345
345
344
345
344
345
344
346
346
347
347
348
347
350
348
350
348
350
349
350
349
350
350
352
351
353
353
353
352
352
351
352
352
352
353
352
354
353
354
354
357
358
364
367
375
379
385
389
395
397
400
400
403
401
402
400
400
397
399
395
395
392
392
389
388
385
384
381
380
377
377
375
375
374
373
372
372
371
371
369
368
367
366
364
364
363
363
363
360
361
358
358
356
357
353
354
351
352
349
351
349
351
348
350
348
349
348
349
347
350
350
351
350
352
352
353
352
354
352
354
353
355
353
354
353
355
355
355
356
356
356
355
354
354
354
354
356
356
358
359
361
360
362
362
367
369
377
380
388
391
397
400
404
403
405
404
405
403
404
403
403
401
402
398
397
395
394
392
390
389
388
385
384
381
379
378
377
375
375
373
373
373
372
371
370
369
367
366
364
363
361
360
359
358
357
357
356
356
354
354
352
353
352
353
352
353
352
353
352
353
352
352
352
353
353
354
354
355
354
355
355
356
356
358
358
357
357
357
357
358
359
359
359
360
359
360
359
359
358
359
359
360
360
362
361
362
363
365
369
373
379
385
391
396
401
403
406
406
407
406
406
405
405
404
404
402
402
400
401
399
398
394
393
390
388
384
381
377
376
372
373
370
370
368
368
366
366
363
363
361
361
358
359
358
359
356
356
355
355
354
353
353
352
353
351
352
351
351
351
351
350
351
350
351
350
352
351
354
352
354
353
355
353
355
353
354
352
354
354
355
355
357
356
357
356
357
357
358
356
357
356
356
355
356
357
359
360
361
360
361
363
366
370
374
380
385
391
395
402
404
407
408
410
409
410
407
409
405
406
404
405
402
402
399
398
394
395
391
391
387
386
383
382
380
379
376
376
375
375
374
373
371
369
368
367
366
365
363
362
361
360
359
358
358
356
356
354
354
353
353
351
351
350
351
350
351
350
351
350
353
352
354
353
354
353
355
353
355
354
356
355
355
354
356
355
356
355
355
356
357
357
357
357
357
357
356
357
356
356
357
358
359
360
361
362
364
367
371
374
380
386
392
397
402
406
409
413
413
414
413
412
411
411
409
408
406
407
404
403
400
399
396
395
392
391
388
387
384
383
381
380
377
378
375
375
373
372
370
370
367
367
364
363
360
361
358
358
356
356
355
355
352
350
350
348
347
347
346
346
346
346
348
348
350
349
349
349
350
349
350
348
349
349
350
349
351
350
352
351
352
351
353
352
354
353
355
354
355
353
354
352
352
351
352
351
353
353
355
353
355
356
360
363
370
375
383
388
394
400
404
408
410
412
413
414
413
413
411
411
408
407
404
404
400
399
396
395
391
390
385
385
382
381
377
377
374
374
372
373
370
371
369
368
365
366
363
362
359
358
356
356
354
354
351
350
349
349
346
346
344
342
342
342
341
341
341
339
339
339
341
340
341
340
342
341
342
340
341
340
342
341
342
340
342
342
343
342
344
343
344
342
344
344
345
346
347
346
347
346
347
348
350
351
352
352
352
353
356
360
367
373
380
387
395
400
404
408
411
413
414
414
413
414
412
412
409
409
406
406
403
402
398
398
393
391
386
385
382
380
376
375
372
371
369
368
365
364
363
362
360
359
357
356
354
353
351
351
348
347
345
344
342
341
340
339
337
337
335
335
334
333
333
334
335
335
335
336
337
337
337
337
338
337
338
338
339
339
339
338
338
337
339
339
340
340
341
340
341
341
343
342
344
345
346
344
346
344
345
345
346
346
347
347
349
349
352
356
362
369
377
383
391
397
403
408
412
415
416
417
416
415
414
413
411
410
407
406
404
402
398
398
393
392
386
384
380
379
374
373
369
368
365
365
362
363
360
360
357
357
354
353
350
350
346
345
342
341
339
339
336
336
334
333
331
331
330
329
328
330
330
330
330
330
331
331
333
331
334
333
335
333
336
335
337
335
337
335
338
337
339
338
340
338
340
339
342
341
344
344
346
344
344
342
344
342
343
343
346
347
348
348
349
349
352
357
362
369
377
385
393
399
403
408
410
411
411
410
408
408
405
403
400
399
394
394
391
391
386
384
380
377
372
371
367
367
363
364
361
362
359
361
359
359
357
356
355
354
352
351
349
349
347
346
345
343
343
341
340
338
338
337
337
337
337
336
335
335
335
335
337
338
339
340
341
340
342
341
343
343
344
343
345
344
345
345
347
346
347
346
348
348
351
351
351
350
350
349
348
347
347
348
349
351
352
352
353
353
355
358
365
371
379
386
395
401
408
411
413
413
413
411
411
409
409
407
405
402
401
399
396
394
393
392
388
386
382
380
375
374
371
370
368
368
365
366
365
365
363
362
360
359
358
358
355
355
352
352
349
347
345
346
342
342
341
341
339
340
339
340
338
339
339
340
339
339
339
341
340
341
341
341
343
343
343
343
343
344
344
343
345
344
346
345
346
346
348
346
349
347
350
349
350
350
352
350
352
351
354
353
356
355
357
356
359
362
368
374
383
389
397
401
407
411
415
415
416
415
414
412
410
410
408
406
402
400
398
398
395
393
389
388
383
382
377
375
372
372
367
368
366
366
364
365
361
362
358
359
358
358
355
356
353
353
351
349
347
346
344
344
342
342
340
340
340
340
340
340
340
341
340
340
341
340
343
