Output started
30000
600
608
607
608
605
605
602
600
598
599
598
598
598
599
599
600
602
603
603
605
606
606
607
608
609
610
610
610
609
610
610
611
612
614
614
615
615
614
614
613
614
613
615
619
623
629
635
640
645
649
653
657
660
661
663
664
665
664
663
662
661
659
658
655
653
651
650
648
646
644
642
640
637
635
634
631
629
628
626
624
622
620
621
618
617
616
616
615
613
613
612
612
611
612
612
612
612
611
612
611
611
611
611
611
611
610
610
611
610
610
610
611
610
611
611
611
611
610
610
609
609
609
608
609
609
610
610
612
613
614
613
614
614
613
612
612
612
613
612
612
614
617
623
629
632
636
641
645
648
652
654
656
656
657
656
656
656
656
656
653
652
652
652
651
651
649
649
646
644
640
638
635
634
631
629
627
626
624
623
622
621
618
618
617
618
616
618
616
616
614
614
612
612
611
610
609
609
608
607
606
604
603
602
602
601
600
601
601
602
602
604
604
604
605
605
607
607
608
606
607
608
608
609
610
610
612
611
612
612
612
613
614
613
614
614
616
619
623
628
635
640
644
647
650
652
654
655
657
656
657
655
654
651
652
652
651
651
650
650
650
648
646
644
643
640
638
635
634
632
629
628
627
625
624
623
622
621
620
619
617
616
614
612
610
610
609
606
606
604
604
603
602
602
600
600
600
599
598
599
597
598
597
598
597
598
598
600
601
602
601
601
603
603
603
605
605
605
606
607
606
606
606
607
607
609
609
609
609
609
611
612
617
622
628
633
639
644
649
652
654
657
657
657
658
656
656
654
653
651
652
650
650
649
649
648
649
647
646
643
642
640
639
637
636
634
633
631
629
628
627
626
624
623
622
620
619
617
616
615
614
613
612
611
610
609
609
610
609
610
610
610
609
608
607
607
605
605
605
605
605
604
604
606
605
606
605
605
606
607
607
608
609
610
610
611
611
612
613
613
614
615
616
615
615
616
619
623
630
637
642
648
653
658
662
665
667
667
667
665
665
663
662
660
659
658
657
655
654
653
653
653
653
651
649
647
646
644
643
639
638
636
634
631
630
627
626
623
620
617
615
615
614
611
611
611
610
610
610
611
610
609
610
608
609
606
607
605
605
603
602
601
601
600
599
600
599
600
600
601
600
601
601
603
603
604
605
607
607
609
609
610
610
611
611
612
613
615
614
615
615
618
621
628
635
642
648
656
661
665
669
671
672
672
671
670
670
669
667
666
666
665
664
664
662
660
657
656
654
652
650
646
644
640
638
635
633
631
629
628
628
626
626
625
624
623
623
622
623
621
621
620
619
616
615
614
613
612
613
612
613
611
610
608
609
610
610
611
611
613
611
611
610
610
609
609
609
609
610
611
613
614
615
615
614
613
614
615
615
616
615
614
613
614
614
619
625
631
637
645
650
654
658
662
663
665
665
666
666
666
667
668
668
668
666
666
665
664
665
664
661
658
655
653
649
645
640
638
634
632
629
628
626
624
622
620
617
615
611
607
606
605
605
604
603
602
601
601
600
598
598
595
596
594
595
593
594
594
594
593
595
594
594
593
594
595
597
597
599
599
601
601
602
603
603
603
604
604
605
605
604
604
603
603
604
605
609
616
624
631
639
646
653
658
663
667
669
672
672
673
673
673
674
674
671
672
670
669
668
666
664
662
659
656
652
649
645
641
636
634
631
630
628
625
623
622
618
616
614
610
607
604
601
599
596
593
591
590
588
586
585
585
583
582
581
580
579
580
580
579
580
579
579
579
580
581
583
583
584
585
586
586
586
586
588
589
591
592
592
591
591
589
590
590
591
593
593
594
600
607
617
626
636
646
654
663
668
672
674
677
679
680
680
679
678
676
674
670
668
664
662
660
658
654
650
645
640
635
629
624
620
616
612
610
606
603
601
597
594
592
590
588
587
585
582
581
580
579
578
577
575
575
574
574
573
573
574
574
573
574
574
574
575
575
576
578
579
579
580
581
581
582
582
583
583
584
585
585
585
587
587
587
589
589
592
592
592
592
593
592
594
594
598
605
615
625
637
646
656
665
672
676
680
682
683
683
682
680
679
675
674
670
668
664
662
658
656
651
647
642
637
632
628
623
620
616
614
610
607
605
601
599
596
593
589
588
584
583
579
576
574
571
569
568
566
566
564
565
564
565
563
564
565
565
566
565
565
565
566
567
567
569
569
571
573
574
574
575
576
576
577
578
579
579
580
579
581
582
582
584
585
585
586
587
588
590
591
591
590
593
596
602
612
622
635
647
659
668
678
686
692
694
697
696
695
693
691
687
684
680
677
672
669
664
660
656
653
647
643
637
634
629
625
621
617
614
611
610
608
605
603
602
599
596
593
590
588
586
584
582
580
579
578
577
576
574
573
572
572
571
570
570
570
571
569
571
570
571
570
571
572
574
573
575
575
577
577
578
578
581
582
583
583
584
584
585
585
586
585
586
587
589
590
591
592
594
594
595
595
596
597
602
609
619
630
642
654
665
674
683
690
695
698
698
697
694
691
687
683
677
672
668
665
663
660
656
653
649
646
640
637
632
630
627
625
622
620
618
616
612
610
607
604
602
599
598
596
594
591
588
587
586
583
583
581
579
578
577
575
575
573
573
573
572
571
572
571
572
571
571
571
572
574
576
578
580
580
581
582
583
583
585
585
586
586
588
589
591
591
593
594
596
597
599
600
601
603
605
606
606
608
611
616
625
635
646
658
668
677
685
691
696
698
699
698
695
693
689
683
679
674
670
666
662
659
656
653
650
646
642
638
635
632
629
626
622
621
617
615
611
610
607
605
602
600
598
595
593
593
590
590
589
589
586
586
584
583
582
580
581
580
581
581
580
581
581
581
581
583
583
584
585
586
588
589
590
590
591
591
592
592
593
595
597
597
599
600
601
601
602
602
604
605
607
608
608
609
610
610
615
623
633
643
654
663
672
680
686
691
695
695
694
693
691
689
686
684
680
676
672
668
665
662
659
655
651
647
644
639
635
632
630
629
627
625
622
619
618
616
613
612
610
609
608
606
606
604
601
600
598
597
595
594
595
594
593
594
594
595
595
595
595
595
595
596
596
597
598
600
600
600
600
601
599
600
600
601
602
604
605
605
606
607
608
609
610
610
611
609
610
610
611
613
618
625
635
644
654
661
671
677
683
686
689
689
690
689
688
687
685
681
676
671
669
665
664
660
658
655
652
648
643
639
636
632
629
626
625
624
622
621
619
616
615
613
610
610
607
606
604
603
601
600
597
596
594
593
591
591
591
592
590
590
589
589
589
590
589
591
591
592
592
592
590
591
591
592
592
594
595
597
599
601
602
602
603
602
602
602
602
602
602
604
606
613
621
630
640
651
660
668
676
681
685
688
689
691
690
690
691
689
688
685
683
679
676
674
671
667
665
661
657
651
647
641
637
633
629
624
621
618
616
614
611
609
607
605
604
602
601
600
599
596
594
593
591
589
589
587
587
586
585
583
584
583
582
582
584
584
585
585
585
587
587
587
589
590
590
592
593
594
595
596
597
598
597
598
598
598
599
600
599
600
601
604
608
616
625
637
648
661
670
679
687
692
695
697
698
698
697
695
692
690
685
683
680
676
672
670
667
664
660
654
649
643
637
633
628
624
620
617
614
612
610
607
606
603
602
599
597
595
594
591
590
587
586
584
582
580
580
578
578
577
578
577
577
577
577
579
580
580
581
582
583
583
582
583
584
585
586
587
588
590
591
593
593
594
594
595
595
596
596
598
598
598
598
599
599
603
609
620
631
643
655
667
677
685
692
698
701
703
700
699
696
693
689
685
682
680
675
672
668
663
658
655
651
646
641
636
631
627
621
617
614
610
607
605
603
601
599
596
594
590
588
585
583
582
580
580
578
576
575
574
572
570
570
570
571
571
570
570
570
569
569
568
569
569
570
569
570
570
572
573
573
574
575
575
576
575
577
579
581
584
585
584
585
585
585
585
586
588
589
591
594
599
607
619
631
644
657
670
680
688
695
700
701
702
701
699
696
694
689
685
680
678
673
671
668
666
661
658
652
647
640
636
632
628
624
621
618
615
613
610
608
606
603
601
598
595
591
589
585
584
583
581
580
578
576
574
571
570
569
569
569
568
567
567
567
567
567
567
568
567
569
570
573
573
574
573
574
574
576
578
581
582
584
584
584
584
584
585
587
588
590
590
592
593
594
592
593
596
602
613
625
639
652
665
676
687
695
702
705
706
703
702
698
694
689
685
680
676
671
668
664
661
658
654
650
645
640
635
631
628
626
623
620
616
612
611
607
605
603
602
599
596
593
591
587
585
581
580
580
578
577
576
576
574
574
575
574
574
574
575
576
577
578
580
580
581
583
584
585
586
588
590
591
591
593
593
594
594
595
596
596
596
598
598
600
600
602
602
605
605
606
606
610
616
627
637
649
658
669
678
686
691
696
698
699
698
697
695
692
690
687
683
679
674
671
668
665
661
656
651
644
639
633
630
626
622
620
616
613
611
607
604
600
597
594
592
590
588
587
586
583
583
581
581
579
580
580
581
579
581
580
580
580
580
580
580
579
581
582
583
584
584
584
584
585
588
590
593
595
596
595
595
595
595
595
595
595
596
597
598
600
604
612
621
631
642
652
661
670
676
681
683
687
688
688
687
685
683
680
677
675
672
669
664
663
660
658
653
648
642
637
632
628
625
622
620
617
613
610
608
605
601
599
598
596
593
591
588
587
584
583
581
580
580
579
577
576
575
574
574
573
574
574
574
575
574
573
573
574
576
576
579
581
584
585
585
585
587
585
586
587
589
589
591
593
599
606
617
626
637
648
656
664
671
676
680
682
683
683
684
682
681
680
679
678
677
675
673
671
668
665
662
659
655
651
646
642
638
634
631
628
624
623
621
619
617
615
611
608
605
603
600
598
595
594
592
591
588
587
586
585
582
583
582
582
583
582
582
581
581
582
581
583
583
584
584
584
584
584
584
585
587
588
590
590
595
600
608
617
628
638
647
655
663
669
673
677
679
681
682
682
681
679
679
677
676
673
671
670
669
666
663
658
653
647
644
639
636
633
630
627
624
620
618
615
612
610
608
605
603
601
600
598
596
593
590
590
588
587
586
585
583
583
582
582
581
581
581
580
581
582
583
585
585
586
586
586
585
588
589
591
592
594
594
595
597
602
609
620
631
641
649
657
663
668
670
673
674
675
676
676
674
673
669
666
663
661
660
660
658
655
653
648
643
638
634
630
626
624
622
619
617
616
615
612
611
608
607
604
602
599
598
596
594
592
590
589
589
589
588
587
586
584
585
583
584
585
587
586
586
586
585
585
585
586
586
587
587
588
589
590
590
591
592
593
593
596
602
610
619
629
639
648
656
663
668
673
676
680
680
680
679
679
676
675
672
671
668
666
664
663
661
659
653
648
642
637
633
629
624
621
617
614
611
608
606
603
601
600
598
597
596
594
593
591
589
588
587
587
586
585
584
584
586
586
588
589
589
589
589
590
592
593
594
595
595
595
597
597
599
600
601
600
600
601
603
607
613
619
629
637
646
653
661
666
672
677
680
680
680
679
678
676
676
674
670
668
665
662
660
656
654
650
646
642
639
636
632
629
627
625
622
620
617
615
613
612
610
607
605
604
602
601
598
598
595
595
594
593
594
593
591
592
592
592
592
592
592
592
593
596
597
598
599
599
600
600
601
602
603
604
604
605
604
606
610
616
621
629
636
643
652
658
664
667
672
674
675
675
675
673
672
669
667
664
662
658
657
655
654
650
648
644
642
638
636
634
633
630
628
625
624
623
622
620
620
619
618
617
617
616
614
613
612
611
612
611
612
610
609
607
607
607
606
607
606
607
607
606
606
605
606
607
609
609
609
610
609
609
609
611
613
615
615
616
614
614
615
617
623
629
634
642
648
654
659
666
668
671
673
673
674
672
670
668
666
664
662
659
657
655
653
652
650
648
645
644
642
642
642
640
639
638
637
635
634
632
632
630
631
629
628
626
625
623
622
620
621
620
621
619
619
618
617
617
617
616
617
616
617
617
618
616
616
615
616
616
617
617
618
618
618
618
618
618
620
621
624
624
624
622
622
622
626
633
641
649
655
660
664
670
673
676
679
681
679
678
677
674
672
669
665
663
662
662
661
660
659
660
657
655
654
653
651
652
651
651
649
648
645
645
643
641
640
640
639
637
636
635
633
632
630
631
630
629
629
629
629
627
625
623
623
624
624
623
622
621
620
620
621
622
623
623
622
621
619
620
621
623
626
627
628
627
625
625
629
633
640
645
652
657
661
664
670
674
678
679
680
681
679
677
676
674
672
669
667
665
665
664
664
664
662
661
659
657
656
655
655
653
652
650
648
646
644
642
640
639
637
637
635
635
633
633
632
633
632
633
632
631
630
630
629
630
629
629
627
627
625
626
625
626
625
624
625
626
628
629
630
631
631
633
632
633
633
635
634
636
638
642
646
650
655
660
665
670
674
676
679
679
680
678
678
678
677
676
675
673
671
670
669
667
665
663
661
658
657
653
652
651
650
649
648
647
646
644
644
643
643
643
642
641
642
641
641
641
642
642
641
641
641
641
641
641
641
640
640
639
639
639
640
640
640
642
643
643
644
644
Loop stopped.
