Output started
30000
432
425
427
434
442
449
457
464
471
477
482
484
485
485
485
484
483
480
478
474
472
468
466
462
459
454
451
448
446
442
440
437
436
433
433
431
432
431
432
431
431
430
429
428
427
424
423
421
421
418
418
416
416
414
414
413
413
413
413
412
413
413
413
414
413
414
414
416
415
417
416
418
418
419
419
421
419
421
420
421
420
422
421
423
424
425
426
429
431
435
439
446
453
460
466
472
477
483
487
490
492
493
493
493
491
491
487
485
481
479
476
473
470
466
462
458
455
452
450
446
445
442
441
438
437
436
436
435
436
434
434
432
432
430
430
428
428
427
426
423
423
422
422
420
419
418
419
418
418
417
418
417
418
417
417
417
418
417
418
419
420
420
421
421
422
422
423
424
424
426
426
427
428
428
428
429
430
432
433
436
440
445
449
455
461
467
472
477
480
485
488
490
490
491
490
490
487
486
482
480
477
475
471
468
464
461
458
456
453
452
449
448
447
446
445
445
443
444
443
442
442
440
440
439
437
437
436
435
436
434
434
431
431
429
429
427
427
425
425
424
425
423
423
422
422
422
424
423
423
423
425
424
426
425
426
426
427
426
428
427
429
428
430
430
432
432
434
434
436
438
442
445
451
457
462
468
473
478
480
484
485
488
488
489
488
487
483
482
479
477
474
472
469
466
462
460
457
455
452
450
447
447
443
444
442
442
442
443
442
442
440
440
438
437
435
435
433
433
432
432
430
429
429
428
427
427
426
426
424
424
424
424
423
423
424
423
424
424
426
426
428
428
430
429
429
429
430
429
432
432
434
432
434
433
435
435
438
439
445
450
458
463
470
475
481
485
488
489
492
492
491
490
489
486
484
480
477
474
472
468
465
462
459
457
455
452
451
449
447
445
444
445
445
445
444
443
442
442
440
440
438
437
434
434
432
432
430
430
427
427
425
425
423
424
422
422
421
421
421
422
422
423
423
424
424
424
424
425
426
426
426
427
427
427
426
428
429
429
430
432
433
435
437
441
447
453
461
467
474
479
486
490
495
495
498
498
499
497
496
492
491
486
485
481
479
474
472
468
465
461
458
455
454
450
448
444
443
440
439
437
437
435
434
433
433
431
431
430
430
427
426
426
425
424
422
420
420
418
417
417
415
415
414
414
413
413
413
414
413
415
414
415
415
418
417
419
419
420
420
421
420
422
421
423
423
425
426
428
431
436
442
450
457
464
471
478
483
488
493
495
498
500
499
498
497
495
493
489
486
482
479
476
471
468
464
459
457
454
450
447
445
441
441
438
437
436
435
434
434
432
432
430
429
427
426
424
424
421
421
419
419
417
417
416
416
414
414
414
414
413
414
413
413
413
413
414
415
414
416
416
416
416
417
418
418
419
420
420
421
422
421
422
423
424
426
428
430
436
442
450
458
467
473
480
486
492
495
499
499
500
499
497
495
493
490
487
483
480
477
474
468
465
459
457
453
451
447
445
442
440
438
437
436
434
434
434
433
432
430
430
428
427
426
425
424
423
422
420
418
416
416
415
415
414
414
414
415
413
413
412
413
412
413
412
414
413
414
414
415
415
415
415
417
416
417
417
419
418
420
420
423
422
423
424
426
427
431
435
443
451
461
468
476
483
489
494
499
501
502
502
500
498
494
492
487
484
480
477
473
470
464
461
456
453
449
448
443
441
438
438
435
435
433
433
432
432
431
431
429
428
426
425
423
422
421
420
419
417
417
416
414
414
413
413
412
412
412
413
413
414
415
414
415
415
416
415
418
418
420
419
420
420
421
421
423
421
423
424
425
426
428
427
429
429
433
435
440
446
454
462
472
480
488
493
498
501
503
503
503
500
497
493
490
486
483
480
477
473
468
464
461
457
454
451
448
446
443
442
439
438
438
438
437
436
435
434
432
431
429
429
427
426
423
423
420
420
418
418
417
416
414
414
413
413
412
412
412
413
413
412
413
414
413
414
415
416
416
418
418
419
419
420
420
421
422
423
424
424
425
427
427
428
430
432
437
443
451
460
469
476
485
491
498
500
505
505
506
503
501
497
495
490
487
484
482
477
475
471
468
463
460
455
453
448
445
441
439
436
434
431
431
429
430
429
429
428
427
425
424
423
421
419
419
419
417
415
414
413
411
411
410
410
410
411
410
410
410
411
410
412
412
413
413
415
414
416
415
416
417
418
418
419
418
419
418
421
420
421
422
424
423
426
427
429
433
439
445
454
461
471
478
485
491
496
500
502
503
503
503
501
499
495
492
488
486
482
480
475
472
467
464
459
457
452
450
446
444
441
440
437
436
435
434
433
433
432
431
430
430
428
428
426
424
422
421
420
420
418
417
415
415
415
415
414
413
412
412
412
412
413
413
413
414
415
415
416
416
417
416
418
418
419
419
420
420
421
420
422
421
422
422
424
426
427
428
431
432
435
438
445
451
460
467
475
481
488
492
497
500
502
502
503
500
499
497
495
492
488
485
482
478
474
470
466
461
458
455
452
449
447
445
442
441
440
439
438
438
438
438
436
436
434
433
432
432
430
429
427
426
424
423
421
420
419
419
417
417
416
417
415
417
416
418
418
419
419
420
420
420
419
420
421
420
421
421
422
424
425
426
426
426
427
426
427
427
429
429
430
431
433
434
438
442
447
454
462
468
476
482
489
492
498
500
503
502
504
500
500
497
494
490
487
484
481
477
474
470
466
462
460
455
453
450
449
446
445
443
441
441
440
440
440
439
438
436
434
434
432
432
430
429
428
428
426
426
424
424
421
422
419
420
419
419
417
419
418
420
420
420
419
420
420
421
421
422
422
423
423
423
424
425
426
426
426
427
427
428
429
430
429
431
432
433
433
434
436
438
441
446
453
459
466
472
480
486
492
495
499
500
502
500
501
498
496
492
491
487
485
482
481
475
472
468
465
461
460
456
453
451
449
446
445
444
443
442
442
442
442
440
440
438
436
435
433
431
431
429
429
428
426
424
424
423
423
423
422
421
421
421
420
420
420
422
422
423
422
423
423
425
424
426
426
427
428
429
429
430
430
431
430
432
431
432
431
432
432
435
435
436
436
437
438
442
444
450
456
464
470
477
483
488
492
496
499
501
501
501
499
496
494
490
487
484
481
478
474
470
467
464
462
458
456
453
452
449
449
447
445
444
445
443
444
442
443
440
439
438
437
435
435
433
432
430
429
427
426
424
424
423
425
424
424
423
429
443
461
473
476
471
462
450
439
429
419
413
407
404
402
402
401
402
401
405
404
407
408
410
411
414
416
418
419
423
423
426
428
433
437
446
454
463
471
480
487
493
497
502
503
503
502
501
498
496
492
489
486
483
481
478
474
471
468
465
463
460
457
456
453
451
449
446
447
445
445
444
444
442
442
440
440
438
438
434
435
433
433
430
431
429
429
427
426
424
425
423
423
422
422
422
422
421
422
421
422
423
423
423
423
421
423
423
424
423
424
425
426
426
425
426
427
428
429
430
430
431
431
432
432
435
438
444
450
460
469
477
485
492
497
502
505
507
506
506
503
501
498
496
491
488
485
482
478
475
471
468
464
461
457
455
452
450
447
445
444
443
441
440
440
439
438
437
435
434
432
430
430
428
426
424
423
421
419
417
417
416
415
415
416
415
416
414
415
414
415
415
415
415
415
415
416
416
418
419
420
420
421
421
422
422
422
423
424
423
425
425
426
426
428
430
431
433
437
443
451
461
471
480
489
496
501
505
507
508
508
507
505
502
498
496
493
490
487
485
482
479
474
471
465
462
457
454
449
447
443
442
439
439
437
436
434
433
432
432
429
429
428
427
426
425
422
421
419
418
416
416
414
413
412
412
411
411
411
410
412
412
412
413
414
413
414
414
416
415
417
417
418
417
418
418
420
419
420
419
421
420
421
421
423
423
425
424
426
428
432
437
445
452
463
472
481
488
496
500
504
507
509
507
507
506
502
498
495
492
489
486
483
478
474
470
466
463
458
456
452
450
445
444
440
439
436
436
435
435
433
432
430
429
427
427
424
423
421
420
418
418
416
415
414
415
413
413
411
412
410
410
410
410
410
410
410
411
412
413
413
414
415
416
417
417
417
419
420
421
421
421
422
422
422
422
424
424
427
426
429
429
433
436
443
450
460
469
478
485
493
497
503
505
508
508
508
506
505
501
499
494
492
488
486
482
478
473
469
464
461
456
453
449
447
443
441
439
438
437
436
435
434
433
432
432
431
429
429
427
425
423
421
420
417
417
416
415
414
413
412
413
412
413
411
412
409
407
404
406
407
411
414
416
416
417
417
417
418
420
420
423
423
424
424
425
422
423
423
424
426
428
430
432
434
437
443
450
460
467
476
482
488
492
498
502
506
507
508
506
505
500
497
490
488
483
483
479
477
473
470
465
463
459
457
454
453
450
449
445
444
442
442
439
439
437
436
434
433
430
429
426
424
422
420
419
416
416
414
414
413
412
411
412
411
411
411
411
410
410
410
412
411
412
413
415
416
417
417
418
417
419
418
420
418
420
420
422
423
425
426
427
428
429
430
432
434
438
444
452
460
470
478
486
492
498
501
503
504
503
501
499
496
492
489
487
484
481
479
474
471
467
463
458
456
452
451
446
444
442
441
440
440
437
438
436
436
434
433
431
430
429
429
427
426
424
423
421
421
419
419
418
418
417
418
418
418
417
419
417
417
417
418
419
420
421
422
422
424
424
424
426
426
427
427
428
428
429
429
431
431
433
433
434
434
435
436
440
444
451
457
465
472
479
485
491
493
497
498
499
498
496
493
491
487
484
481
479
475
474
470
468
464
462
458
455
453
450
448
446
443
442
441
440
440
440
441
439
439
437
437
435
434
432
432
429
429
427
428
425
425
424
423
422
422
420
420
418
420
419
420
419
420
419
422
421
422
421
421
422
423
423
424
425
426
425
425
424
425
425
425
426
427
428
429
431
432
435
438
445
452
461
468
476
482
488
493
497
499
503
502
502
499
497
493
491
486
484
479
477
473
470
465
462
459
456
453
451
447
445
443
441
441
439
438
439
439
438
437
437
436
435
434
433
431
429
428
426
426
424
423
422
423
422
423
423
422
422
423
422
422
420
420
419
419
418
420
420
421
421
422
421
423
423
424
424
425
424
425
425
426
426
428
429
430
430
432
432
436
439
444
450
459
465
474
480
487
492
496
498
499
501
500
498
495
491
488
486
482
481
478
475
471
468
464
461
457
455
452
450
446
444
442
442
439
439
439
439
438
438
437
437
436
436
433
432
431
431
430
429
428
427
426
426
424
423
422
423
422
423
422
423
423
423
423
423
422
422
422
422
422
424
426
426
427
428
429
430
429
429
429
429
430
430
432
432
434
434
436
436
441
444
449
454
463
470
478
483
490
493
498
500
502
502
501
499
498
494
492
489
486
483
480
477
473
468
465
461
458
455
453
451
449
448
446
445
443
445
443
444
443
443
442
442
439
439
437
437
434
434
431
431
429
429
426
426
424
425
423
423
421
421
420
421
420
422
420
421
421
422
423
424
424
426
425
427
427
429
429
429
429
430
430
430
430
431
432
432
434
435
438
441
445
450
457
463
471
478
485
489
496
499
502
504
506
504
504
501
498
495
491
488
486
482
479
475
472
467
464
459
456
453
452
448
448
445
444
443
441
441
440
440
439
438
438
438
436
435
434
432
431
430
428
427
426
426
425
425
423
423
422
422
420
421
421
422
421
422
420
422
422
423
423
424
423
424
424
426
426
428
428
429
430
431
430
430
431
434
433
435
436
440
443
448
455
464
471
480
486
492
496
500
502
503
502
501
498
495
492
488
484
481
479
475
472
469
465
461
459
455
453
450
450
447
446
444
445
443
444
442
443
441
442
440
439
436
437
435
435
433
433
432
431
428
427
426
426
423
424
422
422
421
421
420
420
420
420
421
421
422
423
424
424
426
426
427
427
429
428
430
429
430
431
434
434
435
435
437
438
443
448
456
462
472
479
488
494
501
503
506
507
506
503
501
497
494
490
487
484
481
477
474
470
467
464
461
458
456
452
450
448
445
443
442
441
441
441
440
440
438
439
436
435
433
433
430
430
427
427
424
424
421
422
420
420
418
419
416
416
416
417
417
417
417
418
418
420
419
419
419
420
420
422
421
422
422
423
423
424
426
427
428
429
430
431
436
442
450
459
468
477
485
491
498
502
505
507
507
506
504
500
498
494
492
487
485
481
478
473
470
465
462
457
454
450
448
445
444
440
439
437
436
435
435
434
433
432
431
430
429
427
426
423
422
421
420
418
417
416
415
414
414
413
412
412
413
414
414
415
414
415
416
417
417
419
419
419
418
420
419
421
421
423
423
425
424
426
425
427
428
432
437
444
452
461
468
477
483
490
494
499
501
502
502
501
498
496
492
490
486
484
480
477
474
471
466
462
458
454
450
448
446
444
441
439
438
435
435
433
433
432
431
430
429
427
428
425
425
422
422
420
420
417
418
416
417
415
415
415
414
413
414
413
414
414
414
414
414
414
416
416
418
418
420
421
421
420
420
421
422
421
422
423
424
426
426
429
431
436
441
449
457
466
473
482
488
495
497
502
503
504
503
502
499
498
494
493
490
487
483
480
475
472
466
464
459
Loop stopped.
