Output started
30000
409
387
378
373
372
369
371
370
371
370
371
370
372
370
373
373
373
372
372
370
371
369
368
366
366
364
364
361
361
360
360
360
360
360
359
359
359
359
359
360
361
362
363
363
363
364
364
366
366
367
367
369
368
369
369
371
372
373
371
373
372
374
373
377
380
388
393
403
412
422
429
437
442
449
453
455
455
455
452
450
445
442
438
434
430
425
420
415
411
408
403
399
394
390
386
383
381
378
377
376
377
376
376
374
375
373
373
370
370
367
366
363
363
360
360
356
355
353
353
350
350
350
349
348
349
348
348
347
347
347
349
349
350
349
350
351
352
352
353
353
353
355
356
356
358
359
359
360
361
362
364
365
368
372
379
387
396
406
414
424
432
439
443
449
450
452
450
450
446
444
439
435
430
426
421
418
414
410
404
401
395
392
386
383
379
376
373
372
370
369
367
367
367
367
365
366
364
364
362
362
359
358
356
355
353
352
350
350
350
348
348
346
347
346
347
346
346
346
347
346
347
347
349
348
351
351
352
351
352
351
354
354
356
356
358
358
360
360
361
361
363
363
365
366
370
375
383
391
402
411
421
429
437
444
448
451
454
454
453
451
447
443
440
436
431
429
424
420
415
411
405
402
397
395
389
387
382
381
377
376
372
372
370
371
369
369
368
367
366
366
364
363
361
360
358
358
356
355
354
353
351
351
349
349
349
349
348
348
349
349
349
348
350
351
351
351
353
353
354
354
355
356
358
358
360
360
362
361
363
362
364
364
365
365
368
368
371
372
376
381
389
396
406
414
424
433
441
447
452
456
458
458
458
456
454
449
446
441
436
432
429
424
420
415
412
407
404
399
396
394
391
389
386
385
383
382
380
379
378
376
375
375
372
371
369
370
367
366
363
363
359
359
357
358
355
355
354
355
353
353
351
352
351
351
350
352
351
352
351
353
353
354
355
356
356
356
357
358
358
359
361
361
361
361
363
363
363
363
365
365
367
367
369
369
373
377
384
390
400
408
418
426
436
443
449
453
457
458
459
456
455
451
449
443
440
436
433
428
424
420
415
410
406
401
398
393
390
386
384
381
380
379
377
377
375
375
375
376
374
375
373
372
370
369
367
367
363
364
361
361
357
358
356
356
354
355
354
355
353
354
353
354
354
354
354
356
355
357
357
358
359
359
359
360
359
360
360
361
362
363
364
365
364
364
365
366
367
367
368
370
371
373
378
382
390
396
406
414
422
429
438
442
448
450
453
452
452
449
448
444
440
435
432
428
425
419
416
411
408
403
401
396
394
390
388
385
384
383
382
380
380
379
378
377
377
377
377
375
374
373
372
371
371
369
367
367
365
365
364
362
361
361
360
360
358
358
357
358
356
357
356
359
358
359
358
360
359
361
361
362
362
364
362
364
363
365
366
368
368
369
369
371
371
373
374
378
382
389
394
404
411
418
426
432
438
442
446
447
448
447
446
443
440
434
430
426
423
417
415
408
405
399
397
392
390
387
386
384
384
381
383
381
381
380
381
381
382
382
382
380
380
378
378
377
377
376
375
373
373
372
371
369
370
369
369
367
366
366
366
366
367
367
368
368
368
369
369
370
369
371
370
372
372
373
373
375
374
376
377
378
377
379
379
381
380
385
386
390
394
401
407
416
423
431
438
444
448
453
454
456
455
455
451
448
444
439
436
432
426
422
418
414
409
405
401
399
395
393
391
388
387
386
385
385
385
384
384
383
383
381
382
380
380
378
379
376
376
374
373
370
370
368
368
366
367
365
366
364
364
362
363
362
363
363
365
365
366
365
366
365
367
367
369
369
369
370
371
372
373
373
373
376
377
378
379
383
385
390
397
405
411
421
428
437
442
448
451
454
455
456
454
453
449
445
439
437
432
429
424
421
415
413
408
406
400
398
394
392
390
387
385
384
383
383
381
381
381
380
380
380
378
378
376
374
373
372
372
369
369
367
367
365
366
363
363
361
362
360
361
359
361
361
361
360
363
362
362
362
364
364
365
365
366
366
367
366
367
367
369
369
370
371
373
375
378
383
390
397
406
413
423
430
437
444
448
451
453
454
453
452
448
446
441
437
433
429
424
421
415
412
407
404
399
396
392
390
385
384
381
380
378
379
378
378
377
377
376
376
375
375
374
373
371
369
367
367
366
365
363
362
361
361
359
359
357
356
356
357
358
357
358
357
358
359
360
360
361
362
362
361
362
362
364
364
366
365
367
366
369
369
372
374
380
384
392
398
409
418
427
433
440
444
449
450
451
449
449
445
441
437
433
429
425
420
416
413
409
403
400
396
392
388
385
382
379
378
376
376
375
376
374
375
374
374
373
372
370
371
368
368
365
364
361
362
359
358
355
356
354
355
353
353
352
352
353
353
353
354
354
356
355
355
355
356
357
358
357
359
359
360
360
361
360
360
362
363
364
365
368
369
373
378
386
394
403
410
419
427
435
439
445
447
449
447
447
444
442
437
434
427
425
420
416
411
408
402
399
394
391
386
384
380
379
376
376
374
374
372
372
372
372
371
371
370
370
369
367
366
365
364
362
361
359
359
358
358
356
355
354
354
353
352
351
353
352
354
353
355
354
355
355
357
357
358
358
359
359
361
360
363
363
364
364
366
366
368
368
369
368
371
371
373
375
380
384
391
398
408
417
425
432
438
445
448
451
452
452
451
449
444
441
436
431
426
423
418
414
408
404
398
397
391
390
384
384
381
380
377
377
376
377
376
376
375
375
373
374
371
371
369
369
366
365
363
361
359
359
358
357
356
356
354
354
353
353
353
354
353
354
354
355
356
356
358
358
360
360
361
360
363
362
364
364
367
366
367
367
368
369
371
370
372
372
374
373
374
374
376
377
381
385
391
399
408
415
424
432
441
446
451
454
458
458
457
455
452
448
444
438
434
429
424
419
414
409
404
402
396
394
389
388
384
383
381
380
377
378
377
377
375
376
374
375
373
372
370
369
367
367
364
363
361
361
359
360
358
358
356
356
354
355
355
355
354
355
354
355
355
356
357
358
358
358
359
360
360
362
363
363
363
364
366
365
367
367
370
370
371
370
371
371
372
371
374
372
374
374
377
378
384
390
399
407
417
424
433
440
447
451
456
458
459
458
456
452
449
444
439
435
431
426
421
417
413
407
404
400
396
392
389
386
384
381
381
381
380
381
379
380
378
378
376
376
374
375
372
372
370
369
367
367
365
365
362
362
360
359
357
358
357
358
356
357
356
356
355
356
357
357
358
359
359
361
361
361
361
363
363
364
364
364
365
366
367
367
368
369
369
370
371
372
373
373
376
378
383
387
395
402
411
418
428
434
441
446
451
452
454
452
452
448
445
440
436
431
428
423
418
414
410
405
401
397
395
391
389
386
384
382
381
380
379
377
378
377
376
375
375
375
374
374
373
373
371
371
369
369
367
367
365
365
362
362
360
360
359
360
358
359
357
358
358
360
359
360
360
362
362
364
364
365
364
366
366
368
367
369
368
369
369
371
372
372
373
374
373
375
375
376
379
384
391
399
407
415
422
429
436
439
444
446
448
447
446
443
441
436
433
427
425
420
418
412
410
405
402
398
395
392
390
388
387
386
386
384
385
383
384
383
384
383
383
382
381
379
379
377
376
375
374
372
370
369
368
368
368
367
366
365
365
366
365
366
364
365
365
367
367
369
368
370
369
371
371
372
370
372
372
375
374
376
375
377
377
379
379
381
380
381
382
386
389
394
399
407
413
421
429
437
442
447
451
454
454
455
453
449
446
441
437
432
428
424
422
416
413
408
406
401
398
395
393
389
388
386
385
384
385
384
384
382
382
380
380
379
380
378
378
376
375
373
372
369
369
367
367
366
365
364
364
363
363
362
362
361
362
362
363
362
362
363
365
365
366
366
367
368
368
369
368
369
369
371
372
373
373
376
374
376
376
379
381
387
392
400
409
418
426
434
440
446
449
453
453
454
453
450
446
442
438
433
428
425
421
418
413
409
405
401
397
395
392
388
385
383
381
380
379
379
378
378
378
377
378
376
377
375
374
372
371
367
368
365
365
361
362
360
360
358
358
357
357
356
357
355
357
357
358
359
360
359
361
360
361
361
363
363
364
364
365
365
367
367
368
368
370
370
371
372
374
377
381
388
394
402
411
421
428
437
442
447
450
453
452
452
448
446
441
438
432
430
425
422
417
415
410
408
403
399
395
393
388
386
384
382
379
379
378
377
375
375
374
374
373
372
370
369
367
366
365
363
361
360
359
358
357
355
353
353
354
352
352
351
352
351
351
351
352
351
353
352
354
354
356
356
356
356
358
358
361
361
362
361
363
363
365
365
368
368
370
370
375
379
386
393
402
411
420
428
436
442
446
450
452
451
449
446
443
439
434
430
427
423
419
416
412
409
403
400
395
392
387
385
381
380
377
377
374
375
373
373
370
371
370
370
369
368
366
366
363
362
361
360
358
357
356
356
354
353
352
353
352
353
352
353
351
352
352
353
353
353
353
354
355
355
356
357
358
358
360
359
362
362
363
362
365
364
366
366
368
367
368
368
370
371
376
379
388
395
404
413
423
430
438
443
449
452
454
453
454
451
448
444
440
435
432
427
423
419
415
411
407
401
398
394
391
388
385
382
381
379
379
381
379
380
378
378
377
376
374
373
371
371
368
367
364
364
360
360
358
358
356
355
354
354
354
354
352
353
352
354
353
353
353
354
354
355
355
357
357
358
357
359
358
360
360
359
360
361
361
363
363
364
364
365
366
365
367
367
368
369
372
374
379
385
395
402
413
420
431
437
444
447
452
454
455
452
451
447
445
440
436
431
428
424
420
415
412
407
404
398
396
392
390
387
385
382
381
379
379
378
377
377
378
375
374
372
371
371
369
368
366
365
362
361
359
359
356
356
353
353
352
353
351
353
350
352
351
352
351
352
352
354
353
355
355
357
356
358
358
358
359
361
360
361
360
361
362
364
365
366
365
366
365
367
367
368
369
369
371
373
376
380
386
393
403
411
420
428
437
443
450
453
458
457
458
455
454
450
446
440
437
433
429
424
420
415
412
407
403
398
396
392
390
387
385
383
382
380
380
379
378
378
377
376
376
374
373
371
369
367
366
364
363
362
360
360
358
357
355
356
355
355
354
354
353
354
354
355
353
355
354
357
355
357
357
358
358
359
358
359
360
362
362
363
364
365
364
366
366
367
367
367
368
368
368
370
370
371
372
374
376
380
386
393
401
410
419
427
434
442
448
451
455
455
455
452
450
445
443
437
435
430
427
421
418
413
410
405
402
397
396
391
390
387
386
383
384
382
382
381
381
379
379
379
378
376
376
374
373
372
371
369
369
367
366
364
362
360
360
360
360
360
360
359
359
359
358
359
358
359
359
361
360
361
360
361
361
362
363
364
364
364
364
365
364
366
366
367
367
368
367
368
368
370
370
372
372
374
374
376
378
383
388
396
403
412
419
428
434
441
446
449
451
451
451
450
448
444
441
436
433
428
425
421
417
412
410
405
402
398
397
393
391
388
388
384
385
383
384
383
383
381
382
380
381
378
379
376
376
375
373
371
370
369
369
367
366
365
365
363
363
362
361
361
361
360
360
360
360
361
361
362
363
365
364
365
365
366
366
367
365
368
367
369
368
369
368
370
369
371
371
373
372
374
374
375
375
379
380
384
388
395
402
410
416
424
430
437
440
443
445
447
446
444
441
438
433
428
424
419
416
412
408
404
402
399
396
393
392
388
388
386
386
384
385
384
385
383
384
384
384
383
383
381
382
379
379
377
377
375
375
373
373
372
371
370
370
369
370
368
369
368
369
368
369
369
369
369
370
370
371
372
373
374
374
375
376
377
377
378
378
381
380
381
380
382
382
384
384
387
387
392
395
402
408
416
422
431
437
443
446
451
452
454
453
452
448
445
440
435
431
428
424
420
415
411
407
403
399
397
395
393
391
389
388
386
386
386
386
386
386
386
387
385
385
383
383
381
380
378
378
375
374
371
371
369
369
367
368
367
368
366
367
365
365
364
365
365
366
365
367
366
367
367
368
369
371
371
372
371
372
372
373
374
376
376
377
378
378
380
385
390
396
402
411
419
427
435
440
446
448
453
453
453
450
449
444
441
434
431
426
424
419
416
412
409
404
402
398
396
392
391
387
387
385
385
384
383
382
383
382
383
382
381
379
379
378
377
375
374
372
371
370
368
366
365
364
362
362
361
363
360
361
360
361
361
363
362
363
362
364
362
364
364
366
366
368
368
368
366
368
367
370
370
371
370
373
374
378
381
388
395
404
412
421
428
436
442
447
451
454
455
454
451
449
444
439
435
432
428
424
420
416
413
409
405
401
398
394
392
388
386
383
381
379
380
378
378
377
378
377
377
376
376
374
374
371
370
369
369
366
365
363
363
360
361
359
360
358
359
358
359
358
358
357
358
359
360
360
360
360
361
362
363
363
364
365
366
367
365
367
367
369
368
371
371
376
378
386
392
402
409
420
427
436
442
448
451
455
454
453
450
448
442
439
432
429
423
420
416
413
408
405
400
396
391
389
385
383
381
378
376
375
373
373
373
373
373
372
372
371
370
368
368
366
365
362
362
360
358
355
356
352
353
350
352
350
351
Loop stopped.
