Output started
30000
457
454
452
454
456
459
462
470
481
497
517
539
561
582
602
618
631
640
644
643
639
631
621
609
597
584
572
559
548
535
525
512
502
492
484
476
469
463
461
457
457
455
457
456
457
456
456
455
457
455
455
453
452
450
448
444
444
441
441
438
437
435
435
435
435
435
435
434
434
434
435
437
438
441
443
443
446
447
449
451
453
455
456
458
459
462
462
464
465
469
475
487
501
521
542
565
585
606
622
637
646
651
651
648
638
629
615
603
588
576
564
554
540
529
519
511
501
493
486
479
473
469
465
462
460
459
458
459
459
458
459
458
457
455
454
453
451
448
447
444
443
441
440
438
437
436
435
434
435
433
435
435
436
437
439
440
444
444
447
448
451
453
456
458
460
460
462
464
467
468
469
470
472
473
476
482
491
506
525
546
568
590
609
625
639
647
651
650
645
637
625
613
599
587
574
562
550
539
527
517
506
497
489
483
475
471
465
463
459
459
457
458
457
458
457
457
454
454
452
451
449
447
443
442
439
438
435
434
434
432
432
431
430
430
430
431
432
432
435
436
440
441
445
448
450
451
456
458
461
461
464
465
467
467
469
467
468
468
469
470
477
485
500
517
539
561
584
604
623
636
647
651
651
644
635
623
610
596
584
571
560
548
538
527
516
505
496
488
479
471
463
458
454
450
446
446
444
444
444
445
443
443
441
441
439
439
438
437
434
432
430
429
426
426
424
425
423
423
424
425
424
426
427
430
431
433
434
436
437
439
440
444
445
449
450
452
454
455
457
460
461
463
464
466
472
482
495
514
535
558
582
602
621
635
645
649
650
644
637
625
612
599
587
574
562
550
539
528
519
508
499
489
482
474
467
460
455
452
449
447
448
448
449
448
449
449
449
447
446
445
444
442
440
438
437
435
435
433
433
432
431
431
431
431
431
432
432
435
435
438
438
441
442
445
447
449
450
453
455
457
459
461
463
466
466
469
469
470
471
474
479
488
501
518
538
560
582
604
622
638
648
653
654
650
641
631
618
604
589
576
564
552
540
528
517
507
497
488
480
472
466
460
457
453
452
450
451
450
451
451
453
452
453
451
449
448
448
445
444
442
441
440
439
437
436
435
435
433
434
434
435
435
437
437
439
439
441
442
444
446
448
449
452
455
456
458
460
462
463
465
467
468
470
473
475
478
481
488
498
514
531
552
573
594
613
631
644
654
658
660
654
646
634
622
608
595
582
570
557
546
532
520
508
498
489
482
475
469
464
460
458
457
456
457
457
458
457
456
455
454
453
452
451
449
448
446
445
442
440
439
438
438
438
437
438
438
437
437
437
435
438
437
439
439
442
443
444
445
447
448
452
453
455
457
459
460
461
462
464
465
467
468
471
475
483
494
512
530
551
572
594
613
629
641
649
653
652
647
637
626
613
600
587
575
563
551
538
528
517
508
499
492
484
480
473
470
467
465
465
465
465
466
465
466
464
463
461
460
459
458
455
453
451
449
446
444
442
441
439
438
436
436
436
437
437
437
438
439
440
441
442
444
445
447
449
450
453
456
457
459
461
461
464
466
469
470
474
474
477
478
483
491
506
522
544
564
587
606
625
639
649
654
655
651
643
632
620
606
593
580
568
555
543
532
522
511
502
493
486
479
474
470
467
464
464
463
462
463
463
464
464
465
463
462
460
460
457
457
455
454
452
452
449
448
446
446
446
446
444
445
442
443
443
444
444
446
446
448
449
452
455
457
459
462
463
465
466
468
468
470
470
473
475
477
482
490
503
520
540
562
583
602
619
632
640
644
644
639
632
621
610
596
583
571
561
549
539
528
520
509
500
492
485
478
472
467
465
463
464
462
464
463
464
463
463
462
462
460
459
456
455
452
450
447
446
443
442
441
440
439
438
438
437
438
439
439
440
440
442
443
445
448
449
452
454
456
457
459
460
463
464
467
469
470
471
476
483
496
512
533
553
576
596
616
630
642
647
649
646
639
629
618
605
593
580
568
555
546
534
525
514
504
494
486
477
469
462
456
450
448
447
446
447
447
448
449
450
449
448
448
447
445
445
442
441
437
437
435
434
433
432
432
433
432
434
434
436
436
438
438
441
440
442
444
446
448
450
452
454
456
458
458
460
460
460
462
467
475
488
505
526
550
571
594
613
629
640
647
648
644
637
627
616
604
592
580
567
557
547
538
527
518
507
499
489
480
470
462
455
451
446
445
443
443
441
443
442
441
441
441
440
438
437
435
433
430
428
427
424
424
422
422
420
420
419
419
419
419
421
423
426
429
430
432
435
438
442
444
447
449
450
452
454
455
458
458
460
461
465
469
478
490
508
528
551
573
595
615
630
640
648
649
646
638
630
617
606
593
581
568
559
546
536
525
515
505
496
485
477
470
462
456
452
449
446
444
444
443
442
443
443
444
443
442
440
440
437
435
433
433
431
431
429
428
427
427
427
427
426
428
428
430
431
434
435
437
438
441
443
446
447
451
453
456
458
460
461
464
464
467
467
468
469
471
472
477
483
495
511
530
552
575
597
617
634
646
654
657
656
648
640
627
614
599
587
574
562
550
539
527
517
506
496
487
480
472
467
460
457
454
453
452
452
450
450
451
452
453
455
453
453
450
449
445
443
439
437
434
432
431
430
430
429
429
430
430
430
432
433
436
436
437
440
442
443
445
446
448
450
452
455
457
459
462
462
464
465
468
469
471
472
473
475
479
483
494
509
529
550
573
594
615
632
647
655
662
660
656
646
635
622
609
596
583
570
557
545
534
524
514
503
494
486
478
473
468
464
461
458
457
459
458
460
459
461
461
462
464
466
465
465
462
459
454
451
447
444
440
437
434
431
429
429
428
428
427
428
429
432
434
437
438
441
443
445
448
451
454
456
459
460
462
464
465
467
468
471
472
474
476
480
486
497
512
530
552
572
595
614
633
647
658
662
664
659
654
644
635
621
609
594
583
569
559
546
535
523
511
499
489
479
473
466
462
459
457
455
456
455
456
456
457
457
458
458
457
456
455
454
454
452
451
450
449
448
446
446
445
445
445
446
445
446
446
448
448
449
450
451
451
452
455
456
456
458
460
463
464
467
468
471
472
475
477
478
479
481
486
495
508
526
545
566
586
606
622
637
645
650
649
644
637
626
614
602
589
576
563
550
539
529
518
509
501
493
487
480
476
472
471
470
471
470
472
471
472
471
471
469
468
467
466
464
463
462
460
458
457
454
453
450
450
449
448
447
446
446
446
446
447
448
450
450
451
454
455
457
459
461
464
466
467
468
470
472
473
476
476
478
479
485
494
509
528
551
572
595
614
632
643
652
655
654
648
639
628
616
602
590
576
565
553
544
533
526
515
508
499
492
485
479
473
470
467
465
464
465
464
464
464
463
463
463
461
459
457
454
452
449
448
445
443
442
441
439
440
437
437
436
436
436
437
438
440
440
441
443
445
446
448
449
451
452
455
457
459
461
463
464
466
469
474
484
498
515
536
556
578
598
616
629
638
642
643
638
630
620
609
597
585
574
563
553
543
533
524
514
505
497
489
483
475
470
464
461
457
457
454
455
454
454
452
451
446
443
440
438
436
437
438
439
438
440
439
440
440
440
438
439
438
438
438
439
440
441
442
443
444
446
447
449
451
452
453
456
458
460
462
462
465
465
468
472
481
493
510
529
550
572
593
611
626
636
644
646
645
637
628
616
605
592
582
569
560
547
538
528
519
508
499
491
484
476
472
466
462
459
457
456
455
453
453
453
453
453
452
451
451
448
447
445
443
442
440
439
438
437
435
435
434
434
433
433
433
435
436
438
437
441
443
445
446
448
450
453
454
456
457
459
460
462
463
465
468
475
484
499
516
538
558
579
597
616
630
642
647
647
643
635
626
614
602
590
580
568
558
547
537
526
517
507
500
492
486
480
476
470
466
464
463
462
462
461
461
461
461
458
457
454
453
451
450
448
446
443
442
439
439
436
436
434
434
433
434
434
436
437
438
439
441
441
444
446
448
449
452
455
456
458
459
462
464
465
466
468
472
479
491
507
525
546
565
586
602
619
630
640
643
642
636
627
616
605
592
581
569
560
549
540
530
521
511
503
496
490
483
478
473
470
468
467
466
467
467
467
466
465
464
462
461
458
455
453
451
448
446
443
443
441
440
438
439
437
437
436
438
439
440
442
443
443
444
446
449
450
452
453
456
456
458
460
462
464
467
467
469
470
475
481
495
511
530
549
571
591
610
625
636
642
643
640
634
624
613
600
588
576
565
555
545
536
526
516
507
499
491
484
478
474
470
468
466
467
467
467
466
467
466
466
466
466
465
464
460
459
456
455
453
452
450
449
447
446
445
444
444
445
445
447
447
448
447
448
449
451
452
455
457
459
461
462
464
466
467
469
471
473
474
479
487
499
517
535
557
576
597
614
629
638
644
643
640
631
622
611
598
585
574
562
552
542
531
521
512
502
494
485
480
473
468
464
462
460
460
460
460
460
461
460
460
459
457
457
456
454
452
450
446
444
442
441
439
437
437
436
435
437
437
438
439
441
442
445
446
449
450
452
454
457
458
462
462
465
466
468
470
472
473
477
484
497
510
529
550
572
594
614
630
643
650
652
649
643
633
620
608
595
584
572
563
552
543
534
526
516
507
497
489
481
474
466
461
456
453
450
449
448
448
447
447
445
445
444
443
441
441
438
436
434
432
430
428
426
426
425
426
424
426
426
428
429
431
432
434
436
440
441
445
447
450
452
454
455
457
458
460
462
464
467
473
483
498
516
536
559
581
602
619
635
642
647
645
641
631
623
610
598
585
575
564
555
545
536
526
517
506
497
487
479
471
464
458
455
451
448
447
447
445
445
444
445
444
443
443
441
440
438
437
436
434
432
432
430
429
427
427
427
428
428
430
430
432
433
436
438
441
442
444
447
449
451
455
457
461
461
463
463
464
464
466
467
472
479
492
508
528
549
571
592
612
627
638
645
646
642
635
625
614
602
590
579
567
556
545
534
524
514
505
495
487
480
473
468
462
459
456
456
453
454
454
455
455
454
453
454
452
451
448
447
445
442
440
440
438
438
436
435
434
435
434
435
436
437
438
440
440
442
443
445
446
449
450
453
455
457
458
460
462
464
465
466
468
469
471
474
479
487
500
514
534
553
575
594
612
628
641
646
647
644
638
628
618
604
592
580
569
558
548
537
527
517
508
498
491
485
479
473
471
468
467
465
464
463
463
462
462
462
462
460
459
457
455
453
451
449
447
445
443
442
441
440
439
439
438
439
438
439
439
441
442
445
447
449
449
452
453
456
458
460
461
463
464
466
467
471
471
473
474
475
476
480
486
496
509
526
544
565
584
602
616
628
636
640
641
637
629
619
607
594
583
570
560
549
540
529
520
511
505
497
490
484
480
476
474
472
472
472
473
472
472
471
470
468
468
466
465
463
462
459
458
455
453
452
450
448
447
445
445
444
443
442
444
443
443
444
445
446
447
449
451
454
455
457
459
461
462
465
467
469
471
473
474
475
477
481
485
495
506
523
539
558
576
594
610
626
635
642
643
641
635
626
614
604
591
581
570
561
549
540
528
520
510
504
497
493
488
485
481
480
478
478
477
478
477
478
477
477
475
475
473
471
469
467
465
462
460
457
455
454
453
451
451
449
449
448
450
450
451
450
452
451
454
454
456
457
460
461
464
464
466
468
472
474
477
478
480
481
483
486
497
508
523
539
558
575
593
608
620
628
633
632
628
622
612
602
591
581
570
560
549
540
529
521
512
506
498
493
487
484
481
480
478
478
478
479
479
480
480
481
480
480
479
478
476
475
472
472
467
466
464
463
461
459
458
457
456
456
456
456
456
456
456
457
459
460
462
464
465
466
467
468
470
472
474
475
476
477
479
483
491
502
518
534
554
572
591
607
621
629
633
634
632
625
617
607
596
585
575
564
555
545
538
528
520
512
505
497
491
486
482
479
477
475
475
475
475
474
475
475
475
474
474
472
471
469
466
464
462
460
459
457
456
454
451
451
449
449
449
448
447
449
449
451
452
454
454
456
456
457
458
461
462
465
467
469
470
474
480
491
504
522
541
562
582
601
615
626
632
635
632
626
617
608
598
586
575
565
555
547
538
529
523
514
506
497
491
484
479
474
471
467
467
465
465
463
463
462
463
462
461
460
459
458
457
455
454
450
449
447
446
444
443
441
442
440
440
441
441
441
443
444
446
447
449
450
453
455
455
458
459
461
462
465
468
475
484
497
512
531
549
568
587
605
618
628
632
633
627
620
610
600
588
578
567
558
549
541
532
524
515
507
500
494
486
479
474
468
464
462
461
461
461
461
461
460
459
458
457
457
456
455
454
451
450
449
447
447
446
445
444
444
443
444
444
444
444
445
447
447
448
449
452
453
454
455
457
458
460
462
464
467
472
479
492
505
523
540
561
579
596
608
619
624
626
622
616
607
597
586
577
567
560
551
542
534
525
517
509
501
496
490
484
480
476
473
470
469
468
468
467
467
465
465
464
464
462
461
458
458
456
455
452
451
449
447
445
446
444
444
443
445
444
445
446
448
448
450
451
452
454
456
457
458
458
460
462
464
465
468
473
482
493
508
526
543
562
579
594
606
Loop stopped.
