Output started
30000
476
470
473
479
483
487
486
487
484
481
476
471
466
461
456
451
446
442
437
432
429
425
422
418
417
412
410
406
406
403
405
403
405
403
405
404
406
405
405
404
404
402
403
401
400
399
399
396
396
394
394
391
392
390
392
391
391
391
392
392
392
392
393
392
394
394
394
395
396
397
398
398
398
400
401
402
402
404
404
405
406
408
409
411
410
411
410
413
415
422
429
439
447
456
465
474
482
489
492
496
497
496
492
490
484
479
472
468
462
457
451
447
441
437
432
429
426
422
419
417
414
412
411
409
409
408
409
409
410
409
410
409
409
407
407
405
405
404
404
402
402
400
399
397
397
396
395
395
395
394
394
393
394
394
395
395
396
396
397
398
399
398
400
399
400
402
403
403
404
404
405
405
407
408
410
410
410
409
409
411
415
421
429
438
447
456
464
474
481
488
492
495
495
493
489
486
480
475
467
463
456
452
446
442
436
433
428
425
422
419
415
414
410
410
408
408
407
407
407
409
408
408
407
408
406
406
405
406
404
403
401
401
400
398
397
395
395
394
394
393
396
394
394
393
394
393
395
396
397
396
398
397
399
399
401
400
402
401
402
401
402
402
404
404
405
407
408
410
415
420
428
435
444
453
462
469
478
483
487
489
490
488
485
481
476
471
465
460
455
449
444
440
436
431
427
425
420
418
414
412
410
408
406
405
405
406
405
406
406
406
405
406
405
406
403
403
402
401
400
400
398
399
396
396
395
394
393
393
393
393
392
393
393
394
392
393
393
394
394
395
395
396
397
399
399
400
401
401
401
402
403
404
404
405
406
407
409
413
420
427
436
444
454
461
470
476
485
488
492
491
491
488
486
479
475
469
464
459
454
447
444
439
435
430
427
422
420
416
415
411
410
408
407
406
406
406
406
406
406
405
405
405
404
404
403
404
403
403
401
400
399
398
397
396
394
395
393
393
392
393
392
393
393
394
394
395
394
396
396
397
397
398
399
401
401
403
402
403
402
402
402
403
403
404
406
407
407
409
413
418
425
435
444
452
462
471
480
487
493
495
498
497
495
491
487
481
476
470
465
459
455
449
444
439
435
429
428
422
420
416
413
411
409
407
406
405
406
405
405
405
406
405
405
404
404
403
403
401
400
398
398
398
396
396
395
393
394
391
390
390
390
391
391
392
392
393
393
395
395
395
396
397
398
399
398
400
399
401
402
403
403
404
403
405
405
407
408
409
411
415
421
429
437
446
454
465
472
481
488
496
498
501
501
499
495
491
484
480
473
468
463
456
452
447
442
437
432
429
426
424
421
417
416
412
411
410
411
409
410
410
411
409
410
409
408
407
408
406
407
404
404
401
401
399
399
398
398
395
396
394
394
394
394
393
395
394
395
395
396
396
397
397
399
400
401
401
402
402
402
402
403
403
404
406
407
408
407
409
410
414
420
428
435
446
455
465
472
481
486
491
492
493
491
489
483
479
473
468
462
457
450
447
441
437
431
427
423
420
416
414
412
410
408
407
406
407
408
408
408
410
409
408
408
407
405
405
404
403
402
401
400
399
399
397
397
395
394
393
394
393
394
393
394
393
394
394
396
396
397
397
398
398
400
400
401
402
402
403
405
404
406
405
406
408
411
417
426
435
445
453
464
472
480
486
491
491
492
490
487
482
478
471
466
461
455
449
445
441
436
432
427
424
419
417
412
411
406
406
402
403
401
403
401
403
402
404
402
402
400
401
399
399
397
397
396
397
395
394
392
392
390
390
389
390
388
389
389
390
390
391
390
391
391
392
393
394
394
395
396
396
397
398
400
398
400
399
401
401
406
410
419
427
438
447
459
467
476
482
488
488
490
488
486
480
477
471
467
461
457
451
448
443
439
434
430
426
423
418
415
411
408
406
404
404
403
403
403
402
402
403
402
402
400
401
400
398
397
396
394
393
392
390
389
388
386
386
385
384
384
385
384
385
385
386
386
387
387
387
387
389
388
391
391
392
391
393
393
395
394
396
396
397
398
400
403
409
416
427
436
447
457
467
474
480
485
487
487
488
484
481
477
471
466
461
456
450
446
440
436
430
428
422
419
415
412
407
406
402
401
398
398
397
397
396
398
397
397
396
396
394
394
393
394
391
391
390
390
388
387
384
384
383
384
383
383
382
382
383
383
383
384
386
386
387
387
388
388
390
390
392
392
393
393
395
395
397
396
396
396
398
399
401
400
402
402
406
409
416
423
434
442
453
461
470
477
483
486
490
489
488
486
481
476
471
465
460
454
450
445
441
435
431
425
421
418
415
413
409
408
405
405
402
403
402
402
401
403
402
403
400
401
399
399
397
397
395
395
393
394
392
391
390
390
388
389
388
388
387
388
386
388
389
389
388
390
390
390
391
393
393
393
394
395
395
396
397
399
399
399
398
399
400
402
402
403
405
406
408
413
419
427
436
445
454
462
472
478
486
489
493
492
491
487
483
477
473
466
462
456
452
447
444
438
435
430
427
422
420
416
415
411
408
407
407
405
406
406
406
405
406
405
404
403
403
402
401
399
399
398
396
397
395
395
394
393
392
392
390
390
388
391
390
391
390
392
391
392
392
394
393
395
396
397
396
398
398
400
399
400
400
402
401
402
402
403
404
405
406
408
409
412
415
422
429
436
444
452
462
471
480
486
493
495
497
496
494
490
487
480
476
470
465
458
454
448
445
438
434
430
426
423
420
417
415
412
412
408
409
409
410
409
410
410
410
410
409
409
409
407
407
405
405
403
403
402
401
399
399
398
398
397
398
397
397
397
397
397
397
398
399
400
401
401
401
401
402
403
404
405
404
405
404
406
405
407
406
408
409
410
409
410
410
413
415
420
425
434
441
450
459
468
475
484
488
492
492
492
490
488
482
479
471
467
461
455
450
445
439
436
432
427
423
420
416
414
412
411
410
409
410
409
409
409
411
409
410
409
410
409
410
408
408
406
407
404
404
401
402
401
400
399
399
397
397
396
396
395
396
395
396
396
398
398
399
399
400
401
402
403
403
404
405
405
406
407
408
409
409
410
410
412
413
417
421
429
437
447
455
466
473
482
488
492
493
494
492
491
485
481
475
470
463
458
451
446
441
437
433
431
426
424
421
418
415
413
412
411
410
412
412
412
412
412
412
412
411
410
411
410
409
408
407
406
404
402
402
400
400
398
397
397
398
397
398
398
399
399
400
400
401
400
402
402
404
403
404
403
405
404
406
406
407
406
408
408
410
413
418
426
434
443
453
462
473
481
487
491
495
495
495
491
486
481
475
469
464
458
454
448
444
442
436
432
428
424
420
417
412
410
406
407
404
405
404
405
404
406
404
405
404
404
402
402
400
400
397
397
395
395
392
392
390
390
389
389
387
387
387
388
387
388
387
387
388
389
389
390
391
393
393
394
395
395
395
395
397
396
398
397
399
400
404
408
417
425
435
444
455
464
474
481
487
490
492
490
490
485
481
476
471
464
460
454
451
445
441
436
432
428
425
419
416
413
410
407
405
403
401
400
400
400
399
399
398
398
397
396
395
394
393
393
391
391
389
388
386
386
384
384
382
383
382
382
382
383
383
383
384
386
386
387
387
389
389
390
390
392
391
391
392
393
394
396
396
398
398
400
402
409
416
426
435
446
454
465
473
481
486
491
492
492
489
487
482
477
471
465
461
455
449
443
439
433
429
423
420
414
412
407
405
402
401
399
400
398
398
397
399
397
398
397
397
395
395
392
394
391
392
390
390
389
388
387
387
385
386
385
385
384
383
384
385
385
386
386
386
388
388
391
391
392
392
393
393
395
393
395
394
395
395
397
397
398
398
401
404
410
416
425
434
443
452
462
470
479
483
489
490
491
489
486
481
477
471
466
461
456
452
447
441
436
431
427
422
418
414
411
408
405
403
402
402
401
403
401
403
402
403
401
401
399
399
397
397
395
396
394
395
395
396
395
396
394
394
392
391
390
390
389
389
388
388
387
388
387
388
388
389
389
391
391
393
393
395
395
396
395
396
396
397
397
398
399
400
402
405
411
416
425
434
443
452
462
470
481
486
491
494
495
494
492
487
484
477
472
466
462
456
452
446
443
436
432
428
426
421
419
414
413
410
409
406
407
406
407
406
406
406
406
405
405
404
404
401
400
398
397
396
396
395
393
393
391
391
389
390
388
390
388
390
389
390
388
391
389
392
391
393
392
394
395
397
397
400
400
402
401
402
402
404
403
405
406
407
407
408
409
411
414
419
427
435
444
453
462
471
479
485
491
494
496
494
492
488
484
478
473
467
462
457
452
447
442
437
432
426
423
419
417
412
410
407
405
402
403
401
402
402
404
403
403
402
402
401
401
400
400
399
399
397
397
396
395
394
394
393
393
393
392
392
392
392
392
392
393
393
394
396
396
397
397
398
398
399
399
400
401
402
402
403
403
404
404
405
405
407
406
409
408
411
411
417
422
430
437
447
455
465
473
483
488
494
496
499
497
496
491
487
481
476
469
464
459
456
451
445
440
435
431
428
424
422
418
416
413
411
411
409
409
408
409
409
409
408
408
408
409
406
407
405
405
403
402
400
401
399
401
399
398
397
398
397
398
397
398
397
398
397
398
398
400
400
401
401
403
403
404
405
405
406
406
407
407
407
408
409
410
411
412
412
413
414
414
419
421
428
435
444
451
460
468
477
483
489
492
493
491
491
486
484
478
474
468
463
456
451
446
442
436
434
429
426
423
421
418
417
414
414
412
412
412
412
412
413
413
414
412
412
411
411
409
409
407
406
407
406
406
404
403
402
402
401
401
400
400
398
399
398
400
400
402
401
403
403
405
404
406
405
407
407
409
407
408
408
410
410
410
409
411
413
418
424
433
440
450
458
467
475
482
486
491
491
490
488
485
480
475
469
464
462
455
450
445
441
436
433
429
426
422
421
417
416
413
413
411
412
411
413
411
413
412
413
411
413
411
411
408
409
406
406
405
403
401
401
399
397
397
396
395
395
395
395
395
394
395
394
395
395
396
397
399
400
402
402
402
402
403
402
405
405
406
406
407
406
410
411
419
426
436
444
455
463
473
480
487
491
492
492
491
487
484
478
473
468
462
458
452
447
444
440
436
431
428
425
422
417
415
411
409
406
404
403
402
403
403
403
403
403
403
402
401
400
399
397
396
395
394
393
391
391
389
389
388
388
387
387
387
387
388
389
389
391
391
392
392
393
393
395
394
396
396
397
397
397
396
398
398
399
400
402
405
410
416
424
433
442
453
462
471
480
485
490
491
491
490
486
482
477
472
466
464
457
455
448
444
439
436
431
428
423
421
417
415
411
409
405
404
403
403
402
403
402
402
400
400
399
398
396
395
393
393
392
391
389
389
387
386
385
385
383
383
383
382
383
384
384
385
387
387
390
389
390
390
393
392
394
393
395
395
396
395
397
396
398
398
399
400
403
406
412
418
428
436
447
456
466
473
480
485
488
488
488
485
482
476
472
466
462
457
453
449
445
440
435
431
427
423
418
414
411
408
404
403
401
400
398
398
399
399
400
400
398
398
396
394
393
393
391
391
389
388
387
387
