Output started
30000
430
416
413
410
412
411
413
412
413
413
415
414
415
415
416
416
418
419
420
420
420
420
421
420
421
422
423
423
424
424
425
424
427
430
433
437
442
447
454
459
464
469
471
474
474
475
474
474
470
470
467
465
462
460
457
456
454
453
451
450
449
447
445
445
443
444
444
445
443
444
443
443
442
442
440
439
438
438
437
436
435
434
431
430
428
427
426
426
424
423
422
423
421
419
418
418
418
417
418
418
418
418
418
417
417
416
418
419
420
420
420
419
421
420
422
421
423
423
424
424
426
427
432
434
440
445
450
455
461
465
467
468
470
469
469
468
467
465
463
461
459
457
456
453
452
450
448
448
446
445
445
443
442
440
440
441
440
440
439
439
437
438
435
436
434
433
430
431
429
429
427
426
423
423
421
421
420
420
419
419
417
417
416
416
414
415
414
415
415
416
415
416
415
416
416
417
417
417
417
418
417
417
418
418
420
421
422
423
423
422
423
424
427
430
435
440
446
450
456
460
464
464
467
467
469
466
467
464
462
459
459
456
455
452
453
450
448
446
445
441
439
437
436
435
437
437
437
437
438
438
438
438
437
437
436
435
434
433
433
432
432
431
431
430
429
427
427
428
427
427
426
426
426
427
426
427
426
426
425
426
425
426
426
427
425
427
427
429
428
429
429
429
428
429
428
430
430
431
430
431
432
433
434
436
439
445
449
455
459
463
464
466
468
467
468
467
467
465
464
460
459
457
455
452
452
448
448
445
445
442
442
438
439
437
438
436
436
435
434
433
433
432
433
432
433
431
431
429
428
428
428
427
427
427
427
426
426
424
424
424
424
423
423
423
424
423
423
423
423
424
423
424
424
425
426
426
427
427
426
428
427
428
429
430
429
430
429
430
431
434
436
439
443
448
452
457
459
462
462
464
463
464
464
463
461
460
456
456
452
453
451
451
448
448
445
444
442
442
440
439
439
441
438
437
437
437
437
436
437
436
435
434
436
434
433
430
431
429
430
428
428
426
426
424
426
424
424
424
432
429
424
421
421
421
422
421
423
422
423
423
425
424
425
425
426
425
426
428
429
428
428
429
428
429
430
433
436
440
444
449
452
456
458
461
462
464
463
464
463
463
460
459
457
456
453
452
449
449
447
446
443
443
441
441
438
439
437
437
437
436
436
436
436
435
434
435
434
433
433
433
432
431
430
429
427
427
427
427
426
426
425
425
426
426
427
426
427
425
425
425
425
426
426
425
427
426
428
428
429
429
430
430
430
429
430
429
430
430
432
430
432
432
433
434
436
437
441
443
447
451
455
458
461
462
464
463
462
461
459
459
458
457
454
452
450
448
447
448
447
445
446
449
444
442
441
440
441
440
439
440
439
439
438
438
437
437
435
436
435
436
435
436
434
434
432
432
431
431
430
430
430
430
428
429
428
428
428
429
428
428
428
428
428
428
429
430
430
430
431
431
432
432
433
433
432
432
432
432
433
434
436
434
434
432
433
434
437
438
444
445
449
452
457
458
462
462
466
465
464
463
464
463
462
460
460
458
456
454
453
451
451
450
448
446
445
444
444
443
443
443
443
444
444
445
444
443
442
442
441
441
440
440
439
439
437
438
436
436
434
435
435
435
434
435
434
435
433
434
433
434
433
433
432
432
432
432
431
433
433
434
433
434
435
434
434
434
434
433
434
434
435
435
436
436
436
437
437
437
440
442
445
446
451
453
457
461
464
464
467
466
468
466
466
465
465
463
463
462
461
457
456
453
453
452
452
451
451
449
448
447
447
447
447
448
449
448
448
447
447
445
445
445
444
444
442
442
441
440
440
439
438
438
437
438
436
436
436
435
433
433
433
432
432
432
432
433
432
432
431
432
430
432
432
433
432
433
432
432
432
433
431
433
433
435
435
435
435
435
434
436
437
440
442
445
449
452
454
458
462
464
464
466
466
467
467
466
466
464
464
461
462
459
459
456
456
454
454
452
453
451
450
449
450
450
451
449
451
449
449
447
448
446
447
445
446
444
444
442
443
440
441
438
438
437
436
435
436
435
435
435
434
434
433
432
432
431
431
433
432
431
430
431
430
431
429
431
430
431
429
431
429
430
428
431
431
433
432
433
431
432
433
435
436
439
441
446
449
453
457
460
462
465
466
467
466
466
467
465
464
462
460
458
456
454
453
452
451
449
450
448
448
446
447
445
447
446
447
445
444
444
444
444
445
443
443
442
442
442
442
440
440
440
439
437
437
437
437
436
436
436
436
435
435
434
434
434
434
435
436
435
436
436
437
436
437
436
436
436
437
436
436
435
436
436
437
437
437
437
435
436
435
438
439
440
442
447
450
454
456
461
462
465
466
466
465
466
464
464
461
461
458
457
455
455
453
453
451
453
450
449
447
448
446
446
444
445
445
445
444
445
443
442
442
442
440
441
441
441
441
440
439
438
438
437
436
435
436
434
435
434
434
433
434
432
434
432
434
433
434
433
434
432
433
432
433
433
434
434
435
433
434
433
434
433
434
434
436
435
434
434
437
438
440
443
448
452
455
459
461
462
463
466
464
464
463
463
460
460
457
456
453
452
450
451
449
449
447
448
445
444
442
444
441
441
440
441
439
440
439
439
438
438
438
436
435
436
436
435
433
433
432
433
431
430
430
429
429
429
429
428
427
427
428
428
429
430
431
430
431
430
430
430
430
432
433
432
433
432
433
432
432
431
433
432
434
434
435
433
434
435
437
438
442
445
448
452
456
460
462
462
464
465
466
464
463
462
460
456
456
453
453
451
450
449
448
447
447
445
445
444
444
444
442
443
441
441
439
440
439
439
439
439
437
437
434
435
433
433
432
432
431
431
430
430
429
430
428
430
429
430
429
429
430
430
429
431
430
432
431
432
431
432
432
433
432
432
432
432
431
432
431
432
432
433
434
433
434
433
433
433
434
433
434
432
435
435
438
439
442
444
450
452
457
459
464
463
465
465
465
464
464
461
460
457
456
453
453
451
451
449
450
448
447
445
445
443
443
443
443
442
442
441
442
441
440
442
441
441
440
440
438
439
437
438
436
436
434
434
432
433
432
433
430
431
430
431
430
432
430
432
431
432
431
432
432
434
433
433
433
433
433
434
434
434
435
435
434
434
434
435
435
434
435
435
434
434
434
435
434
435
437
437
437
436
437
437
439
440
443
444
450
452
457
460
463
465
466
467
468
466
465
464
463
460
459
456
455
454
453
451
450
449
449
447
447
445
446
444
445
444
444
444
445
443
443
443
443
442
441
441
441
440
440
439
440
440
438
437
436
435
435
435
435
435
433
435
433
434
433
434
434
435
435
436
435
437
435
435
435
435
435
436
435
437
435
438
436
436
435
436
436
437
436
437
436
436
435
437
437
438
439
439
439
439
439
440
441
444
447
450
453
456
460
464
468
468
471
471
471
469
469
467
466
463
464
460
459
456
456
452
451
449
451
449
449
448
447
446
445
445
446
446
447
445
446
445
445
444
445
443
443
442
443
442
441
440
438
438
438
438
438
438
437
438
436
437
436
437
436
436
435
437
435
436
436
437
436
436
434
436
434
436
435
437
438
438
437
437
436
436
435
436
437
439
438
438
437
437
437
438
438
439
440
439
438
440
441
442
445
448
452
456
461
466
468
470
472
471
473
471
471
469
467
465
463
461
461
458
457
455
455
453
453
452
453
451
451
450
450
450
450
450
450
450
450
448
449
448
447
447
447
446
446
445
444
443
442
441
440
439
439
438
437
437
437
436
435
434
435
434
434
435
435
435
434
434
434
435
435
436
436
436
435
436
434
435
435
437
436
436
436
437
436
437
436
437
436
438
437
438
437
439
439
440
441
443
444
447
450
456
460
466
468
471
470
471
470
470
469
469
467
465
464
462
462
460
458
457
458
456
456
454
454
453
454
452
453
451
453
452
452
451
452
451
452
449
449
448
448
447
447
446
445
443
443
441
440
439
440
439
440
438
438
436
436
436
436
435
434
435
435
434
433
435
434
433
434
434
434
434
434
436
434
434
434
435
433
435
434
436
435
435
434
435
434
437
438
439
438
439
438
438
438
440
441
443
446
450
454
458
461
464
467
468
469
469
468
468
466
465
463
463
461
459
458
456
456
454
455
454
454
453
453
451
452
451
452
450
451
450
450
449
450
448
448
447
448
447
446
444
444
444
443
441
440
440
439
438
437
436
435
434
434
433
433
432
432
432
432
431
431
431
432
433
433
433
432
433
432
433
433
434
436
437
436
436
436
437
437
438
438
439
439
440
439
440
438
439
439
442
443
446
447
452
455
460
463
467
468
471
470
470
469
469
468
467
465
464
463
461
458
458
456
456
455
455
454
453
451
451
450
449
448
449
449
448
449
448
448
447
448
446
447
447
447
446
446
445
445
442
442
441
442
441
441
439
441
439
439
438
439
437
437
437
438
438
438
437
439
437
439
438
440
439
438
439
440
439
439
439
440
439
439
439
439
439
439
440
440
440
440
442
442
444
444
448
451
455
458
463
465
468
468
470
470
472
470
471
467
466
463
463
460
461
460
458
456
455
453
453
451
450
449
449
448
449
449
449
447
447
447
446
445
445
446
444
443
440
442
441
439
439
439
437
437
436
437
436
435
434
435
433
434
434
435
433
434
432
433
432
434
435
435
434
433
433
434
433
434
436
435
433
434
433
433
432
433
435
435
434
434
433
434
434
436
440
443
446
449
452
456
460
465
467
469
469
469
470
468
468
468
466
463
462
459
458
455
454
453
453
451
450
449
449
446
447
446
447
446
446
445
444
443
445
445
445
442
442
440
440
440
440
437
437
436
435
434
435
433
434
432
432
432
432
431
431
430
432
431
432
431
431
432
431
433
433
434
433
433
433
434
434
434
434
435
433
434
432
433
432
436
434
435
434
435
436
438
438
442
444
447
451
456
459
463
465
469
469
470
469
469
468
467
464
463
461
459
458
457
456
455
453
452
451
450
450
448
448
446
446
444
444
444
445
443
444
442
442
440
441
439
440
438
438
436
436
433
433
432
432
431
433
432
432
431
430
429
431
431
432
431
431
430
430
430
431
431
432
432
432
430
430
430
431
430
432
432
432
431
432
432
432
432
431
433
433
435
434
434
432
434
433
438
440
443
445
449
453
458
463
466
467
470
470
471
469
469
467
466
462
461
458
458
455
455
453
451
448
448
447
446
445
444
443
442
442
441
441
441
440
440
440
439
440
439
440
439
438
436
436
433
434
432
433
432
431
430
430
428
429
428
428
428
429
429
430
429
429
428
430
430
431
431
432
431
432
431
432
432
432
432
432
431
432
431
432
432
432
431
432
432
432
432
433
433
433
433
434
438
440
444
447
453
456
461
465
468
470
472
472
473
472
470
469
466
463
461
458
459
456
455
452
451
448
449
447
447
445
444
443
442
441
442
441
442
441
441
439
439
438
438
437
437
436
435
434
434
433
432
432
431
432
431
430
429
430
429
432
430
430
429
430
429
431
430
432
431
432
431
432
430
433
431
433
432
