Output started
30000
481
476
473
476
476
478
478
478
477
477
477
480
482
485
487
488
489
492
494
498
501
502
506
507
511
513
516
518
522
524
527
527
527
526
526
525
527
526
525
522
520
519
517
515
514
512
510
508
508
506
506
505
505
504
502
501
501
500
501
501
501
500
499
496
495
495
494
493
492
491
490
489
487
486
486
486
485
485
483
481
481
480
480
481
481
482
481
480
478
478
478
479
479
480
479
480
480
480
478
479
480
482
481
481
482
483
483
483
482
482
482
483
483
487
487
489
488
489
488
490
491
494
496
499
503
507
511
514
517
520
521
523
525
527
528
527
526
523
523
522
521
518
518
516
516
513
513
511
512
510
511
509
508
507
507
506
506
505
506
505
505
504
503
501
500
498
498
498
498
496
496
494
493
492
492
492
493
493
491
488
486
485
483
484
484
485
484
484
482
482
480
481
480
481
480
482
479
479
477
478
477
479
480
481
481
480
479
479
478
479
480
482
482
481
479
478
478
479
481
486
486
487
487
490
492
494
495
498
499
503
508
512
516
519
523
525
526
528
530
530
529
528
529
528
529
527
527
523
521
518
517
515
516
516
517
515
514
511
511
509
509
508
509
510
510
507
506
503
502
499
500
498
497
495
495
495
494
492
490
489
489
488
487
485
484
483
482
482
482
480
479
478
478
479
478
479
479
478
476
475
475
475
474
476
476
477
476
476
476
477
477
478
478
480
479
480
479
481
480
481
481
480
478
479
480
482
485
488
489
492
493
496
496
499
502
507
512
518
522
524
526
528
531
533
534
536
535
533
533
532
532
530
529
527
525
522
521
519
518
518
516
513
512
508
507
506
506
506
506
505
506
503
502
500
498
497
496
495
494
492
491
490
488
486
485
484
485
484
483
480
479
478
478
477
476
476
474
474
473
474
475
475
474
474
474
474
473
472
471
473
473
474
474
474
473
474
473
473
473
473
474
474
474
475
475
475
473
475
475
478
480
481
480
480
479
481
482
485
488
495
499
504
510
515
518
520
522
524
526
526
525
523
522
520
518
516
515
514
512
510
509
507
506
504
503
501
500
498
496
493
494
494
495
494
495
494
494
492
491
488
486
484
485
483
483
483
482
480
478
476
477
476
475
474
474
472
473
472
472
471
470
468
468
468
469
469
471
472
472
473
471
471
470
469
469
471
473
474
473
475
473
475
474
476
475
475
474
475
474
476
477
480
481
483
481
479
479
482
486
491
494
498
501
505
510
515
518
523
524
527
528
528
526
526
524
524
523
521
519
518
515
513
511
510
509
509
508
507
505
502
501
500
500
499
500
498
497
494
495
494
494
492
492
489
488
486
486
484
484
483
483
481
480
479
478
478
478
476
475
473
472
471
473
472
474
474
474
473
475
474
475
475
475
475
475
475
474
475
475
476
476
476
475
475
475
476
476
476
475
477
476
476
475
478
478
481
481
483
483
485
485
488
490
493
495
499
502
508
512
517
519
522
522
524
525
526
525
524
522
521
519
518
516
515
512
512
510
509
507
507
508
507
506
504
502
500
499
499
499
497
498
497
497
495
495
492
491
489
489
487
487
486
486
486
486
483
483
481
481
479
480
480
479
477
477
475
476
475
475
474
475
475
476
475
474
474
474
473
474
474
474
474
474
474
475
475
476
477
477
477
475
475
475
476
477
479
479
479
477
480
481
483
485
488
489
493
493
495
496
499
503
509
513
516
518
519
519
520
519
519
519
519
518
518
517
517
515
513
511
510
508
508
506
505
505
505
503
501
499
497
497
497
498
499
499
498
496
494
492
491
490
489
489
489
488
484
484
482
482
480
481
481
482
481
480
477
476
474
476
476
477
476
476
475
475
474
475
475
477
476
475
473
473
472
473
474
475
474
476
475
475
475
475
476
478
478
477
476
476
477
478
479
479
481
482
483
482
483
484
487
489
492
493
495
495
499
502
508
510
514
516
518
517
517
516
517
517
517
516
516
514
513
511
510
507
506
505
504
502
502
501
501
500
500
499
498
498
498
497
496
496
495
497
494
493
492
493
493
492
490
490
489
488
485
485
484
484
482
483
481
482
479
478
478
479
478
479
479
480
479
479
477
477
476
477
478
480
481
481
479
478
478
480
480
482
482
482
482
481
480
480
480
480
482
482
482
482
482
484
486
487
488
488
490
491
493
493
496
499
504
508
512
514
515
514
515
514
515
514
515
513
512
510
510
509
509
508
507
506
507
506
506
505
504
503
503
502
502
501
500
500
501
501
501
499
498
496
494
493
493
493
493
494
493
493
492
492
491
490
489
490
489
490
488
488
485
485
485
485
483
485
486
488
487
487
486
485
483
485
484
485
486
488
487
487
485
486
484
485
485
487
487
488
487
486
484
484
484
486
488
488
489
490
489
491
492
494
496
496
497
500
505
507
511
512
516
517
518
518
519
518
517
516
517
515
515
513
513
511
512
511
509
507
507
506
507
507
507
505
504
502
503
502
503
504
505
504
503
502
503
501
500
500
499
501
500
498
497
495
494
494
494
494
493
492
491
489
488
487
486
487
487
488
487
487
486
485
485
486
486
485
484
484
483
483
483
484
484
485
483
483
483
483
483
485
485
486
486
486
485
485
483
483
483
485
486
489
491
491
491
492
493
495
497
500
504
507
511
514
517
518
519
520
521
521
522
521
522
520
520
519
519
517
517
516
516
514
514
512
512
512
512
510
510
508
507
505
507
506
507
508
508
507
507
506
505
504
505
504
503
502
501
498
495
495
493
491
491
489
487
486
485
485
485
485
485
486
485
484
484
483
481
482
481
482
480
480
477
478
479
481
481
482
481
481
479
480
481
484
482
482
480
481
480
481
482
485
487
489
487
489
489
490
491
493
493
497
500
505
510
515
520
522
523
525
528
529
532
533
533
531
528
526
525
522
522
520
519
517
517
513
512
511
511
509
509
507
507
506
506
505
505
503
502
499
498
495
494
492
492
492
491
488
488
486
485
483
483
482
482
479
478
477
476
475
475
474
473
472
472
472
472
473
472
472
470
471
471
471
470
471
470
471
471
472
472
473
472
472
471
472
473
475
476
478
478
480
482
485
486
488
490
493
497
502
506
510
511
512
513
514
516
519
520
521
520
517
515
514
512
512
510
508
506
505
502
501
501
499
499
497
495
494
494
493
494
495
496
495
494
490
489
486
487
485
486
484
485
482
482
479
480
478
479
476
476
475
476
475
475
474
474
471
471
469
470
470
470
470
469
467
466
467
468
469
470
470
470
470
470
470
472
472
473
474
473
473
472
474
474
476
477
479
478
480
481
484
485
488
491
494
497
501
505
510
513
517
518
520
519
518
516
517
516
516
515
515
511
509
507
506
503
502
501
499
499
499
498
496
495
494
493
492
493
492
494
493
493
491
491
488
487
485
486
484
485
482
482
480
479
479
478
477
476
475
475
473
473
471
472
470
470
470
470
471
470
470
470
469
469
468
469
468
469
469
470
470
471
471
471
472
472
472
473
473
474
474
475
477
478
478
478
478
478
482
485
489
491
495
496
501
505
510
513
519
521
523
523
526
526
527
525
525
521
519
516
513
511
510
506
505
501
501
500
499
495
492
490
489
487
488
488
490
490
489
490
489
487
486
486
485
485
485
484
482
480
477
476
475
474
473
473
470
469
470
471
470
471
471
471
471
472
470
472
471
472
473
475
474
474
471
470
469
468
469
470
471
472
471
469
468
470
471
474
475
477
478
478
479
479
478
481
484
489
494
498
503
506
510
513
516
517
520
521
523
524
524
521
521
520
519
518
517
515
514
512
511
509
508
506
506
504
503
500
499
497
497
496
497
496
495
494
493
493
493
492
492
491
490
488
488
486
484
483
482
481
480
479
478
478
477
477
477
478
478
478
478
478
478
478
476
476
474
474
472
474
475
476
475
474
471
472
473
475
476
478
478
479
478
479
478
479
479
480
481
482
481
481
482
486
488
492
493
497
499
503
505
508
512
515
517
519
520
521
522
522
522
521
521
519
517
516
514
513
513
510
507
504
503
502
501
500
499
497
497
496
495
493
494
493
493
492
493
492
493
492
491
489
488
487
486
485
484
482
483
482
482
481
481
479
478
478
480
479
479
479
479
479
477
479
479
481
481
482
480
478
476
478
477
479
480
483
481
480
478
478
478
479
479
482
480
480
477
478
477
479
480
483
484
485
487
489
490
494
496
499
500
503
506
512
515
518
521
523
521
520
519
518
518
517
516
515
513
512
510
510
510
509
508
507
506
504
503
501
501
498
498
497
497
496
497
495
497
496
497
496
495
493
492
491
491
489
489
488
487
485
485
483
483
482
481
481
481
480
480
480
480
480
479
478
477
478
478
478
479
479
479
480
479
479
477
479
480
481
481
481
481
480
479
480
480
482
481
484
484
484
483
483
482
484
485
488
488
487
486
489
492
494
497
501
502
504
505
510
512
516
517
519
519
518
517
517
516
517
516
515
514
512
510
509
508
507
507
505
506
505
504
504
502
502
502
501
501
501
501
502
502
501
502
500
499
497
496
496
497
496
497
496
495
492
491
490
490
489
491
489
489
486
486
486
487
487
488
487
487
486
487
486
486
486
486
486
485
484
485
485
485
486
485
486
485
485
484
484
485
487
486
486
484
483
483
484
484
486
488
491
490
490
489
490
491
495
495
498
500
503
506
510
511
516
518
520
521
521
521
521
518
517
515
515
514
512
512
511
508
507
507
506
506
505
504
503
502
502
502
502
503
502
503
502
502
502
503
501
501
499
499
496
496
495
496
496
497
496
495
494
492
491
492
491
491
490
490
489
488
487
487
487
488
487
487
486
487
486
486
486
487
486
487
486
485
486
486
486
486
485
486
487
488
488
487
486
486
486
486
487
488
491
490
491
490
491
492
495
496
498
499
503
506
510
514
517
519
522
523
523
522
522
521
522
520
520
517
515
513
513
511
510
510
510
508
507
505
505
504
504
503
503
503
503
503
504
503
502
502
500
501
499
498
496
496
495
496
495
496
495
495
493
493
490
490
488
489
487
487
485
487
486
486
484
484
483
484
484
485
485
486
486
486
483
482
482
483
484
484
483
484
483
484
485
485
485
485
485
483
482
482
483
485
486
488
489
489
490
492
493
494
497
499
503
505
509
512
517
519
523
524
527
527
527
527
527
527
526
525
524
520
518
516
516
513
512
511
512
511
510
509
508
505
506
505
507
506
505
504
503
503
501
501
500
499
498
497
495
494
494
494
494
492
491
491
489
488
485
484
483
483
481
480
479
480
478
479
478
480
479
480
479
479
479
480
478
477
476
478
477
478
478
479
480
482
483
486
487
487
487
487
484
482
480
480
479
480
480
480
479
477
479
480
486
489
493
496
500
503
507
509
513
516
520
520
523
522
522
520
519
517
519
518
519
516
515
511
509
507
509
508
510
511
511
508
507
503
500
498
498
497
498
496
496
492