Output started
30000
280
250
243
239
243
244
247
248
252
252
255
255
255
254
256
257
259
261
264
264
265
266
269
271
274
276
278
281
285
288
292
293
296
297
299
299
299
298
298
297
297
294
293
290
290
289
289
288
286
288
286
286
284
285
282
281
278
279
276
280
278
279
277
278
276
277
275
274
272
272
270
271
269
270
268
268
267
267
266
266
265
266
266
266
265
265
264
265
265
265
264
265
264
264
263
262
263
263
263
264
264
265
265
266
265
263
264
263
264
264
266
263
265
264
267
266
268
266
269
267
270
269
272
272
275
276
279
279
284
285
290
292
295
296
297
297
298
298
298
295
295
292
291
290
289
288
287
285
284
283
282
282
280
280
278
278
277
279
277
277
275
277
276
277
274
276
274
275
272
273
271
273
270
271
268
269
267
268
266
267
266
267
265
267
266
267
266
266
265
266
265
266
266
266
266
266
266
267
267
267
267
267
266
266
266
267
267
266
267
268
270
268
269
267
269
268
270
269
271
271
273
273
276
277
281
282
286
288
292
293
296
296
298
296
297
295
295
293
292
291
290
288
287
286
285
283
283
282
281
280
280
278
278
276
277
274
274
275
275
274
274
274
274
273
273
274
273
273
272
272
271
271
269
270
268
270
268
270
268
268
267
269
267
268
267
268
266
268
267
269
267
268
267
269
268
269
269
270
269
270
270
270
269
270
269
270
270
272
271
272
271
270
271
271
272
274
277
280
285
286
291
291
295
295
297
297
299
297
297
293
295
292
292
289
290
287
288
286
286
283
284
282
283
279
279
278
280
278
279
277
278
277
277
276
277
274
274
274
274
274
272
272
272
270
269
269
269
269
267
267
267
269
267
268
267
269
267
268
266
268
266
267
264
267
265
267
266
268
265
267
266
267
265
268
267
266
265
266
266
267
266
268
269
271
272
275
277
281
283
288
290
293
293
295
297
297
296
295
295
293
293
292
290
289
289
287
289
285
286
283
284
280
280
278
279
276
276
274
274
273
274
273
275
272
273
271
272
270
271
269
270
269
270
269
269
268
267
266
267
265
266
266
267
265
266
265
267
265
265
265
265
263
263
263
263
263
265
265
265
266
265
266
264
266
265
267
266
267
267
268
267
270
269
272
272
275
276
280
282
287
289
294
294
297
296
298
296
296
294
295
293
293
292
292
290
289
288
287
285
284
283
282
280
282
280
279
277
276
275
274
273
273
273
271
272
271
272
269
271
268
269
266
268
264
266
263
264
262
263
261
263
262
263
261
262
261
262
261
263
262
263
261
263
261
262
262
261
260
260
260
261
260
262
261
262
263
263
261
261
263
264
265
265
266
267
268
269
273
274
278
279
284
285
290
292
296
297
300
298
301
299
300
297
297
294
293
290
290
288
289
287
286
284
284
282
283
280
281
279
279
277
276
275
274
273
272
272
272
271
270
269
268
266
266
264
265
264
263
263
263
264
261
263
260
261
260
262
260
260
259
260
258
261
258
260
259
261
261
261
259
261
259
260
260
262
261
263
262
263
264
265
264
266
266
267
265
265
265
267
266
266
266
267
266
267
265
266
267
268
270
272
274
277
279
282
288
290
294
295
299
299
301
299
301
297
299
297
297
293
294
290
291
288
288
285
286
283
284
281
284
281
281
278
277
276
276
274
274
273
274
272
272
271
270
269
269
267
267
266
265
263
262
262
262
262
261
262
261
262
260
262
260
261
261
263
260
263
260
261
259
261
260
262
260
261
257
260
259
261
259
260
259
261
259
262
261
262
262
264
264
266
264
265
264
266
265
266
266
267
267
268
268
270
271
272
274
277
281
284
288
291
296
297
301
301
302
301
301
298
299
296
296
292
293
290
291
288
289
287
288
285
285
282
282
280
282
280
280
280
280
279
279
278
278
277
277
275
274
272
273
270
271
271
271
270
269
266
266
265
265
264
265
264
264
263
264
265
264
266
263
264
263
264
263
264
262
264
263
263
260
262
260
262
261
262
261
262
262
264
262
264
263
265
264
266
265
267
265
266
266
267
269
272
273
277
278
282
284
288
291
293
293
295
295
295
294
294
293
291
293
290
290
288
287
285
285
282
283
280
282
278
279
277
277
274
276
274
276
274
275
273
274
271
273
270
272
269
270
268
269
269
269
267
268
266
266
266
266
265
266
265
265
264
264
264
262
262
262
263
263
263
263
264
264
267
265
266
264
265
264
266
264
266
263
266
263
265
264
266
264
266
265
268
266
267
266
268
268
273
274
278
280
285
288
291
292
296
296
298
297
298
297
296
294
292
292
291
290
290
286
284
284
282
282
281
280
278
279
276
276
274
276
273
274
273
273
271
272
270
271
269
271
268
269
267
268
267
268
265
266
264
264
262
263
262
264
263
263
262
262
261
261
260
261
260
261
261
262
261
262
262
263
261
261
261
261
261
261
262
262
263
264
266
266
267
266
267
266
267
267
269
270
274
274
279
282
287
289
293
293
295
294
295
294
296
294
295
293
292
290
289
286
287
284
284
284
283
281
280
278
281
279
278
277
276
273
273
272
272
271
272
271
270
269
269
269
267
268
265
267
264
265
263
265
262
264
261
262
260
262
259
261
260
261
259
261
259
261
259
260
258
259
258
261
261
260
258
259
258
260
260
260
260
262
261
261
261
262
262
263
263
264
265
265
265
266
266
267
271
271
275
276
281
282
287
288
293
292
296
295
297
297
298
295
295
293
293
290
290
287
288
286
286
285
284
282
282
280
280
278
277
276
276
274
274
274
274
273
272
273
272
271
270
269
268
267
267
266
265
265
265
265
265
267
264
265
263
264
262
265
263
265
263
264
262
263
262
264
263
265
264
267
266
266
265
266
265
266
264
266
265
266
265
266
266
266
266
267
265
267
264
265
264
265
265
266
266
268
267
267
268
268
269
271
273
277
281
282
288
289
294
294
296
295
297
295
297
295
294
291
293
290
291
289
289
286
286
283
284
282
281
279
280
278
279
277
277
274
275
274
274
273
273
272
273
272
272
271
270
270
269
267
266
265
265
264
264
265
265
264
264
266
264
265
263
265
263
264
263
265
263
266
265
267
265
266
264
266
265
267
265
268
266
269
268
269
268
271
269
269
268
269
268
269
268
269
268
269
269
270
270
270
270
270
270
270
272
272
274
276
278
281
284
286
292
292
296
296
298
297
299
297
298
295
296
292
293
290
291
288
289
286
286
284
284
282
282
280
280
277
280
280
279
277
277
277
278
276
277
276
276
275
274
274
273
272
271
271
270
268
267
267
266
265
264
265
265
267
266
267
265
267
266
266
265
266
265
267
266
267
265
267
266
266
266
267
266
265
263
264
264
265
264
266
266
268
267
268
267
268
267
269
269
270
270
272
271
272
271
273
272
275
274
276
278
281
283
287
290
294
296
299
300
300
301
300
302
299
298
296
295
292
293
289
290
287
288
286
286
284
284
281
285
283
284
281
281
279
280
278
279
278
279
277
277
275
275
274
274
272
272
270
271
270
270
269
269
268
268
268
267
267
266
267
266
269
268
270
268
270
268
270
267
268
265
268
266
269
267
269
266
268
267
269
267
269
267
269
268
268
266
268
268
269
268
270
268
269
269
271
272
276
279
283
286
289
291
294
295
296
296
295
295
295
295
293
293
292
293
290
291
288
288
286
287
284
284
282
282
280
281
278
280
277
279
276
277
276
277
275
277
275
275
274
275
273
273
271
271
270
271
270
270
269
269
268
268
267
266
266
267
267
266
266
265
265
265
264
266
266
266
266
265
268
266
268
267
268
268
269
267
268
267
268
267
269
268
270
269
271
269
271
270
272
273
277
278
283
285
289
291
294
295
297
296
298
296
298
297
297
294
293
292
292
290
290
288
287
285
284
283
282
281
280
279
279
280
278
278
276
276
274
275
274
273
272
274
272
273
270
271
268
269
267
268
267
268
266
267
266
266
264
266
264
266
263
265
263
265
264
265
264
265
263
265
264
264
265
266
265
265
264
263
263
263
264
264
264
265
265
265
267
265
269
269
272
270
271
268
272
270
275
275
281
282
288
289
293
294
298
297
299
297
298
296
297
294
295
293
293
292
290
288
288
286
286
285
283
282
281
280
279
278
277
276
275
273
273
275
275
274
273
273
272
274
271
272
269
270
267
268
266
267
264
266
263
264
262
263
262
263
262
263
261
262
261
262
261
262
261
261
260
261
260
261
260
262
262
262
262
260
259
259
260
262
261
263
263
264
263
262
264
264
263
263
262
263
264
264
267
267
269
269
271
269
271
271
273
273
277
280
284
285
290
292
297
298
300
300
301
298
299
298
299
297
297
295
295
292
293
290
291
289
289
286
286
285
284
282
284
283
282
280
280
277
275
275
275
274
273
272
272
272
270
271
268
269
267
268
266
267
264
267
264
265
264
264
262
262
261
262
260
262
261
263
261
263
261
262
261
263
263
262
260
261
261
262
262
263
263
264
264
264
263
265
264
265
263
263
263
263
264
264
265
266
268
267
269
268
269
268
270
269
271
269
271
269
272
271
274
275
279
281
287
288
292
294
298
297
300
301
302
301
301
298
300
298
297
295
295
293
291
289
289
288
287
287
285
284
282
281
280
280
278
278
278
277
277
278
277
278
276
276
273
274
270
271
269
269
266
267
264
265
262
263
261
262
261
262
261
263
261
262
261
262
262
263
262
263
262
263
262
263
263
262
260
260
261
263
264
265
265
266
266
266
265
265
264
265
265
266
266
268
269
268
269
268
270
269
270
269
271
270
272
270
272
270
272
271
273
271
273
273
276
278
280
281
285
286
290
292
296
297
301
302
304
305
305
304
304
302
301
299
298
295
295
294
293
291
289
288
287
287
287
287
285
285
283
283
280
280
278
279
277
279
276
277
274
275
271
272
269
271
269
271
268
269
266
266
264
264
263
264
262
264
263
265
263
264
263
264
264
264
264
264
264
264
265
263
263
263
262
261
262
262
264
264
265
265
266
266
269
267
269
266
268
266
269
267
269
268
270
269
272
270
271
269
270
269
270
268
270
270
271
271
273
273
275
274
277
278
281
284
288
291
296
300
303
305
306
306
306
304
304
303
302
299
296
295
294
293
292
290
290
290
288
289
285
287
284
285
283
283
280
280
277
280
279
280
279
279
277
278
275
276
273
273
271
272
270
270
268
267
267
267
266
266
265
264
263
263
263
264
264
265
265
265
265
265
264
265
264
264
264
265
264
265
265
266
266
265
266
265
267
266
267
265
268
267
269
267
269
267
270
268
269
268
269
268
271
271
272
271
274
273
275
273
274
274
276
278
281
283
288
292
296
299
303
303
305
305
306
306
305
302
301
299
297
296
295
294
292
292
289
288
286
288
286
287
285
286
282
283
280
281
279
280
278
279
276
277
275
276
274
274
272
272
269
270
269
269
268
268
267
267
266
266
265
265
264
264
264
262
263
264
264
264
265
263
263
264
264
264
265
265
264
262
265
263
266
264
267
264
267
264
268
265
268
266
268
267
269
269
271
269
271
270
272
271
271
271
273
275
279
281
285
288
293
296
301
303
305
306
307
308
308
307
305
303
302
298
296
294
292
291
290
289
288
286
285
285
283
285
283
283
281
281
278
279
278
279
276
277
274
274
272
273
271
272
269
270
268
268
266
266
265
264
263
264
262
263
262
262
262
263
262
263
262
262
262
262
262
262
262
262
262
262
262
262
263
262
262
263
263
262
263
263
264
263
265
264
267
265
267
265
267
266
269
269
275
278
284
287
292
296
301
302
306
306
309
307
310
307
308
304
303
300
298
295
295
293
294
293
291
289
288
286
285
282
279
277
276
275
274
273
273
273
273
275
273
273
271
271
268
269
266
267
264
265
263
263
261
262
259
261
258
259
257
258
256
258
258
260
258
258
257
258
257
258
257
258
257
257
256
256
257
257
257
258
258
258
257
258
259
260
260
261
262
263
263
262
265
265
269
269
275
278
285
288
295
298
304
305
308
307
309
306
307
304
305
302
302
298
297
294
294
291
293
290
291
287
286
283
282
280
279
276
276
274
273
272
271
269
269
268
267
265
264
263
261
261
260
259
259
260
258
259
256
257
255
256
254
255
252
254
252
253
251
254
253
255
253
255
253
255
253
254
253
255
254
254
251
253
253
254
253
255
254
255
256
257
257
258
258
258
258
260
259
261
259
260
261
262
265
269
274
279
284
292
299
303
308
309
312
311
312
310
310
308
307
303
302
299
299
295
295
293
292
291
292
287
288
285
283
280
279
276
275
272
270
269
269
267
267
266
264
261
261
260
259
257
258
255
254
254
254
252
251
251
250
250
248
251
249
251
250
252
250
252
249
251
249
251
250
252
250
251
248
249
248
251
250
253
251
253
252
254
253
255
255
256
256
257
256
258
257
258
257
259
258
260
259
261
260
262
262
264
263
262
264
265
267
271
274
278
284
290
297
301
307
310
316
317
319
317
318
314
314
311
310
305
305
300
300
298
299
295
294
291
289
287
285
282
281
279
278
275
275
273
272
269
268
267
267
265
264
262
261
260
259
256
254
253
252
252
251
251
250
249
249
250
249
251
249
251
249
251
249
252
250
252
250
251
250
250
248
250
249
251
Loop stopped.