Output started
30000
637
624
611
601
590
579
570
562
554
546
539
534
527
522
515
510
504
498
492
487
482
479
475
471
468
466
463
462
460
457
457
457
456
457
457
457
456
456
454
454
454
455
454
455
456
456
456
459
460
462
463
463
464
466
466
466
467
468
469
470
473
473
475
477
479
479
481
483
486
487
491
492
494
495
498
498
499
499
502
504
507
512
522
533
553
574
596
618
638
655
671
682
692
697
699
697
693
688
684
678
674
669
664
660
653
647
639
630
622
611
601
592
583
576
568
563
557
551
545
541
535
530
523
518
512
507
501
496
491
486
482
479
474
471
468
467
464
464
463
462
462
460
458
458
457
458
459
459
459
461
462
464
465
465
464
465
467
468
469
471
471
471
472
473
474
474
474
475
477
478
480
480
482
483
484
485
488
489
492
494
499
500
503
504
506
506
508
509
512
513
514
517
522
529
543
560
581
601
624
643
661
675
688
696
700
701
700
695
690
684
678
673
667
660
655
650
644
637
629
619
608
598
588
580
572
565
558
553
549
546
541
538
533
529
525
521
515
510
505
501
497
493
489
486
482
479
474
473
470
470
468
468
466
465
463
463
461
461
460
462
461
461
462
463
463
464
465
466
467
468
469
471
472
472
474
475
476
474
474
474
476
477
482
485
490
492
496
499
501
502
505
507
510
510
511
512
513
514
517
521
531
544
562
582
605
626
645
662
675
685
694
696
697
695
690
684
679
673
668
663
657
650
643
637
629
620
610
600
590
582
574
567
560
554
549
545
541
538
533
529
524
521
517
513
508
504
500
498
494
491
488
486
484
483
482
482
481
480
478
478
478
479
480
481
481
482
482
484
484
485
484
486
487
487
488
488
488
488
489
490
492
492
494
496
498
498
501
503
504
504
506
508
510
510
512
513
514
514
516
517
519
521
522
526
534
546
564
582
604
624
644
661
677
688
697
701
705
702
700
694
690
684
679
674
669
664
657
649
641
633
624
613
602
591
581
570
561
554
548
545
540
536
531
529
525
521
517
512
508
504
501
498
494
490
486
484
481
480
477
477
475
476
475
475
476
476
475
475
476
476
475
476
475
476
477
478
478
479
480
480
481
482
482
482
483
484
486
488
490
492
494
496
498
499
501
502
505
505
509
510
512
513
514
513
514
514
516
517
519
522
530
542
557
576
598
618
638
657
673
684
693
698
702
700
698
694
689
683
679
674
670
666
661
655
648
642
632
622
611
600
590
580
571
563
556
550
544
539
534
529
523
519
515
511
506
501
496
492
488
485
481
479
476
474
473
472
471
471
469
470
469
469
470
470
469
470
471
472
473
474
474
476
476
479
479
481
483
484
486
487
488
490
491
491
494
495
496
497
498
499
500
502
503
505
508
509
511
511
513
513
514
514
515
516
518
520
525
532
545
561
581
600
621
639
657
671
684
691
696
697
696
693
689
683
678
671
668
663
659
655
650
644
637
628
617
607
597
589
580
573
565
558
553
546
541
535
528
524
518
515
509
506
500
496
492
489
485
483
480
479
477
475
473
472
470
470
469
469
468
469
469
469
470
470
469
469
471
474
476
478
479
481
482
485
486
488
489
491
492
492
493
493
494
495
494
496
497
500
503
505
510
517
529
544
563
582
602
620
639
653
665
672
677
678
678
675
671
667
664
659
657
652
648
644
639
633
626
618
609
600
592
582
575
566
559
552
546
540
536
531
527
523
519
515
510
505
502
497
494
491
489
487
484
482
480
477
475
474
472
472
472
472
471
471
472
474
474
474
474
474
474
475
476
478
478
480
480
482
483
484
485
488
490
492
494
496
496
499
500
502
503
504
505
505
507
509
513
517
524
536
552
570
589
609
628
645
659
670
678
681
683
681
679
675
672
668
664
658
655
649
645
639
632
624
615
605
598
589
582
575
568
563
559
553
549
545
542
536
533
528
524
520
516
513
510
506
503
499
495
492
488
486
485
483
482
481
480
479
479
477
477
477
477
477
476
477
477
478
477
479
480
482
483
484
485
487
486
488
488
491
492
495
495
498
500
502
503
506
508
510
512
512
513
516
517
519
521
524
530
541
555
571
590
609
629
647
662
675
683
689
690
690
687
684
680
675
671
666
661
656
649
642
637
627
619
608
599
588
581
572
565
559
555
549
546
543
538
536
533
530
528
525
521
517
514
510
509
506
504
501
500
497
495
495
494
495
494
494
494
494
495
496
496
497
499
501
501
502
504
505
506
507
508
509
510
512
512
514
514
516
516
519
518
520
521
522
523
523
523
526
526
527
529
531
534
540
548
562
576
594
611
631
647
664
676
684
688
691
690
689
686
681
677
672
668
664
658
653
648
641
634
627
618
608
598
588
580
572
565
558
553
547
543
538
534
530
528
523
520
516
513
510
507
504
501
496
495
492
490
488
488
486
487
486
487
487
489
489
490
491
493
493
494
495
495
497
497
500
502
503
505
506
507
509
510
510
511
511
513
516
516
518
519
520
521
523
523
524
524
526
529
536
545
559
575
594
611
628
644
659
669
680
685
689
689
689
685
681
676
672
667
661
655
651
645
639
631
622
613
604
595
586
576
568
561
554
549
544
539
534
531
528
525
521
518
514
513
508
506
503
502
499
498
495
495
493
493
490
491
490
492
491
492
493
494
494
496
496
497
498
500
501
504
505
506
506
508
507
509
510
512
514
515
517
517
518
520
522
522
523
525
525
527
527
528
529
529
531
532
537
544
556
570
587
604
622
638
654
666
677
684
690
692
693
690
687
683
680
674
670
665
661
655
650
642
635
624
616
606
599
590
584
576
571
566
562
558
554
551
548
545
544
542
540
537
533
530
527
523
520
516
513
512
509
508
506
505
503
501
499
500
498
497
497
497
497
499
499
500
499
502
502
502
501
501
503
504
504
505
505
506
506
507
507
509
510
512
514
516
517
519
519
520
521
522
524
526
528
530
534
538
546
559
574
591
609
625
643
657
669
677
685
688
689
687
685
680
677
672
668
662
660
655
650
644
638
632
626
618
612
604
598
592
588
583
578
574
570
565
563
559
555
552
548
543
540
536
531
526
523
520
515
513
511
510
509
507
505
505
504
503
502
503
503
504
502
503
503
503
503
504
505
507
507
508
508
510
509
510
509
511
512
513
514
515
515
517
518
518
519
521
522
524
525
526
526
528
529
530
532
533
536
537
540
547
557
570
586
603
619
636
650
663
673
679
683
686
685
682
679
674
671
666
663
658
654
650
647
641
635
629
624
618
611
605
600
595
592
587
584
580
577
573
570
566
562
558
556
551
547
542
538
534
530
527
523
521
519
516
515
512
510
509
508
507
507
506
506
506
504
505
505
506
506
506
506
507
507
509
510
510
510
511
512
513
514
515
516
518
518
520
519
521
522
523
524
526
528
530
530
532
533
534
534
536
538
539
540
542
547
556
568
582
598
614
630
646
659
670
679
683
686
686
684
679
676
669
665
659
655
649
646
640
635
628
622
615
609
602
598
591
586
581
578
574
572
568
565
562
559
555
552
547
544
541
538
534
533
531
528
526
524
522
520
519
518
517
516
515
515
514
515
514
515
515
514
516
517
517
517
519
519
521
522
523
522
524
524
525
525
526
527
527
528
530
530
532
533
534
534
534
535
536
536
538
540
542
542
544
547
554
564
578
594
611
629
644
657
669
679
685
690
693
692
690
687
683
678
672
668
663
659
653
648
641
634
627
620
611
605
597
589
583
578
572
570
564
562
558
554
550
547
543
540
535
533
528
526
523
521
518
516
515
513
511
511
510
508
508
507
508
508
507
507
508
508
509
510
512
513
515
516
517
518
520
519
521
523
524
524
526
525
527
527
529
530
531
532
533
533
535
536
537
538
539
540
544
551
563
578
594
610
628
643
658
669
680
686
691
692
692
690
687
682
679
674
671
666
662
658
653
647
639
631
621
612
603
594
588
580
572
567
562
559
553
549
544
541
536
534
528
524
520
517
512
509
507
504
501
498
496
495
494
494
492
492
491
492
492
494
496
497
497
499
500
501
502
503
504
506
507
508
510
511
512
513
513
514
515
517
518
522
522
524
525
525
526
526
528
529
530
530
533
535
542
552
564
578
594
611
630
644
659
671
680
686
689
689
689
685
684
680
677
672
668
663
659
653
647
640
632
623
613
604
595
586
578
570
563
558
554
549
545
542
538
536
532
529
523
521
517
515
511
508
505
502
500
499
498
498
495
495
493
494
494
494
494
495
497
498
498
501
501
503
504
505
505
506
506
506
507
507
509
509
509
510
511
513
514
517
518
519
520
523
525
526
527
528
529
530
531
532
534
534
537
538
543
550
561
574
590
605
622
637
653
665
675
682
687
689
691
689
686
682
678
675
671
668
665
661
656
649
643
635
626
617
608
602
594
587
582
577
571
566
561
559
556
553
549
545
543
539
535
532
528
524
522
520
516
515
511
509
508
506
504
503
501
500
499
499
499
499
500
501
500
501
502
502
502
504
505
507
507
508
508
510
511
513
514
516
517
519
519
522
522
523
525
526
527
529
531
533
535
536
536
537
538
538
540
541
542
543
545
548
556
565
579
594
612
628
645
658
671
680
688
691
693
691
691
688
686
681
679
674
672
668
665
661
657
649
644
636
629
622
614
608
601
595
589
584
579
574
569
564
558
554
548
544
539
535
530
528
524
522
519
517
515
513
511
509
507
505
504
504
503
503
502
502
503
502
503
504
504
505
505
506
506
506
506
508
508
510
511
512
513
514
516
518
521
522
523
523
525
527
529
530
533
534
536
538
539
540
542
543
544
546
547
547
550
552
557
562
571
584
599
613
629
644
658
670
681
688
692
692
694
690
688
683
680
675
671
666
663
657
653
646
641
633
626
618
612
605
597
590
586
581
577
573
570
566
562
558
554
550
548
544
541
539
534
531
527
525
524
522
520
519
518
518
517
517
517
518
518
519
519
520
520
521
522
523
523
525
526
527
527
530
529
530
531
532
533
535
535
536
537
537
539
539
540
541
543
543
545
544
545
546
547
549
551
552
553
555
559
566
576
588
603
618
633
646
660
670
679
684
688
688
687
683
681
676
674
670
667
662
660
654
649
643
637
629
623
615
607
599
592
585
581
575
571
567
562
559
557
553
549
547
543
540
536
532
530
527
525
523
521
520
517
516
513
513
512
512
512
512
511
512
512
514
514
516
517
520
521
523
523
525
526
526
527
528
528
529
528
529
528
529
529
531
532
533
533
535
536
537
539
540
542
543
544
546
547
550
558
568
581
594
609
624
639
653
666
676
683
687
689
688
687
686
683
679
678
673
669
665
661
656
650
642
635
625
618
610
603
595
587
581
575
569
565
560
557
553
549
547
544
539
536
533
530
526
525
521
519
517
515
512
511
509
510
509
511
509
510
509
509
508
509
510
511
511
509
510
509
511
511
513
513
515
514
516
516
519
518
519
519
521
523
525
527
529
529
531
531
534
533
534
535
535
537
538
540
542
545
551
559
571
584
600
616
631
644
658
670
678
683
685
685
684
682
679
677
673
670
666
664
660
655
650
645
639
631
622
615
608
602
596
591
585
581
575
573
568
565
560
557
553
550
545
542
537
533
530
530
525
523
520
518
516
514
512
510
509
509
509
508
508
507
507
508
507
508
510
510
511
510
512
512
513
513
514
512
514
514
517
518
519
519
521
520
522
524
526
527
529
528
530
530
531
532
534
535
538
538
541
544
552
561
573
588
603
618
633
646
658
668
674
678
680
679
677
674
672
668
665
661
658
655
651
647
642
637
631
625
618
612
606
600
594
590
585
582
578
575
571
568
563
561
556
553
548
544
540
538
534
532
528
526
522
520
517
516
513
513
512
511
510
508
507
508
507
508
506
507
507
507
506
508
508
509
509
509
510
510
511
511
513
513
515
516
518
520
522
522
524
526
528
529
531
533
535
536
538
539
541
542
544
544
548
553
561
571
585
599
615
630
645
657
667
674
679
682
682
680
678
675
671
669
665
661
657
653
649
643
636
630
622
616
608
602
594
590
584
581
576
573
570
569
566
564
560
556
553
551
546
544
540
538
534
533
530
529
526
525
524
523
522
522
521
521
519
520
520
521
522
523
524
524
524
525
525
526
527
528
530
531
531
531
532
533
534
534
536
538
540
541
543
543
544
544
545
545
546
547
547
548
551
554
560
570
582
596
612
626
641
654
667
674
681
684
686
686
684
680
678
675
672
669
667
663
659
655
650
643
637
630
622
614
606
597
591
584
578
572
567
564
559
556
552
549
544
539
536
532
528
524
522
520
517
514
512
512
510
510
508
507
507
508
507
506
506
508
508
509
510
511
512
514
515
517
518
519
520
521
523
525
526
526
527
530
531
532
533
534
536
538
539
539
540
541
542
542
543
545
550
557
567
577
593
608
624
639
655
666
676
682
686
687
687
685
682
679
677
674
671
668
665
661
657
651
645
636
627
619
610
601
593
587
578
572
567
561
557
553
549
544
541
537
533
530
526
523
519
516
513
512
510
509
506
506
503
502
502
503
502
502
501
503
503
505
504
507
508
509
510
510
512
514
515
517
518
521
522
524
524
526
528
529
530
531
532
534
535
536
537
536
536
538
539
540
Loop stopped.
