Output started
30000
464
447
439
435
433
432
432
430
430
430
429
430
429
427
425
425
422
423
420
421
421
422
421
423
423
423
421
421
420
420
418
418
416
415
413
413
410
411
410
410
408
409
409
410
410
411
410
410
407
406
407
409
410
411
411
411
410
409
407
407
406
406
407
408
409
409
410
409
411
412
413
414
413
411
409
406
406
406
409
412
418
422
429
434
442
448
455
458
464
465
468
467
468
465
463
459
457
453
450
448
447
446
446
444
444
441
440
438
436
433
432
430
428
426
426
426
425
425
425
425
423
422
421
421
419
420
417
417
414
414
413
414
411
410
409
408
407
407
405
405
404
406
405
406
405
405
404
406
406
407
407
408
409
410
409
410
409
411
411
412
412
413
413
413
412
412
413
413
414
416
415
414
411
410
412
413
416
418
422
425
433
438
446
452
459
463
467
468
470
469
467
464
463
460
459
455
454
451
451
449
448
445
445
442
441
439
437
434
433
430
429
427
427
425
424
422
422
421
421
421
419
418
417
416
415
413
412
411
410
410
409
408
406
406
405
404
403
402
401
401
401
401
400
402
402
402
401
402
401
401
400
402
401
403
403
404
403
403
403
402
401
402
402
404
404
406
405
406
405
405
405
408
408
409
408
407
407
408
410
412
415
418
423
427
435
442
451
456
461
465
468
468
470
466
466
463
462
458
457
453
452
448
447
445
445
443
444
442
442
439
436
433
432
430
428
427
426
423
424
422
421
419
419
417
418
416
416
413
413
411
410
408
407
406
405
404
403
404
402
401
399
398
397
398
398
398
397
398
397
399
398
399
398
400
400
401
399
401
400
402
402
404
403
405
403
404
403
405
406
407
406
406
405
405
405
406
407
408
407
406
404
404
403
405
407
411
414
420
426
433
440
446
452
457
460
461
464
462
462
460
458
454
453
450
449
447
446
444
443
441
441
439
438
436
435
433
432
430
430
428
428
426
427
425
425
422
422
421
422
421
421
419
417
414
414
412
411
409
409
406
405
403
401
400
398
397
397
397
397
397
396
396
394
395
394
394
394
395
394
395
394
395
394
395
394
395
395
397
396
397
398
399
399
400
398
400
400
402
404
405
404
404
402
402
402
405
407
412
416
421
427
435
442
449
454
459
463
465
465
464
462
460
458
454
452
448
446
443
442
439
437
435
435
433
432
430
429
426
426
425
425
425
427
425
426
423
424
423
423
422
423
421
422
420
419
415
414
413
413
412
412
411
411
409
407
407
406
405
406
404
405
404
404
404
405
407
409
410
410
411
410
411
410
411
410
412
412
414
414
414
413
413
412
413
415
417
418
417
414
413
411
411
411
415
418
424
428
436
442
450
456
461
466
471
471
472
471
468
465
463
459
456
452
450
448
446
444
443
441
439
439
437
437
436
436
433
433
430
430
428
428
427
428
426
427
426
426
424
424
422
422
420
420
419
418
416
416
413
414
411
412
410
409
407
407
407
407
407
407
406
406
405
407
406
408
407
407
408
407
409
408
408
410
410
411
412
411
412
411
414
414
415
415
415
412
413
412
415
417
423
426
433
439
447
452
457
461
465
465
466
465
465
462
460
456
454
450
448
445
444
443
444
442
442
440
439
436
433
430
428
426
423
422
422
421
421
420
420
421
420
421
422
421
420
418
415
415
413
413
412
413
412
410
410
410
410
409
408
408
408
408
407
408
406
408
407
408
407
408
408
411
412
413
412
413
411
413
412
413
413
413
413
414
413
414
414
416
417
417
416
415
414
414
416
418
420
424
431
436
444
451
456
460
465
465
467
466
466
464
464
461
459
456
454
451
451
450
450
447
446
444
442
440
440
438
437
434
434
431
431
430
430
429
429
429
429
427
427
427
426
425
424
422
422
420
418
417
415
415
414
415
414
413
413
413
411
412
411
412
411
411
411
412
411
412
411
412
412
413
412
414
413
415
414
416
415
416
416
417
416
417
415
416
415
416
415
416
416
417
418
420
421
420
418
417
416
415
417
419
422
425
431
435
442
447
453
458
463
466
468
468
469
466
465
462
461
457
455
452
452
451
450
447
447
443
443
441
440
438
437
435
434
430
430
428
429
428
428
428
429
428
428
427
425
424
424
422
421
419
418
417
414
413
413
413
411
411
410
410
409
409
409
410
408
409
407
408
407
408
407
408
408
410
409
410
409
410
409
410
410
411
411
412
412
414
413
413
412
413
412
412
412
414
414
415
415
414
414
414
413
414
414
415
415
414
413
413
412
414
416
418
421
425
432
438
446
453
459
461
465
465
466
464
464
462
461
458
457
454
453
449
449
447
446
443
443
442
442
440
441
438
436
434
431
430
430
428
429
429
430
429
428
426
426
424
423
421
421
420
420
418
416
414
413
413
412
413
411
411
410
410
408
408
406
407
406
406
405
406
405
408
406
408
407
408
407
408
406
407
405
406
406
408
408
410
409
409
408
409
408
408
408
409
408
409
408
409
407
406
405
405
403
404
406
408
408
408
408
407
407
409
411
413
417
422
430
436
443
449
455
458
462
462
464
462
463
460
459
455
454
449
448
446
446
444
445
443
443
443
443
442
441
438
437
435
435
434
435
435
434
433
433
432
431
431
431
431
431
430
428
426
424
422
421
420
417
417
415
414
413
412
409
409
407
408
406
407
405
406
404
405
403
404
402
403
402
404
404
405
404
403
402
402
402
403
402
403
403
405
405
405
405
405
404
404
404
405
404
405
403
403
402
402
404
406
407
409
409
408
408
408
409
410
413
415
419
424
431
438
447
453
458
460
463
463
466
465
465
464
464
460
457
453
451
449
447
444
443
439
439
437
436
433
432
429
428
428
429
429
430
429
429
428
428
427
428
428
428
428
427
426
426
425
424
423
422
420
417
416
414
414
411
412
410
409
408
408
406
407
405
406
404
405
404
405
405
407
406
406
404
406
406
408
407
408
407
408
407
406
406
407
407
408
408
409
408
409
409
410
409
410
410
410
411
411
411
410
410
409
412
413
417
420
427
434
442
448
456
460
465
468
469
468
468
464
464
459
459
455
455
451
450
448
446
442
440
436
436
433
434
433
432
429
429
428
428
425
426
426
426
425
425
424
424
422
420
419
419
417
414
414
414
414
413
413
410
410
408
409
408
409
407
407
406
408
407
408
407
409
408
410
409
412
410
412
412
412
411
412
412
415
415
416
416
418
418
417
415
415
414
416
417
419
420
421
419
417
416
415
414
416
420
424
429
435
442
448
456
462
469
473
476
477
477
476
475
472
470
465
464
460
457
454
451
449
448
445
445
443
441
437
435
433
431
429
428
427
428
427
428
427
427
425
425
423
423
421
422
421
420
418
417
414
411
408
407
407
406
406
406
405
405
405
404
404
404
404
404
404
402
402
402
404
404
406
406
408
408
409
410
412
410
412
411
414
413
412
410
410
410
411
412
414
415
417
415
414
413
413
413
418
421
427
434
441
448
454
460
465
470
474
477
479
478
476
474
470
467
463
459
456
454
451
449
446
446
443
443
439
439
435
432
428
427
424
425
423
424
424
424
422
423
422
422
420
420
418
418
417
417
414
413
410
409
407
407
405
405
404
404
401
402
401
401
401
400
399
400
400
401
403
403
405
403
404
403
405
404
405
404
406
405
407
406
408
406
409
409
411
411
412
411
410
408
410
410
414
417
424
430
438
445
453
459
466
470
474
475
474
473
472
469
467
464
460
456
453
450
447
446
444
444
441
440
438
437
434
432
428
426
422
422
420
419
418
418
416
416
414
415
414
415
413
413
411
410
408
408
405
404
402
402
399
399
398
399
397
397
397
397
395
396
396
397
397
397
397
398
398
400
399
398
399
400
400
401
402
403
404
405
406
404
405
405
405
405
405
404
407
407
409
408
412
412
414
414
414
411
411
411
414
415
420
426
434
440
450
458
465
470
475
477
480
479
477
474
472
469
466
462
460
457
454
451
450
447
446
443
440
438
436
434
432
429
426
425
423
422
420
420
419
419
417
417
414
414
412
413
410
411
409
408
405
405
402
401
399
399
398
398
395
397
397
397
396
396
396
396
395
396
397
398
399
399
398
399
399
400
400
401
401
400
401
401
402
403
404
405
406
407
408
407
407
407
409
411
414
414
416
413
414
413
413
413
413
413
413
411
410
409
410
410
415
420
427
433
442
448
457
461
467
470
474
475
475
473
471
467
464
460
457
453
451
447
446
444
443
441
438
436
434
431
430
428
425
423
421
422
420
419
418
417
414
415
414
415
414
415
413
412
410
409
406
406
405
404
402
402
401
401
399
401
399
401
400
399
398
398
397
398
397
398
399
400
399
400
400
399
398
397
398
399
400
401
403
404
405
404
404
404
405
405
406
405
407
406
407
407
409
406
406
406
407
407
410
411
411
410
411
409
409
408
411
413
418
423
430
436
444
449
456
460
465
466
468
468
468
466
464
460
458
453
450
448
446
442
441
440
439
438
437
437
434
433
432
430
427
426
425
423
421
422
420
421
419
421
418
418
416
416
414
413
411
411
409
409
407
406
403
403
401
402
401
402
400
400
398
399
397
398
398
400
399
400
400
401
402
402
403
404
404
403
403
403
404
404
405
405
406
406
406
406
406
406
408
407
408
407
407
406
407
406
408
407
410
411
411
410
410
408
409
410
414
416
421
426
432
438
445
450
457
459
463
465
465
464
461
459
456
453
451
447
446
443
441
440
439
439
438
438
435
435
434
434
432
431
429
429
429
429
428
427
426
427
424
425
423
424
423
422
420
419
417
416
413
413
412
412
410
410
409
409
407
408
406
407
406
407
406
406
406
405
405
406
405
406
406
406
406
406
407
407
407
406
407
407
409
408
408
409
410
409
409
407
408
407
409
409
409
408
410
409
409
409
411
411
413
413
413
412
413
413
416
417
421
424
429
435
442
448
455
459
464
464
466
465
463
462
461
458
458
455
452
449
447
446
445
444
444
443
443
442
441
440
437
437
435
434
432
433
431
433
432
431
429
429
427
428
428
427
425
426
424
423
421
420
418
418
416
418
416
416
415
414
412
412
411
411
411
411
410
411
410
410
410
411
411
410
410
411
410
411
411
411
411
410
410
409
409
409
411
411
411
410
411
410
412
410
410
409
410
410
412
413
415
414
414
413
413
412
414
414
418
420
425
430
436
440
447
452
456
459
463
463
464
462
462
459
457
454
452
448
446
445
445
445
443
442
443
444
445
448
448
447
445
443
438
436
432
434
435
437
436
436
433
431
428
427
423
424
423
422
422
422
420
420
417
416
413
411
410
409
408
409
409
409
409
410
408
408
406
407
407
408
408
409
409
409
410
410
411
411
410
410
411
411
413
413
414
412
412
411
412
411
411
409
409
408
408
407
408
408
410
410
411
409
409
409
413
416
420
423
429
434
441
448
456
460
464
466
467
465
465
463
462
458
458
455
453
449
448
445
444
443
442
441
441
441
441
441
439
437
436
435
434
436
435
437
436
436
433
433
430
429
428
429
428
428
426
426
423
421
418
418
416
416
414
414
412
411
408
408
405
406
405
406
404
406
405
405
404
405
404
