Output started
30000
497
484
477
474
470
468
464
461
457
455
452
451
450
450
447
448
446
445
443
444
444
444
443
443
441
441
439
439
437
434
431
429
427
424
423
422
421
421
421
420
419
417
417
417
416
416
418
418
421
421
423
422
423
422
423
422
423
425
428
427
428
430
430
429
430
430
431
430
430
431
433
432
433
433
434
434
435
435
439
442
450
458
470
478
487
496
502
508
514
517
518
518
516
514
510
507
502
499
495
493
487
484
478
476
472
469
464
461
456
454
451
449
448
448
447
447
445
445
444
444
442
443
441
440
437
434
431
428
424
423
421
421
420
419
419
419
418
418
419
419
418
417
417
416
416
415
417
418
419
419
422
422
424
425
427
426
427
426
427
424
424
424
427
428
429
430
431
432
433
433
436
435
437
436
437
437
436
435
436
437
441
445
452
460
469
478
488
497
505
510
516
519
520
521
520
517
514
510
508
505
500
498
494
490
485
482
479
475
469
465
461
460
456
454
451
451
448
447
445
446
445
445
443
442
438
437
435
435
433
432
429
427
424
423
422
422
420
419
417
416
416
416
415
415
413
413
412
413
412
412
412
414
416
417
420
420
422
422
422
422
422
423
425
426
427
427
429
430
432
433
434
434
433
432
434
433
435
435
435
435
434
436
440
445
454
463
473
482
492
500
507
513
518
521
522
520
519
515
512
508
505
502
498
495
491
487
484
481
478
476
473
470
465
462
458
455
453
453
452
452
449
449
448
449
446
445
442
441
437
436
432
431
428
427
426
425
422
422
420
422
421
422
419
418
417
419
419
420
419
420
419
419
418
419
420
421
422
421
422
422
424
426
427
426
427
426
426
426
427
428
429
428
430
430
432
431
433
431
433
433
434
435
436
435
435
436
442
449
457
465
474
481
491
496
504
510
515
517
517
515
513
510
508
505
504
500
497
495
492
490
488
485
481
477
475
472
469
467
464
462
460
460
459
459
458
457
454
454
451
448
446
445
442
440
437
435
432
429
426
426
424
423
422
422
421
420
420
419
419
420
420
420
420
420
419
420
420
422
423
425
423
424
424
424
424
423
424
424
425
425
425
425
427
428
430
430
431
430
430
429
429
430
433
433
434
434
434
436
440
440
445
448
455
463
473
483
493
500
508
512
517
520
522
522
521
518
516
514
514
511
509
504
501
497
493
489
485
480
477
474
471
467
464
462
460
459
456
455
453
452
450
448
446
444
441
438
436
436
433
432
429
427
423
422
420
421
420
419
417
417
414
415
413
413
413
415
414
414
414
415
415
417
418
418
417
417
418
419
419
420
420
420
420
422
423
424
425
425
426
427
426
427
429
429
431
431
432
432
434
435
440
442
445
444
448
446
450
452
460
467
478
486
497
502
509
511
515
516
517
517
516
512
509
504
501
498
494
489
487
482
481
477
474
471
469
465
461
459
457
456
454
451
449
448
446
447
445
445
443
442
440
439
437
436
432
431
429
429
425
423
420
420
418
418
417
416
415
415
413
413
413
413
412
414
413
413
412
413
413
413
412
413
414
416
417
419
419
420
420
420
422
422
422
421
420
421
421
423
425
427
429
429
430
429
430
430
431
431
432
432
434
438
444
449
458
467
477
487
496
502
507
509
510
508
508
507
506
504
502
498
494
490
486
484
481
478
475
471
467
463
461
458
456
455
454
453
452
452
451
452
451
450
451
449
447
445
442
440
439
437
435
433
429
429
425
424
423
423
420
420
418
418
416
416
414
415
416
419
419
420
419
419
419
420
420
422
424
427
428
431
430
430
430
431
432
432
433
432
432
432
432
433
434
436
435
436
436
438
440
442
444
443
443
441
443
444
449
455
463
470
480
489
499
508
516
520
523
524
526
522
521
518
516
510
507
502
499
495
492
487
484
480
476
473
472
469
467
465
462
459
457
455
455
455
454
452
450
449
446
446
444
441
438
436
433
431
427
426
424
424
423
421
419
418
416
416
415
417
417
418
417
417
415
416
416
417
416
418
418
422
423
425
426
427
426
427
427
427
427
427
427
427
427
427
426
426
426
427
428
429
430
430
431
431
432
432
432
433
435
438
442
447
455
463
473
481
492
502
511
517
521
523
523
523
522
519
517
512
509
503
500
495
491
487
484
480
478
474
471
467
463
460
457
454
453
451
452
450
449
446
444
443
443
442
441
439
439
437
434
433
431
428
424
421
418
417
415
416
414
414
412
411
411
412
410
412
410
412
412
414
415
417
416
416
416
417
418
420
419
420
419
419
417
418
418
420
419
420
421
422
423
427
426
426
426
428
427
427
427
427
428
429
432
433
436
440
447
455
466
475
486
494
504
510
517
521
525
526
526
522
518
515
513
508
506
502
500
496
492
488
485
479
476
471
469
463
460
457
455
452
451
448
448
447
445
442
440
437
437
435
433
432
429
428
426
424
422
421
419
418
417
416
414
414
412
414
411
413
412
414
413
414
414
415
414
416
413
413
412
413
414
416
417
419
418
419
419
421
421
422
421
421
420
422
422
423
423
425
424
425
425
427
427
428
428
430
431
431
432
434
438
442
451
460
471
480
490
498
507
512
518
520
520
517
517
513
510
505
504
500
497
494
492
487
486
481
477
472
469
466
462
459
456
453
451
448
447
444
444
443
443
442
442
442
443
442
440
441
440
439
439
439
439
436
434
431
428
425
420
418
415
413
410
410
409
410
410
410
408
408
408
408
407
408
407
409
409
410
412
413
413
413
412
413
414
416
417
418
417
419
419
420
421
421
421
422
421
422
422
424
426
426
427
429
430
434
437
441
447
454
464
473
482
490
498
504
511
514
517
515
514
512
509
504
500
497
495
492
490
487
486
483
481
476
472
467
462
460
459
457
456
453
452
451
450
449
450
449
449
447
445
444
443
441
439
437
434
432
429
428
426
424
423
422
422
421
420
420
419
418
416
417
416
417
416
417
415
417
417
418
417
419
417
418
417
419
420
422
421
424
424
424
422
424
424
425
425
427
427
429
429
431
430
432
431
432
432
433
433
433
434
436
439
443
448
456
466
474
483
491
498
503
509
510
512
511
513
510
509
503
501
496
494
491
489
485
483
477
474
469
466
463
462
460
459
458
455
453
453
454
454
452
452
449
447
445
445
443
441
439
437
434
433
432
430
428
426
425
421
419
418
419
418
419
417
416
416
417
417
418
418
419
417
419
419
421
421
423
422
421
419
419
420
422
422
423
424
427
427
429
428
429
427
427
426
428
427
428
429
431
430
431
432
432
432
434
436
438
439
445
451
460
469
478
486
495
503
508
512
514
517
516
515
512
509
503
499
495
493
488
487
482
481
475
472
470
468
466
465
464
462
460
460
459
459
458
457
454
453
450
449
446
444
442
441
438
437
435
435
432
432
429
427
426
425
424
424
424
422
423
420
420
419
421
422
422
422
423
421
422
422
424
424
426
426
427
425
425
423
425
425
426
426
428
428
429
428
430
429
429
428
428
428
428
428
428
429
431
431
432
432
435
436
441
447
455
466
475
483
490
498
504
509
512
514
512
512
510
510
506
503
497
494
491
488
484
482
478
477
474
472
466
465
461
460
458
458
456
456
454
453
450
452
450
451
448
447
444
442
438
437
434
432
432
431
430
429
427
426
423
422
420
419
418
419
419
419
420
419
419
419
419
420
420
419
419
416
418
418
420
420
423
422
425
425
427
428
429
429
430
430
432
433
436
435
437
437
439
439
440
441
440
440
440
440
443
445
451
456
464
473
482
490
497
503
509
511
512
513
512
511
509
508
504
501
497
495
492
490
486
485
482
479
474
472
467
466
462
461
458
456
454
454
451
449
447
446
444
443
440
440
437
436
433
431
428
426
425
425
424
424
422
421
419
418
416
417
416
417
417
417
417
418
417
418
419
420
422
423
423
423
423
423
423
423
424
425
427
427
427
426
428
427
428
428
430
429
431
430
431
429
430
430
430
431
432
432
434
435
440
443
451
458
467
476
487
495
503
507
510
511
511
510
509
505
501
497
494
491
488
486
483
480
476
473
469
466
463
461
458
457
454
452
449
450
450
450
448
448
446
445
444
444
442
441
439
437
434
434
431
431
428
428
426
424
422
420
419
418
417
417
417
416
415
415
415
414
416
416
416
416
415
415
414
414
413
411
412
414
417
418
419
418
419
419
419
420
423
423
425
425
427
426
429
430
432
432
432
430
434
436
440
445
450
455
464
470
478
485
494
501
506
508
509
507
505
502
499
498
497
495
493
491
488
485
481
479
476
475
471
468
464
461
459
458
456
456
454
454
453
454
452
451
450
449
446
445
442
442
440
438
436
436
434
432
429
429
426
425
422
422
421
421
420
419
420
420
419
421
419
421
420
421
421
422
423
423
422
423
422
423
424
424
425
424
424
423
424
422
423
422
424
423
423
424
426
425
428
427
426
425
428
430
435
439
448
456
466
474
483
489
497
502
507
509
511
511
510
508
505
502
500
497
496
493
491
488
485
483
480
477
474
471
466
464
462
461
458
457
454
453
450
450
448
447
445
444
441
439
435
433
429
430
427
428
425
424
421
421
418
417
417
417
416
415
414
414
413
415
415
416
416
416
415
416
416
417
418
420
419
419
417
417
417
418
417
417
417
420
422
421
423
423
423
423
425
424
427
425
427
426
428
429
433
434
440
445
453
462
474
483
493
499
506
508
510
510
512
511
510
506
504
501
499
496
494
491
488
485
482
478
475
471
468
463
461
458
455
452
449
446
442
442
442
442
440
438
434
434
432
431
427
426
422
422
419
419
416
416
414
416
415
415
415
414
412
413
411
412
413
413
414
413
413
411
411
413
415
416
416
417
415
415
415
417
418
418
417
417
416
417
417
417
419
419
420
420
420
421
423
423
425
424
425
425
427
431
438
445
455
464
474
481
489
495
499
501
504
503
502
499
497
494
491
488
487
484
482
481
478
474
472
469
466
462
461
458
456
453
453
450
449
446
445
443
442
440
439
438
437
435
435
434
431
428
425
423
421
420
417
416
415
415
413
413
411
412
411
412
411
412
412
413
413
413
412
413
413
414
413
414
413
415
415
416
415
417
415
415
413
412
411
412
413
415
416
418
418
419
419
421
422
422
423
424
427
428
432
437
446
454
463
472
480
486
493
497
503
505
506
505
504
500
498
494
492
489
488
485
482
479
477
473
471
466
463
459
458
455
453
450
450
448
448
446
446
445
445
443
443
441
440
438
438
436
434
431
428
426
425
424
422
421
420
419
418
420
419
420
417
418
417
416
416
418
417
418
418
419
418
420
420
421
420
421
420
422
422
425
426
427
427
428
429
431
432
433
432
433
432
433
432
432
431
430
430
429
430
432
437
443
452
463
473
481
490
495
501
505
507
509
508
506
504
501
499
496
494
491
491
490
489
484
482
477
472
465
462
457
453
448
448
448
448
448
448
447
446
443
440
439
439
438
437
435
435
432
430
427
427
426
425
423
421
420
417
416
416
417
416
416
417
418
418
419
418
418
417
418
419
422
422
424
424
423
423
424
423
424
424
427
427
429
427
427
426
426
425
426
426
429
430
431
431
431
431
432
432
435
439
445
450
458
465
473
482
489
495
501
506
509
511
510
509
506
504
500
499
497
496
493
492
488
485
480
477
472
470
464
464
461
460
455
454
450
450
448
449
447
446
443
443
442
441
438
437
434
432
430
429
427
428
427
426
423
422
420
419
417
416
416
417
418
417
418
418
420
419
419
417
418
417
418
417
419
419
420
420
421
420
420
419
420
420
421
422
424
424
426
426
428
426
428
427
428
427
429
430
432
433
436
438
443
447
453
462
471
480
488
495
502
507
508
509
509
509
508
507
505
501
499
497
495
494
491
489
486
484
478
477
473
472
469
466
463
461
457
456
453
452
449
449
447
446
444
443
441
439
437
436
434
432
431
430
429
427
425
423
419
418
416
416
416
417
417
417
416
416
415
417
419
420
421
422
422
423
423
423
424
423
424
426
427
425
426
424
424
422
424
426
429
428
430
428
428
426
428
428
431
431
432
433
434
434
437
439
446
453
461
469
478
485
493
498
502
502
505
505
506
506
506
504
502
497
494
492
489
487
484
482
478
474
469
467
464
461
459
458
456
455
452
450
448
449
447
446
443
442
441
441
440
438
435
435
434
437
438
438
436
433
430
427
422
421
418
420
419
420
418
418
417
417
416
416
417
419
420
421
422
421
421
421
422
424
425
424
425
423
425
424
425
424
426
425
426
425
427
426
428
426
427
426
427
427
430
431
433
436
442
449
456
463
473
480
489
495
500
503
505
505
505
503
501
498
494
490
486
484
480
476
474
472
469
468
465
462
459
457
455
454
453
453
452
451
448
449
447
446
444
446
443
443
440
440
438
438
437
436
434
433
430
428
426
427
427
428
426
426
424
424
423
425
425
427
426
427
426
427
427
428
427
428
427
427
427
426
426
427
427
429
429
430
432
432
432
432
432
432
432
431
432
431
432
432
433
433
435
435
438
440
448
455
465
475
485
492
499
504
508
510
511
509
508
506
506
502
499
495
492
488
486
481
479
476
473
470
466
463
460
457
456
457
456
456
455
455
454
452
450
450
449
448
444
444
441
440
439
438
435
Loop stopped.
