Output started
30000
385
377
376
379
383
388
392
397
399
403
406
409
411
415
417
420
420
423
423
425
424
425
425
427
429
435
445
467
493
528
565
601
631
660
681
696
704
707
705
697
685
674
660
644
630
614
600
586
572
557
542
524
507
487
472
456
444
432
425
415
410
404
402
398
396
393
390
386
385
381
379
373
368
363
359
354
351
348
346
343
341
339
339
337
338
338
340
340
343
345
348
351
353
357
360
364
368
373
377
381
384
388
391
394
396
401
402
406
408
411
411
413
414
415
413
415
415
417
418
423
431
447
472
507
546
587
623
658
684
706
719
725
724
718
706
691
673
656
639
622
605
590
575
559
542
523
503
482
464
446
433
421
412
404
398
393
390
387
384
381
379
376
373
369
367
362
358
354
350
345
342
338
336
333
331
328
328
327
328
328
330
331
334
337
341
344
347
350
354
358
363
366
370
373
378
381
384
387
391
393
397
400
403
404
407
407
408
408
407
407
405
405
405
408
413
424
445
479
518
563
605
644
673
699
713
721
720
713
699
683
662
642
620
600
581
564
545
528
508
489
468
449
429
414
401
392
385
380
375
374
372
373
373
372
372
371
369
367
365
361
358
355
352
349
346
343
341
339
337
335
334
333
334
333
336
336
339
341
345
346
351
354
360
362
367
372
378
381
387
390
394
396
401
402
405
406
409
411
412
411
411
411
411
410
410
409
411
415
423
440
469
508
554
601
642
677
703
721
730
729
721
707
689
670
648
627
604
585
564
547
528
512
493
474
453
432
411
394
378
368
358
353
349
348
346
348
348
350
349
349
347
346
344
343
340
338
335
332
330
329
327
324
323
322
321
322
323
324
326
329
333
335
340
344
349
354
359
362
367
370
376
379
384
387
392
394
398
399
402
402
404
403
405
404
405
403
402
401
402
402
405
411
422
443
477
518
563
606
643
673
696
710
714
712
703
689
671
651
631
611
591
573
555
540
524
508
490
471
450
432
412
397
381
372
362
357
352
350
349
350
350
351
351
352
351
351
348
347
344
344
341
339
337
336
334
335
333
334
333
334
335
336
339
341
344
346
348
353
357
362
367
372
376
381
384
388
393
397
400
404
408
409
411
414
417
418
419
419
420
418
419
417
417
416
419
421
426
436
455
483
523
564
606
640
670
690
704
708
707
697
686
669
651
629
610
590
575
557
543
528
514
497
481
462
444
427
413
401
391
383
377
374
373
372
372
371
370
371
371
370
368
367
364
362
358
357
353
352
350
349
348
348
347
348
348
351
351
354
356
359
361
366
368
373
376
381
384
389
393
397
399
402
405
407
410
413
415
417
419
420
422
423
423
424
425
424
425
424
425
423
423
422
424
427
433
442
462
490
529
567
608
640
668
688
702
707
707
698
687
670
653
633
617
598
582
567
553
536
522
506
489
471
454
439
425
414
405
398
393
388
385
384
384
384
384
383
382
381
379
378
376
375
371
370
366
365
363
362
360
361
361
362
361
362
363
364
364
367
369
372
373
375
378
381
384
389
393
396
398
402
403
406
408
411
413
416
417
420
421
423
424
426
428
429
429
429
429
429
429
429
429
430
432
434
436
442
454
474
505
541
580
617
649
674
695
707
713
710
704
691
677
658
642
622
604
586
570
554
540
524
509
492
476
459
445
433
424
414
410
404
400
397
396
395
394
392
391
389
388
385
382
379
376
372
370
366
364
363
361
360
358
356
355
357
356
357
359
361
363
367
367
371
373
377
380
384
388
393
396
399
401
405
406
410
411
414
414
417
418
420
420
422
422
426
426
428
427
428
429
429
428
428
427
428
429
432
435
443
456
479
510
549
589
625
660
686
707
720
727
727
721
708
693
674
657
636
618
600
584
566
552
535
520
501
485
466
452
437
427
417
411
404
401
396
395
394
393
391
391
388
386
383
381
376
373
369
366
362
359
356
353
352
349
349
348
348
347
348
349
352
353
356
358
361
363
368
370
374
376
381
385
389
392
396
398
402
403
407
408
410
411
415
416
418
420
422
423
425
424
426
425
427
428
428
427
428
429
430
431
434
440
453
476
509
548
589
629
664
694
717
733
741
742
736
726
711
692
671
650
628
608
588
571
552
535
516
499
480
463
446
434
422
415
406
403
399
396
394
394
394
394
392
391
388
385
382
378
374
369
363
360
356
353
349
347
343
342
338
337
336
336
337
338
339
341
343
346
351
354
359
363
369
372
377
380
386
389
393
396
400
402
404
407
410
412
414
415
418
418
421
422
424
425
426
427
428
428
429
428
429
430
432
433
438
447
466
496
534
577
620
657
691
716
736
747
750
746
736
721
702
681
659
637
614
592
571
553
533
514
494
476
457
440
427
417
408
403
399
397
395
396
396
398
397
398
396
395
392
389
384
381
375
373
367
363
357
354
350
347
344
341
339
339
337
338
339
341
343
345
349
353
356
361
365
369
374
377
383
387
392
395
399
402
407
407
411
411
415
415
419
420
422
423
426
427
429
428
430
430
432
431
432
433
434
435
440
448
467
495
535
579
624
665
702
730
751
763
767
763
755
739
720
697
673
648
623
600
578
558
539
523
503
484
464
446
430
416
404
396
389
385
381
381
380
380
380
382
382
382
380
378
373
370
366
362
358
353
349
346
342
340
336
335
333
331
331
332
334
336
338
341
344
348
349
354
358
363
367
372
377
380
385
389
394
397
400
403
407
408
411
412
414
416
418
419
422
422
425
424
425
424
425
425
427
427
430
434
445
467
502
545
595
641
685
720
749
768
778
779
773
760
743
721
698
673
648
623
598
575
555
535
516
495
477
456
437
420
405
394
384
378
372
369
367
366
365
366
365
365
362
361
358
355
350
347
341
337
332
330
326
324
322
320
319
317
317
318
319
321
322
326
328
332
335
340
343
350
354
359
363
369
374
378
382
386
389
393
397
399
401
404
408
409
411
413
415
416
418
418
420
419
420
419
421
420
422
422
426
434
454
485
528
576
628
672
713
743
766
777
783
777
764
746
724
697
672
645
620
596
574
552
533
514
495
476
456
435
416
399
384
371
362
355
350
347
345
346
345
346
346
346
344
343
340
338
334
331
326
323
319
318
314
314
311
311
311
312
313
314
314
319
322
324
328
332
336
341
345
350
355
361
365
370
375
379
382
387
391
394
397
400
402
404
406
409
411
413
415
416
417
417
418
418
418
419
420
422
426
435
454
485
527
574
621
663
700
727
747
755
758
749
737
717
696
672
648
623
600
576
556
537
519
502
485
466
446
427
411
396
384
375
367
362
359
357
359
358
358
359
358
358
357
354
352
349
347
344
341
338
336
334
333
331
328
328
326
328
327
328
329
332
333
337
339
343
347
352
357
361
365
370
374
380
383
387
390
393
397
399
402
405
408
411
412
415
417
419
420
423
423
425
424
425
424
425
426
426
429
434
444
464
495
533
576
618
655
685
707
720
727
725
720
705
690
669
649
626
606
584
566
548
533
516
502
484
469
451
437
422
411
401
395
390
386
384
383
381
382
381
382
380
380
377
374
371
369
366
363
361
358
355
352
350
349
350
348
348
348
349
349
352
353
357
358
361
364
368
371
376
380
385
388
393
396
399
400
405
407
411
413
416
418
421
422
425
425
428
429
432
432
433
433
434
434
435
434
435
435
437
439
445
456
479
509
546
587
623
655
680
698
708
712
708
700
687
671
653
636
616
598
579
563
547
534
518
504
488
473
457
444
432
425
417
413
410
406
404
404
404
403
402
402
400
399
396
394
390
387
383
380
376
374
371
368
365
363
361
360
359
359
359
361
363
364
367
369
371
374
376
380
384
387
392
395
398
401
405
408
411
413
416
417
421
422
425
426
428
430
432
432
433
432
433
433
434
433
433
434
436
439
446
460
483
514
553
591
627
658
683
701
712
716
715
708
697
681
664
646
627
610
592
576
560
546
529
514
497
482
466
453
441
433
425
420
414
412
408
408
406
405
402
403
399
397
393
391
385
382
378
374
370
368
364
362
359
357
355
354
353
353
353
355
356
357
359
361
364
365
368
371
376
380
385
387
391
394
399
401
404
405
408
409
413
413
417
418
421
421
425
426
428
427
429
427
428
427
428
430
432
435
445
461
488
522
561
600
638
668
695
713
724
726
724
716
704
686
668
648
629
609
590
572
556
541
524
507
489
474
457
443
432
424
416
412
406
404
401
400
397
397
395
394
392
391
387
384
378
375
370
366
360
356
352
351
347
345
343
343
342
343
343
345
346
348
351
355
358
362
366
370
375
379
384
388
391
394
398
401
405
407
411
412
417
417
421
423
426
427
428
429
429
429
430
430
431
431
433
435
443
457
483
518
558
597
636
667
693
711
721
723
720
709
696
679
658
638
618
596
576
557
541
522
505
486
468
451
435
420
412
404
398
394
392
391
392
393
394
395
395
394
392
390
386
383
377
374
368
365
359
356
352
349
346
345
343
343
343
345
346
349
350
354
357
360
363
368
372
377
382
387
391
396
400
405
407
411
414
417
419
421
423
424
426
428
429
430
431
430
431
430
430
429
430
430
433
440
455
481
519
561
607
647
684
711
733
745
750
744
736
718
701
678
657
633
612
591
573
553
537
518
501
481
462
441
425
409
397
388
380
374
371
369
370
369
370
370
370
369
368
365
363
359
354
352
348
345
340
338
335
334
332
333
331
332
332
334
334
338
340
343
345
350
353
359
363
368
371
377
380
387
389
394
396
400
403
406
408
412
414
417
417
419
421
421
421
421
420
421
420
421
422
427
437
459
493
536
584
631
673
707
733
749
758
755
747
732
713
689
669
643
622
599
579
558
541
522
505
485
465
444
426
407
392
379
369
362
358
354
355
354
354
355
355
355
353
351
348
344
340
336
333
329
327
324
321
319
318
318
319
320
322
324
327
329
332
335
339
345
350
355
358
364
368
373
377
381
384
388
391
394
396
399
401
405
406
409
409
411
412
412
411
413
411
411
411
412
413
416
421
434
457
494
539
590
636
677
710
734
747
753
749
739
722
701
677
653
629
605
582
561
542
525
506
487
470
448
429
409
393
379
368
359
353
347
346
344
346
346
348
348
348
347
345
343
341
339
337
333
332
328
326
324
323
322
323
322
324
325
328
329
332
334
338
341
345
350
355
360
364
370
374
379
383
388
391
395
397
401
402
406
407
409
410
412
412
414
413
414
412
411
409
410
409
412
414
421
434
461
497
544
590
636
673
704
723
735
736
732
720
703
680
658
634
611
589
568
548
531
513
497
479
461
442
422
407
391
381
371
365
360
359
355
356
357
358
358
359
359
359
357
355
350
348
344
342
338
336
333
331
329
329
328
328
330
331
333
336
338
342
344
348
352
356
361
365
370
376
380
385
390
394
397
400
404
406
409
412
415
416
419
421
423
423
424
423
423
422
422
421
422
422
427
434
451
478
514
556
600
638
670
693
710
716
716
708
696
678
658
639
619
599
578
559
543
526
511
494
479
461
444
428
415
403
396
389
385
381
379
379
380
381
383
384
383
384
381
380
378
375
371
369
365
362
359
358
356
354
353
354
354
354
355
357
358
360
361
364
366
370
372
377
380
384
387
392
395
399
402
406
409
413
415
418
419
422
423
425
426
428
428
428
428
428
426
426
426
427
428
430
435
443
460
486
523
563
604
640
671
693
710
716
718
711
699
683
665
645
627
606
589
570
555
539
525
508
493
475
459
443
432
421
413
406
402
398
397
395
396
396
397
396
395
393
392
388
384
381
377
374
372
369
366
364
361
359
357
358
356
357
357
359
359
362
363
367
368
373
375
379
383
387
389
394
397
401
403
407
409
413
414
418
419
423
423
425
428
430
431
432
433
434
434
435
434
434
434
435
436
439
446
456
476
505
542
582
621
656
684
706
721
727
729
721
712
695
679
659
640
619
601
582
566
548
534
515
497
479
463
448
437
426
418
412
408
404
401
401
400
399
399
397
396
393
391
386
383
378
375
371
367
363
359
357
354
352
351
348
348
348
348
349
351
353
355
358
360
364
367
371
375
380
384
388
392
397
399
404
406
409
412
415
416
419
421
423
424
427
427
430
430
432
432
433
432
432
431
433
433
437
443
457
480
514
552
594
633
667
695
715
728
733
731
724
712
696
678
659
638
617
596
577
559
542
526
506
490
472
457
441
430
421
416
410
407
405
404
403
403
401
401
399
398
394
391
387
383
379
375
371
367
363
359
356
354
351
350
348
347
346
347
347
350
351
354
357
360
362
365
370
374
380
383
388
392
396
399
404
407
412
417
421
422
425
427
430
431
434
434
436
435
436
435
435
434
434
434
437
440
450
469
500
536
579
619
657
687
712
727
737
737
733
721
706
687
666
644
622
600
579
560
541
522
504
486
466
449
432
421
410
403
396
392
388
388
388
390
388
390
390
391
389
388
383
381
377
373
368
365
362
357
352
351
347
345
343
343
342
343
343
346
346
349
352
356
360
363
368
374
378
383
388
392
397
401
406
409
412
416
420
421
424
426
427
430
432
432
433
432
432
431
432
431
432
432
439
450
472
506
548
593
637
677
710
733
749
757
758
751
738
720
700
677
653
630
609
587
569
551
534
515
495
476
456
437
421
407
397
387
379
Loop stopped.
