Output started
30000
671
684
685
684
682
680
677
675
673
672
670
668
667
666
665
665
666
666
666
664
664
663
663
664
664
663
663
661
661
662
663
663
664
663
665
664
665
667
672
675
680
683
687
690
695
697
700
702
702
703
702
700
699
696
696
693
692
691
691
689
689
689
687
688
685
684
684
684
684
684
682
681
680
679
677
679
679
679
676
675
673
673
672
672
671
670
668
667
666
667
666
664
663
663
663
664
662
662
661
661
662
663
664
663
663
661
661
660
660
662
664
665
664
665
665
665
665
665
666
665
665
664
665
667
669
672
676
678
682
685
688
692
695
696
698
699
699
700
700
700
700
699
698
696
696
696
695
694
695
694
693
691
688
686
686
687
687
689
688
687
686
686
686
684
683
681
680
678
678
675
675
672
672
671
671
670
671
670
668
665
665
665
665
666
666
666
666
665
664
663
664
664
664
664
663
662
661
661
661
662
662
662
660
660
659
660
660
662
661
662
663
664
664
667
669
670
671
673
674
679
682
687
689
691
692
695
695
697
698
698
696
695
694
694
693
692
690
689
688
688
689
688
687
683
684
684
686
686
687
687
688
686
687
686
687
686
686
685
684
684
681
679
678
676
676
676
675
673
672
671
671
670
668
665
664
662
662
662
664
664
664
663
663
664
664
664
663
665
665
666
665
666
667
669
667
668
667
668
668
670
670
670
669
671
673
678
680
684
689
695
699
704
708
711
710
712
712
713
714
713
710
708
704
701
699
697
697
696
694
693
691
690
690
691
693
694
696
696
696
695
694
693
691
689
689
686
686
684
683
681
681
680
680
679
677
675
674
673
672
670
670
668
668
668
668
668
669
668
670
669
669
668
668
669
669
669
669
669
669
669
669
667
666
665
665
665
666
665
667
666
667
668
671
674
679
684
688
693
700
704
706
707
709
710
711
711
710
709
707
703
700
697
694
692
689
688
687
686
685
685
683
683
681
681
679
680
679
681
680
679
679
680
680
679
679
678
677
676
674
672
669
671
668
668
666
666
666
665
665
665
664
662
661
661
660
659
660
659
659
660
660
659
659
658
657
655
656
654
655
655
655
654
654
653
656
657
658
658
660
660
664
666
672
674
680
686
691
695
699
702
704
705
707
706
706
704
703
702
699
695
694
693
692
690
690
689
688
687
686
685
685
686
686
687
686
686
686
687
686
686
684
682
681
680
678
678
675
675
673
673
671
670
669
668
666
665
664
664
663
662
662
662
662
661
661
660
661
660
659
659
658
660
660
660
658
658
659
660
659
659
659
658
659
658
660
659
661
660
662
663
666
669
674
677
680
687
693
698
703
706
710
710
710
710
709
707
705
704
702
699
695
694
693
693
692
691
690
689
687
686
686
686
686
685
686
683
683
681
681
680
680
679
677
675
672
669
667
665
664
665
664
662
661
660
659
657
656
655
654
654
653
652
651
652
653
654
654
655
654
653
654
655
655
656
656
656
654
656
657
658
658
659
659
658
658
657
660
661
661
664
663
666
667
672
675
682
688
694
700
704
708
711
712
714
715
714
713
711
709
706
704
700
699
697
696
694
691
688
687
685
685
683
684
683
683
680
680
677
679
678
678
676
674
673
672
669
668
666
663
660
657
657
656
653
651
648
646
645
647
649
651
651
650
650
651
652
652
653
654
653
651
651
650
651
652
652
652
653
653
654
655
655
655
655
653
654
653
656
657
659
660
661
662
664
668
674
679
687
695
702
707
711
714
716
717
718
718
718
714
712
708
703
699
698
695
693
691
689
686
685
684
683
682
681
682
682
682
681
682
682
680
680
681
680
680
679
678
676
673
671
669
666
665
664
663
662
660
659
658
657
657
656
654
654
653
654
653
651
651
651
652
652
651
649
649
649
651
651
652
652
652
651
650
650
650
651
651
651
652
653
654
655
656
657
660
665
670
677
683
690
696
702
707
712
715
717
717
718
717
716
713
711
707
703
700
700
700
700
699
698
695
692
690
687
687
686
685
683
682
682
680
678
676
675
673
672
670
669
668
666
664
661
658
657
655
654
654
651
649
647
647
647
648
648
650
648
649
648
649
648
648
647
648
648
648
646
648
647
649
649
651
652
652
652
653
654
655
654
654
653
655
656
656
654
655
656
659
662
667
673
680
688
696
701
705
709
712
716
716
717
716
716
714
713
711
710
707
706
703
702
699
697
693
692
689
690
690
690
688
686
683
683
681
683
681
679
675
673
672
669
667
666
665
663
661
659
658
655
654
652
651
650
649
648
647
647
646
646
646
645
644
644
645
646
647
647
647
646
647
647
648
649
649
649
648
648
649
650
650
649
650
651
653
654
655
656
658
663
669
676
684
690
698
703
709
714
716
718
719
720
720
718
715
712
710
708
708
705
703
699
696
692
691
688
687
686
684
684
684
683
682
681
680
680
679
678
676
676
673
671
668
666
664
663
660
658
654
654
652
651
651
651
649
650
648
647
647
647
646
647
647
647
646
645
643
644
645
647
647
647
647
647
646
648
650
652
651
651
649
649
650
651
651
650
649
650
652
654
656
658
660
663
667
672
680
687
695
703
709
712
716
718
720
721
722
720
719
716
714
710
708
704
704
700
697
694
692
691
690
689
687
685
683
682
680
680
682
682
681
678
676
675
673
673
672
669
667
664
662
660
659
659
658
656
654
653
652
652
652
653
652
652
650
650
649
649
648
650
649
650
651
652
651
651
650
651
651
653
654
655
656
657
656
655
656
656
657
656
656
656
657
658
657
659
660
662
667
671
677
683
690
696
702
708
713
714
716
716
718
717
715
713
711
708
706
703
700
696
694
691
690
688
687
686
685
682
681
681
681
681
681
680
678
676
675
676
675
675
673
670
667
665
662
662
661
659
659
656
655
653
653
651
652
652
651
649
647
648
649
648
649
649
650
650
650
649
649
650
650
651
651
652
651
650
651
652
653
654
652
651
649
651
651
653
654
657
656
656
654
657
661
667
671
676
681
687
695
701
708
713
715
718
717
718
717
718
716
714
710
706
703
700
698
698
696
693
690
688
686
684
685
684
685
684
684
682
682
680
681
679
678
676
674
671
669
666
664
662
662
658
658
656
655
654
654
653
652
651
651
649
649
649
648
649
648
647
648
648
650
649
649
649
649
649
649
649
648
650
650
650
649
649
648
650
650
651
649
650
650
651
651
652
652
654
656
662
665
672
678
686
692
700
705
709
711
714
715
715
716
714
713
709
706
702
699
698
695
691
690
688
686
685
683
683
682
684
683
684
683
682
682
681
680
679
679
679
677
675
672
670
668
666
665
663
660
657
657
655
654
653
652
650
647
645
645
646
646
646
645
644
643
644
645
644
645
647
646
644
643
644
645
646
646
646
646
645
646
645
646
647
648
647
648
649
651
655
660
666
672
677
684
691
699
705
710
714
718
719
720
722
721
721
719
716
713
711
709
707
703
702
699
698
696
694
691
690
689
688
687
686
684
685
682
681
679
678
678
676
673
671
668
666
665
664
661
660
657
655
653
651
650
648
647
645
644
643
643
644
644
642
642
642
642
642
644
645
645
645
646
643
644
645
646
647
649
647
647
647
647
645
646
647
650
650
650
650
653
658
665
672
679
688
695
704
711
716
722
724
726
726
727
725
722
720
719
715
711
708
706
703
699
697
694
692
689
686
683
682
680
680
679
679
679
678
677
675
673
672
670
670
666
665
661
658
655
654
652
650
646
645
642
642
641
640
640
639
639
638
638
638
639
639
638
637
637
637
637
637
638
639
640
640
638
638
640
640
642
642
640
638
637
637
637
638
639
640
641
641
645
652
659
668
677
685
695
704
712
718
722
725
727
727
729
727
726
723
720
716
712
709
708
704
702
699
695
693
689
686
685
683
682
680
680
677
676
674
673
671
669
668
666
663
661
658
656
654
651
648
646
644
641
639
637
636
635
634
633
632
631
632
631
632
632
631
629
630
629
630
630
630
630
630
630
630
632
632
633
633
632
633
632
632
630
631
631
632
631
632
633
635
639
646
653
659
668
678
689
701
710
715
720
723
726
727
729
729
728
725
720
716
712
709
707
704
703
700
699
696
695
693
691
687
687
685
684
681
679
677
675
674
670
667
665
663
660
657
654
650
647
643
641
639
637
634
633
632
629
627
625
624
623
623
624
625
625
625
624
624
623
624
624
625
625
625
625
628
627
628
628
628
627
627
629
632
633
634
634
635
636
637
638
640
640
641
643
644
650
657
666
675
685
694
704
715
723
731
734
735
736
736
735
732
730
725
720
714
709
704
702
698
696
692
686
682
681
678
678
676
674
671
668
666
666
664
664
662
658
653
649
647
646
644
640
637
633
630
629
629
629
627
623
620
618
619
620
621
621
618
617
617
620
622
624
624
624
624
624
625
627
627
628
627
628
628
630
632
634
633
632
632
631
631
632
633
634
636
635
637
639
642
647
655
662
672
681
692
704
715
722
727
730
733
734
734
732
729
723
719
715
710
705
700
695
692
689
686
682
678
673
670
667
668
668
666
664
661
659
658
657
654
652
649
647
643
642
641
639
636
635
633
632
630
630
628
627
625
623
622
623
622
623
622
622
622
624
622
625
626
626
627
627
628
628
629
630
631
630
630
633
632
634
633
634
636
638
641
645
647
648
650
652
654
658
664
671
681
693
704
712
719
723
727
729
730
730
729
724
720
714
708
703
698
692
689
685
682
677
675
672
669
667
667
667
664
664
664
662
661
659
656
654
652
651
649
648
646
643
637
635
633
633
632
629
627
626
626
626
626
627
625
623
622
622
622
623
623
623
623
623
623
625
626
626
627
627
626
629
629
630
630
631
631
631
631
633
633
634
635
637
641
646
655
664
674
683
694
703
712
718
721
723
725
726
725
723
719
715
710
705
701
697
694
691
688
685
683
680
679
677
675
672
671
670
669
668
669
666
664
663
662
662
662
659
654
649
646
643
643
641
640
637
634
632
631
630
629
628
627
625
624
623
624
623
624
622
624
624
626
627
628
628
629
629
630
630
630
631
631
631
631
633
632
633
634
638
644
652
658
666
675
686
697
708
715
720
722
723
722
723
721
720
716
714
706
702
697
693
690
687
684
681
680
679
676
675
673
673
671
671
670
668
667
666
666
664
663
661
659
656
653
649
646
642
641
639
638
638
637
635
634
631
630
628
629
629
629
628
628
626
627
627
628
627
628
628
629
629
630
630
631
630
631
630
630
632
634
635
636
637
641
648
654
660
670
680
690
699
707
712
717
720
721
722
720
719
715
713
709
708
703
700
697
694
690
686
683
681
677
675
671
669
668
667
667
666
664
663
661
659
656
655
652
651
648
647
642
641
639
637
637
636
633
630
629
628
628
626
625
624
621
621
621
622
622
623
622
622
622
622
624
625
626
625
626
627
627
626
626
626
627
630
631
633
631
632
635
643
652
661
670
678
689
696
703
709
713
714
715
715
715
713
712
709
707
705
703
700
697
694
692
689
685
682
678
675
674
671
670
668
667
666
665
663
661
658
656
654
652
648
646
644
641
640
639
637
636
633
631
629
627
627
625
626
625
624
622
621
619
621
620
619
620
621
621
623
623
626
626
628
629
632
632
632
632
630
629
629
630
633
635
637
637
640
643
648
654
663
671
682
690
699
706
713
718
721
723
723
723
720
718
715
712
706
704
700
698
693
692
688
685
682
680
678
677
674
672
669
669
668
667
667
667
664
662
660
657
655
654
652
649
644
640
637
635
633
632
631
630
628
628
628
628
628
627
627
626
627
627
628
629
629
630
630
629
629
627
628
629
630
630
630
629
629
629
630
631
632
630
630
631
633
635
638
639
643
647
652
660
669
680
691
701
708
714
718
720
721
722
723
721
718
714
710
705
703
700
697
694
690
686
684
682
681
679
677
675
674
673
671
670
668
666
664
662
661
658
655
652
648
646
645
642
639
637
634
633
631
630
628
625
624
624
625
626
626
624
624
623
623
624
625
627
626
627
627
629
629
630
631
632
631
632
632
633
633
634
635
634
635
635
636
637
637
638
639
642
646
651
657
663
671
679
689
698
706
711
715
716
719
719
722
720
720
716
713
708
705
700
699
696
693
691
686
683
681
678
676
673
673
671
671
670
669
668
666
664
663
661
660
656
654
651
648
648
647
644
642
641
639
638
637
636
634
634
633
633
634
634
631
632
631
633
632
633
634
635
634
635
635
635
636
638
638
640
640
640
642
643
643
642
643
643
644
647
646
649
649
654
660
666
672
681
689
697
705
711
717
720
722
722
723
721
720
717
713
709
705
700
698
694
692
688
685
680
677
675
674
674
673
672
671
669
668
667
668
666
665
663
663
662
659
657
655
654
652
650
648
647
644
642
641
640
639
638
638
637
636
637
637
638
637
637
637
638
640
641
640
641
640
641
642
642
641
642
642
643
644
647
648
653
658
663
668
675
682
689
696
702
706
709
711
713
712
712
708
707
704
701
696
694
690
689
686
684
681
678
676
674
671
670
669
670
669
669
668
668
665
664
664
664
663
661
658
655
653
651
650
651
648
646
642
641
640
639
639
638
639
639
639
639
639
637
636
636
637
637
639
637
636
635
637
637
640
642
642
641
641
641
646
Loop stopped.
