Output started
30000
401
386
384
382
385
385
387
386
390
388
390
391
393
393
394
393
395
396
397
397
400
401
404
408
414
420
428
434
442
450
457
462
466
468
470
469
468
465
463
459
456
453
449
448
445
442
439
437
434
433
428
427
424
423
420
420
418
419
417
418
417
418
415
415
412
412
409
408
404
403
401
400
398
396
394
395
393
391
390
391
389
389
388
388
388
389
387
389
388
389
390
390
390
391
390
389
390
391
392
392
391
392
393
394
395
394
395
395
396
396
396
396
398
397
398
397
398
398
400
400
403
407
413
419
427
434
442
448
454
459
464
464
464
462
462
459
457
453
451
448
446
445
443
440
438
434
431
428
426
423
420
416
416
414
413
411
411
411
409
408
408
408
405
404
401
401
397
396
395
394
391
391
388
388
387
386
385
385
384
385
384
384
384
385
384
385
384
385
385
386
386
388
388
389
388
389
388
389
389
391
390
391
391
391
392
392
392
391
391
391
392
391
391
391
392
391
393
391
394
395
400
403
410
416
425
430
439
444
449
452
454
454
455
453
452
449
447
444
444
441
440
437
436
434
433
429
427
424
422
419
417
415
414
412
412
410
410
410
409
408
408
406
404
403
401
400
397
396
394
393
390
389
387
387
384
384
382
382
380
381
379
380
379
380
379
380
379
381
380
381
380
380
380
380
380
381
380
381
380
381
380
381
382
383
384
384
383
384
384
385
385
386
386
386
387
388
388
388
391
391
397
401
408
414
423
429
438
441
449
451
455
455
456
454
453
450
448
444
443
439
437
433
431
427
425
422
420
417
415
413
412
411
410
410
410
410
411
411
411
410
409
408
407
404
402
401
398
397
394
392
391
391
389
387
386
385
384
385
384
385
384
385
384
385
385
386
386
388
388
389
388
390
389
391
391
392
392
393
393
393
394
395
394
395
395
396
394
395
394
395
394
395
395
395
395
396
395
396
397
400
402
408
415
422
429
437
445
451
457
461
465
466
467
465
465
463
462
457
455
452
450
447
446
442
441
437
435
431
429
425
425
422
421
419
419
417
418
417
417
414
414
412
410
406
405
403
401
398
395
392
390
388
387
386
384
384
383
382
382
383
382
383
382
384
384
385
384
386
385
388
388
390
389
391
392
394
393
395
396
397
397
398
398
400
399
400
399
400
399
401
400
402
401
402
401
401
401
403
405
408
412
418
426
432
438
444
450
455
459
462
463
463
463
462
460
457
456
452
450
446
445
442
441
437
435
431
429
425
423
420
420
417
418
416
417
416
416
415
415
413
412
410
410
408
407
405
403
402
399
397
396
394
392
391
391
389
389
388
387
387
387
386
386
387
387
388
389
392
391
392
392
392
393
395
394
396
395
397
396
398
397
398
398
399
399
401
400
401
401
402
402
403
403
405
404
406
405
406
407
411
415
421
426
433
440
447
453
458
462
464
466
467
466
465
462
460
457
456
453
450
449
447
447
444
442
438
437
434
432
428
427
424
424
421
422
420
420
418
418
417
417
415
415
413
413
411
410
407
406
403
403
401
399
397
396
395
394
393
393
391
391
390
390
390
391
390
390
391
391
391
392
393
395
395
395
396
397
397
398
399
398
399
399
400
400
401
402
403
402
402
402
403
403
405
405
406
406
407
407
409
410
416
418
425
430
438
443
450
454
459
462
465
464
466
464
463
461
460
457
455
452
450
448
448
445
444
442
440
438
436
435
432
432
430
429
427
429
427
428
427
428
426
426
423
423
420
420
417
417
413
413
410
410
408
407
404
403
402
401
399
399
398
398
398
398
397
398
396
397
397
398
399
399
399
399
399
400
402
402
401
401
403
402
403
402
403
403
404
404
405
404
405
403
405
404
405
404
406
406
406
404
406
405
409
410
415
418
426
430
439
443
449
453
458
460
462
462
462
459
458
455
455
452
451
448
446
445
445
442
440
439
437
436
433
432
431
431
428
428
427
427
425
426
425
425
423
423
420
421
419
418
415
415
412
411
408
408
405
405
402
401
399
400
399
399
398
399
398
398
397
397
398
399
398
398
399
399
399
400
400
401
400
401
402
402
403
402
402
403
403
404
403
404
404
404
404
403
403
403
405
404
406
404
406
405
407
407
409
411
415
419
426
431
438
444
450
455
459
461
463
462
462
461
459
456
454
452
450
448
446
444
442
441
439
437
435
433
432
429
429
428
427
427
425
425
424
424
422
422
421
420
417
416
414
413
410
409
407
406
403
403
401
401
398
398
396
397
395
395
394
394
393
393
392
393
393
395
394
395
395
396
395
396
397
397
396
398
397
399
398
400
398
399
399
400
400
400
401
400
401
400
402
401
402
401
402
402
403
402
404
403
406
407
411
415
421
426
435
440
448
452
457
459
461
461
462
460
460
456
454
450
449
446
446
444
443
440
439
437
436
433
432
430
429
427
426
426
424
425
424
424
424
424
423
423
421
420
417
417
414
413
409
410
406
405
403
403
400
400
397
398
397
397
395
397
395
395
394
395
394
394
394
395
394
394
396
397
396
397
397
397
397
397
396
397
396
397
396
397
397
396
397
397
397
397
397
396
398
398
400
399
401
399
400
400
401
402
406
409
415
421
429
434
442
447
453
455
459
459
460
459
457
454
452
448
446
442
442
439
437
434
432
430
429
426
425
422
421
420
419
419
419
418
418
419
418
418
418
417
416
416
415
414
411
409
406
405
402
400
398
398
394
393
391
392
389
389
387
387
387
387
387
388
387
388
388
390
389
391
390
392
391
392
392
393
392
393
393
394
394
395
394
395
395
394
394
395
395
394
396
396
396
396
396
396
397
398
398
399
402
405
411
416
424
429
437
443
450
454
460
462
464
463
463
460
458
454
452
448
446
442
441
436
435
430
429
425
424
421
420
418
418
418
419
418
419
420
420
419
420
417
416
414
412
410
408
407
405
404
401
400
398
397
395
395
392
392
390
392
390
391
390
391
388
390
389
391
390
393
391
393
392
394
393
394
394
395
395
397
396
398
397
399
398
398
397
398
398
399
398
400
399
400
400
400
400
401
402
402
403
404
407
412
420
426
435
442
450
455
462
465
469
470
471
470
470
466
464
460
459
454
453
450
448
445
442
439
438
434
433
430
429
426
426
424
424
422
423
422
423
421
420
417
416
413
412
409
406
405
402
399
398
396
394
393
391
391
389
389
387
388
387
387
385
386
385
388
387
389
389
390
389
392
391
393
392
394
392
394
393
394
394
394
394
396
394
395
396
396
397
397
396
396
396
397
398
398
399
400
400
400
401
404
408
413
420
428
436
445
454
461
468
471
474
476
476
474
473
470
468
463
461
457
455
452
449
446
445
441
439
436
433
429
427
424
423
421
422
420
420
419
419
418
416
415
413
411
409
407
407
404
402
399
397
395
393
391
390
389
387
387
387
387
387
387
387
388
387
389
388
389
390
391
391
391
391
392
392
393
392
394
393
394
393
394
393
394
394
396
395
397
396
397
397
398
396
398
397
398
398
400
399
400
400
403
405
409
413
420
428
437
445
452
460
466
470
472
474
473
472
469
467
463
460
456
454
450
449
445
443
439
436
432
431
426
425
422
421
418
418
416
416
414
415
413
412
411
410
408
407
403
401
398
397
395
394
392
391
388
387
386
384
383
383
383
382
382
382
382
382
383
383
385
385
386
386
388
388
389
389
391
389
391
391
392
392
394
393
394
393
396
395
397
397
399
398
399
398
399
399
400
399
401
401
402
402
404
404
406
408
412
416
424
429
437
444
450
456
462
465
467
467
466
465
463
461
458
456
452
451
448
448
444
443
439
437
433
431
427
425
423
422
418
417
416
416
414
415
413
412
411
410
407
406
403
401
400
398
395
393
392
392
390
390
389
388
387
387
385
384
385
385
385
385
385
386
387
388
389
389
390
389
391
391
392
392
393
392
394
394
394
393
395
393
395
394
395
395
396
395
396
395
397
395
396
396
398
397
398
399
400
400
401
403
407
412
418
424
431
438
445
450
456
459
460
461
461
459
457
454
452
450
446
443
441
441
437
436
433
432
429
427
424
423
421
421
418
418
416
417
415
416
415
415
414
413
410
410
406
405
402
401
399
397
395
395
393
391
390
390
388
388
387
387
386
386
385
385
386
386
386
387
387
388
387
389
389
390
391
390
391
392
392
391
392
392
393
393
394
393
394
394
395
393
395
394
394
393
394
394
395
394
396
395
398
398
400
401
406
409
416
422
430
436
442
448
453
455
457
457
457
454
453
450
447
444
441
439
438
437
433
432
428
426
424
422
420
420
418
420
418
419
419
420
419
420
419
418
417
417
415
413
411
411
407
407
405
404
401
400
398
397
395
395
393
393
392
393
392
392
393
394
393
393
394
395
395
395
396
398
398
398
399
398
400
398
400
399
401
400
402
401
403
402
403
403
404
402
404
403
405
404
405
404
405
404
407
408
411
415
421
427
434
441
448
454
461
466
470
473
474
474
474
472
470
467
464
460
457
454
449
446
443
440
436
433
431
430
426
425
422
422
422
422
421
421
419
419
417
416
413
413
411
409
406
405
401
400
398
397
394
393
391
390
389
389
387
388
387
388
387
389
390
391
391
392
392
393
394
395
396
396
396
397
397
398
398
400
400
402
402
403
404
404
405
405
405
404
405
405
405
405
406
406
407
406
408
408
412
414
420
426
433
440
447
453
460
464
469
470
472
471
470
468
466
462
460
457
455
451
449
446
444
440
438
435
432
428
426
423
422
421
421
420
421
421
419
419
418
417
416
414
411
410
407
406
403
403
400
398
395
394
392
392
390
390
388
389
388
389
388
389
389
390
390
391
391
393
393
395
395
397
397
398
397
399
399
400
400
401
400
402
400
401
403
403
404
403
403
404
405
405
406
406
407
406
408
407
410
413
418
422
431
437
447
452
460
463
469
470
472
470
471
468
467
463
462
458
455
453
451
447
446
442
440
437
434
431
428
425
423
421
419
418
418
416
416
415
414
413
411
410
408
408
405
404
401
400
396
396
393
392
389
390
388
388
387
388
386
387
386
387
386
389
388
389
389
390
391
392
392
394
393
395
395
396
396
396
396
396
397
398
398
399
399
400
400
401
401
401
400
401
401
401
402
401
403
403
405
407
411
414
421
428
435
443
452
458
465
468
471
472
473
472
472
468
465
461
459
457
454
452
450
446
444
441
439
436
432
429
427
424
423
421
419
418
418
417
418
416
415
413
411
410
408
406
405
403
401
399
397
397
394
393
391
391
390
389
387
388
387
387
386
387
387
389
388
390
390
391
390
392
393
393
393
394
393
395
395
396
395
395
396
397
397
398
398
400
399
400
399
400
399
400
401
401
401
402
402
403
405
406
409
414
421
428
437
444
452
457
464
467
473
473
475
473
471
468
467
462
461
457
455
453
451
446
445
441
439
435
434
430
429
427
425
423
423
421
421
419
419
417
417
415
415
412
412
410
408
404
402
400
399
396
395
395
393
393
391
391
390
390
389
390
390
391
390
391
391
393
392
393
393
393
393
394
393
395
395
397
396
397
396
397
396
398
397
398
398
399
398
399
398
399
399
400
400
400
400
401
402
402
402
403
405
408
413
418
425
433
442
448
455
460
465
467
469
469
468
466
465
461
460
456
454
451
450
447
446
442
440
436
435
432
431
427
426
423
422
419
419
417
417
414
414
413
411
410
408
406
404
403
401
399
398
395
393
393
392
391
391
389
389
388
388
389
389
389
389
389
390
391
391
392
391
393
391
393
392
394
394
395
394
396
396
396
395
396
396
396
396
397
397
398
399
400
400
401
401
401
400
402
402
402
403
404
404
405
407
410
413
418
423
430
436
444
449
455
460
464
466
467
466
465
464
460
458
455
454
451
450
447
446
443
441
438
436
432
431
427
425
421
420
418
418
417
416
414
414
412
411
408
407
405
404
401
401
398
398
395
394
393
392
390
389
388
387
387
387
387
387
388
388
389
388
389
389
391
391
392
392
394
394
395
394
396
395
397
395
397
397
398
397
398
398
399
399
401
401
401
402
403
401
403
402
402
402
403
403
405
405
405
405
407
409
412
416
421
427
434
439
445
451
455
458
460
462
461
461
458
456
453
451
447
445
442
442
437
436
434
433
429
428
425
425
423
423
421
422
421
421
420
420
419
420
419
418
416
415
414
412
410
409
406
406
404
402
400
398
397
395
393
392
391
390
390
389
389
389
391
390
391
389
391
391
393
393
394
393
394
393
394
393
395
394
396
395
396
395
396
396
398
396
398
398
399
398
399
399
400
399
400
400
402
402
403
403
404
405
407
409
414
418
424
430
436
442
446
451
454
457
459
459
458
458
455
454
450
449
446
444
440
440
437
436
433
431
429
428
426
425
424
424
424
424
423
423
423
423
422
422
419
420
418
416
414
413
411
408
407
405
404
403
401
400
399
399
397
396
396
396
397
397
398
398
399
400
400
400
401
402
403
403
403
403
405
403
405
403
405
405
407
406
407
407
408
407
409
408
409
409
410
410
411
411
412
411
412
413
414
414
417
418
423
427
433
439
445
450
456
460
463
465
467
468
467
467
466
464
461
460
457
455
452
451
448
446
444
442
438
437
434
433
429
429
427
428
426
428
Loop stopped.
