Output started
30000
420
409
404
404
407
407
408
409
410
411
412
413
414
415
417
418
418
419
420
424
426
430
434
439
443
450
455
461
466
472
473
476
477
477
476
477
474
473
469
468
465
463
459
458
456
454
451
449
445
446
443
442
440
438
436
435
433
432
432
431
431
431
430
430
430
429
429
427
426
425
424
421
421
420
421
418
418
416
416
414
415
414
415
413
414
412
412
410
412
410
412
412
412
411
413
414
415
415
417
417
417
417
418
417
419
419
420
421
421
422
424
426
429
432
435
441
445
451
456
462
466
472
476
478
479
480
479
479
476
475
472
472
469
467
464
464
461
460
457
456
453
452
450
448
447
445
442
442
441
440
439
439
438
438
437
437
436
435
434
434
432
432
431
430
429
427
426
426
425
425
423
423
423
422
422
420
419
418
419
417
418
417
417
416
417
417
418
416
417
416
416
415
416
415
417
416
416
415
416
415
416
416
418
419
419
419
421
423
426
428
433
435
441
447
453
458
464
467
471
473
475
474
474
473
472
470
467
467
464
463
460
459
456
455
453
452
449
448
445
444
441
440
439
438
436
437
436
437
434
436
433
433
432
432
431
431
429
429
427
427
424
425
423
424
422
422
420
419
417
418
417
417
416
416
415
414
414
414
415
415
416
417
418
418
419
417
419
418
420
420
421
419
421
421
423
422
424
424
426
425
426
425
426
427
431
433
439
441
447
451
459
464
469
473
476
477
479
480
478
476
476
473
471
468
466
463
462
460
458
455
452
450
449
448
447
446
444
443
441
441
440
441
440
441
441
440
437
438
435
437
435
435
434
433
431
431
429
429
429
429
428
428
427
426
427
426
425
424
424
425
425
424
425
425
424
425
425
425
424
423
424
425
426
426
426
426
425
426
427
428
430
430
431
430
430
429
430
431
435
439
444
449
455
459
465
467
472
474
477
477
478
476
475
472
471
467
464
461
459
457
456
453
452
449
448
446
445
442
441
438
437
436
437
436
435
434
435
434
434
434
434
435
434
434
432
432
431
430
428
428
427
426
425
425
424
423
423
423
422
421
420
420
419
419
419
419
419
418
418
420
419
419
418
421
421
421
421
422
422
423
423
424
425
426
425
427
426
426
425
427
430
432
436
439
445
449
456
459
464
466
470
470
472
471
471
469
469
466
465
462
461
458
456
454
454
451
450
446
446
444
443
441
439
438
436
435
436
434
435
434
434
433
433
432
432
431
431
431
429
428
427
425
424
424
424
424
422
421
421
422
420
420
419
419
417
418
417
418
417
417
415
417
417
417
418
418
417
419
419
419
420
420
420
421
421
422
422
424
425
426
426
426
425
427
428
431
434
438
442
446
451
456
461
465
467
470
472
473
472
471
470
467
464
462
461
458
457
454
452
450
449
447
446
444
444
441
440
438
437
435
437
435
435
433
434
433
433
432
432
431
432
430
430
429
429
426
426
425
425
423
423
422
422
421
420
419
419
418
418
417
417
418
417
417
417
417
418
418
418
419
420
420
420
421
421
422
422
423
423
424
422
424
424
425
425
427
427
429
429
430
429
431
432
436
438
442
446
450
453
459
462
465
468
470
470
472
469
469
466
464
462
461
459
457
455
452
450
449
448
447
445
443
443
441
441
439
439
438
437
436
437
437
438
437
437
436
437
436
436
435
437
434
436
433
434
432
432
431
431
430
430
429
429
428
429
428
428
427
427
428
428
427
428
428
427
428
428
429
429
429
429
429
429
429
429
429
430
431
430
430
428
429
428
430
429
431
428
431
431
432
433
436
437
441
441
445
448
454
458
462
464
467
468
469
468
467
465
466
464
463
461
460
458
457
455
454
452
452
452
452
450
449
447
446
445
444
444
445
445
444
445
445
445
443
443
442
442
441
442
440
440
437
437
436
435
432
433
432
432
430
430
429
429
428
428
427
429
427
426
424
426
425
426
424
424
423
425
424
425
425
426
425
425
425
425
427
426
426
425
426
425
427
426
428
429
431
430
431
431
433
434
436
438
441
443
447
450
455
458
462
463
465
464
465
464
465
464
463
460
460
458
459
457
455
454
454
451
451
451
451
450
450
448
448
446
448
447
448
449
449
448
446
447
446
446
446
446
445
446
444
444
441
441
439
438
436
436
435
435
434
433
431
432
430
431
429
429
428
429
427
428
427
428
428
428
427
428
427
428
428
428
427
429
427
428
428
427
427
427
426
427
427
429
430
430
430
431
431
431
433
435
436
437
441
444
448
452
457
461
465
466
468
468
469
467
467
465
464
461
461
459
458
456
455
453
453
452
453
451
450
448
448
447
447
445
446
446
448
448
448
447
448
447
448
447
447
446
446
444
443
442
441
440
439
438
438
438
437
437
435
435
434
434
432
432
431
432
431
431
430
431
430
431
430
431
430
431
431
432
431
432
431
432
432
432
432
432
431
432
433
434
434
435
434
435
435
437
437
439
441
444
449
452
456
458
462
466
468
470
471
471
472
470
468
465
463
461
460
458
457
454
454
452
452
450
451
449
449
447
447
446
446
446
448
447
448
447
448
447
448
448
448
446
447
445
446
444
443
442
441
440
441
439
439
438
437
436
436
436
435
435
435
435
435
435
434
436
436
437
436
436
435
435
434
436
436
437
435
435
435
436
437
439
440
442
439
439
438
440
441
444
444
447
449
453
456
462
465
470
472
473
474
474
473
473
470
469
467
465
462
461
459
457
455
455
453
452
451
451
451
449
448
446
447
446
447
447
448
446
445
444
447
446
446
444
444
443
445
444
444
441
440
439
440
438
438
436
436
435
435
435
435
433
434
432
432
431
431
431
433
432
432
432
432
432
431
433
433
433
433
433
434
435
436
437
437
437
436
436
436
437
438
441
442
445
449
454
457
463
465
469
469
473
472
472
471
470
468
467
464
461
458
457
455
453
452
451
450
449
448
447
445
444
442
442
440
441
441
440
440
441
441
440
440
439
439
439
439
438
438
436
437
435
435
434
434
432
432
430
431
430
430
428
429
429
429
428
428
427
428
427
428
427
428
428
428
427
429
428
430
430
430
428
429
428
429
431
432
433
434
434
433
433
433
434
435
437
440
443
447
452
456
461
464
468
469
472
472
472
470
470
466
465
463
461
458
457
455
455
453
453
450
451
449
449
446
445
443
442
440
441
440
440
439
440
440
440
438
439
439
439
439
438
438
436
435
434
433
432
431
431
430
430
430
428
429
429
430
429
428
428
428
427
428
425
427
426
426
426
428
428
429
427
429
428
429
429
431
430
429
429
431
431
432
432
433
434
435
435
435
433
433
434
437
438
441
443
448
452
457
461
465
469
471
472
473
472
470
470
467
466
463
462
458
457
454
454
451
451
450
449
448
448
446
446
444
444
442
443
442
442
441
441
440
442
441
442
440
440
438
439
437
437
435
434
433
432
432
434
432
433
432
432
431
430
429
428
426
426
426
426
426
426
426
426
428
428
428
428
429
428
430
428
431
430
432
431
432
432
432
432
433
432
434
434
436
436
438
437
438
437
438
438
440
441
442
443
446
449
453
458
463
468
471
472
474
475
474
473
472
470
468
466
463
461
458
456
455
455
452
452
450
450
448
447
445
444
443
443
442
441
441
442
441
441
441
441
440
440
439
439
437
438
436
436
434
435
433
434
432
432
431
431
430
430
429
429
428
429
428
429
428
427
428
428
427
428
428
428
428
428
430
430
432
431
432
433
434
434
435
433
435
434
436
434
436
434
435
435
437
436
439
439
440
439
439
440
441
441
443
443
446
447
451
455
461
465
468
471
473
474
475
473
473
471
469
466
465
462
460
459
457
455
454
454
452
452
451
450
449
449
448
447
444
446
445
445
444
445
444
444
444
444
442
442
442
442
440
442
439
439
438
438
436
436
436
436
435
435
434
434
433
432
431
431
431
431
430
430
431
430
430
430
430
431
431
432
432
432
434
433
434
433
434
434
435
434
435
434
435
433
434
433
435
435
438
437
440
440
440
439
440
440
442
443
446
446
449
452
458
462
466
468
471
472
474
474
475
473
472
469
469
468
466
463
460
459
458
458
457
456
455
455
454
452
451
450
450
448
448
448
448
449
448
449
449
449
448
448
446
446
446
446
444
443
441
441
438
439
438
438
435
436
435
436
433
434
433
433
433
433
432
432
432
432
432
432
432
432
431
432
432
432
432
432
432
432
433
432
434
434
436
434
434
432
433
433
435
435
437
436
436
435
438
437
440
440
443
444
448
451
456
460
465
468
471
472
473
472
473
471
471
470
468
465
465
463
462
460
458
458
457
456
455
454
454
453
453
451
449
450
450
451
451
451
450
451
451
451
449
449
448
448
447
447
445
445
443
443
441
441
440
440
439
438
437
438
436
436
433
434
433
434
433
433
431
432
431
431
431
431
430
431
431
432
432
432
431
432
432
433
433
434
434
433
433
432
434
433
435
435
436
436
437
436
436
437
440
441
443
444
448
452
457
461
466
469
471
471
473
472
473
470
469
467
467
463
462
459
459
457
456
454
454
453
453
451
450
449
448
447
445
446
446
446
446
447
447
448
447
447
446
446
445
445
445
445
444
443
441
441
440
441
439
439
437
438
436
437
436
436
435
436
435
436
435
435
434
435
435
437
437
437
438
438
438
440
440
440
439
441
440
442
441
442
443
443
444
443
443
443
443
444
445
446
449
450
454
458
464
467
472
474
477
477
478
475
476
473
470
467
465
463
461
459
458
456
456
454
453
452
451
449
448
447
447
445
446
446
446
446
445
445
445
445
445
445
446
444
443
443
443
443
442
440
440
439
438
437
437
436
436
436
435
434
433
434
431
432
431
431
431
431
431
432
431
432
431
432
431
432
432
433
433
433
432
433
434
435
436
436
435
435
435
435
435
437
439
442
446
450
454
459
463
467
470
471
472
472
471
470
470
467
465
462
460
458
457
454
454
451
450
448
448
446
445
443
443
441
440
440
441
441
441
440
441
439
441
440
441
440
440
438
439
436
436
434
433
433
432
430
430
429
428
427
428
426
426
425
425
424
424
424
425
426
425
426
425
426
425
426
426
428
426
426
425
427
428
429
431
432
431
432
430
431
432
434
436
439
440
446
451
456
460
465
468
472
473
474
474
474
471
470
467
465
462
461
459
458
455
454
453
453
452
451
450
448
446
444
443
441
440
440
440
439
440
439
439
437
437
436
436
435
437
434
435
434
433
430
431
430
429
426
425
424
424
422
423
423
423
423
423
421
423
422
422
422
423
422
423
423
424
423
423
423
423
423
423
423
424
424
426
427
427
428
428
428
428
430
432
436
437
443
447
453
458
463
467
472
473
475
475
475
474
473
470
470
467
465
462
462
458
459
456
454
452
452
450
449
447
446
444
443
442
442
440
441
440
439
440
440
439
439
439
437
436
436
435
433
432
431
429
427
427
425
426
424
423
422
421
419
420
418
418
417
418
417
418
417
418
417
418
418
419
418
419
419
420
418
420
420
420
419
420
419
421
421
423
424
426
424
426
425
426
427
432
435
438
442
446
451
457
463
467
472
473
477
477
477
474
473
471
469
