Output started
30000
539
534
532
531
530
526
524
519
516
513
511
507
506
504
503
500
501
498
498
495
493
488
486
483
481
477
476
472
469
465
464
461
459
456
455
452
451
447
445
442
441
439
438
437
435
434
433
433
431
430
429
428
428
428
428
430
430
429
429
430
429
430
430
432
432
435
435
436
435
436
437
439
441
442
442
443
443
443
443
443
443
444
444
445
446
447
447
448
447
447
447
449
449
452
454
456
459
466
471
482
491
502
511
519
525
530
535
537
537
537
535
532
531
528
525
522
520
517
515
511
509
506
503
499
495
491
487
484
482
478
477
472
470
466
464
461
461
457
456
453
452
450
450
447
447
444
444
443
443
439
439
436
436
433
434
433
432
431
432
433
434
435
434
435
435
435
434
435
435
437
437
437
436
436
435
437
437
439
437
438
438
439
437
438
437
438
437
439
438
439
438
439
438
439
439
440
440
442
442
445
446
450
457
465
475
486
496
506
513
520
525
529
532
534
534
532
531
528
525
522
520
517
516
513
514
511
509
503
500
494
492
486
482
478
475
470
467
464
463
460
460
458
457
456
456
454
453
451
449
445
443
438
436
434
433
430
428
425
424
422
422
422
422
422
421
421
421
421
421
421
422
422
423
425
424
426
426
427
428
430
429
430
432
434
434
435
435
437
437
439
439
439
439
439
440
441
442
444
444
446
446
450
455
462
468
476
484
494
501
509
513
517
518
519
518
517
515
514
514
512
510
508
505
504
501
499
497
495
494
490
487
483
482
479
477
474
472
469
467
463
462
461
459
456
455
452
452
451
450
447
447
444
443
441
441
440
441
439
440
439
439
437
437
437
438
437
438
438
440
440
439
439
439
438
438
438
438
438
439
439
440
441
442
444
446
448
449
450
450
451
450
452
451
453
454
456
456
458
457
459
459
462
467
473
480
488
494
500
505
511
512
514
512
512
510
510
507
505
501
499
496
495
492
491
490
488
485
482
481
480
478
477
476
475
475
475
476
474
474
472
471
469
469
467
467
465
464
460
458
455
454
451
453
452
453
451
453
452
453
452
453
452
454
453
454
453
454
454
455
454
455
454
456
457
457
457
458
457
458
457
457
457
457
458
459
459
458
458
459
459
459
459
460
461
462
463
462
464
462
466
467
472
476
483
488
495
499
504
507
510
508
508
508
507
507
507
505
504
503
502
498
498
495
494
492
490
488
486
484
484
482
480
479
478
477
477
476
475
473
472
470
469
468
466
465
463
460
458
457
456
457
456
457
455
456
455
456
457
457
457
456
456
456
457
457
456
456
456
458
457
459
458
459
459
459
459
461
460
460
460
461
463
465
465
465
464
464
463
464
464
464
463
463
464
466
465
466
468
468
471
473
478
484
492
498
504
508
510
511
513
514
515
515
516
513
512
511
510
508
508
506
505
503
502
498
497
495
494
492
491
488
485
482
483
480
480
478
478
475
475
473
472
468
467
464
463
461
460
458
457
456
456
455
454
453
452
451
451
453
452
453
453
455
454
454
453
455
453
454
452
452
449
451
451
454
453
455
454
457
456
458
458
459
458
460
460
460
460
460
459
458
457
458
459
459
459
460
461
463
466
469
472
476
482
488
496
501
507
509
513
514
516
515
516
513
514
512
512
512
512
510
508
505
505
502
502
500
498
493
491
489
488
486
485
482
481
479
478
476
475
473
472
469
466
465
463
462
459
456
455
454
453
452
452
452
451
450
449
449
448
448
448
448
448
449
448
448
448
449
448
448
446
446
445
447
447
448
447
449
448
450
450
450
450
451
450
451
450
452
452
453
453
453
453
453
452
453
455
457
458
459
459
462
464
469
474
478
483
489
495
501
506
511
515
516
516
517
518
518
517
515
513
512
512
509
509
508
509
506
505
502
502
499
499
495
492
488
486
482
479
475
474
472
470
468
466
464
462
460
460
457
456
453
451
449
447
445
445
444
443
443
442
441
442
441
442
442
443
442
441
441
441
442
442
443
443
443
443
445
444
445
444
448
447
448
447
448
448
449
448
450
448
451
450
452
453
454
454
455
454
454
453
456
457
458
459
459
460
464
466
470
472
477
482
488
494
501
507
510
513
515
516
517
518
518
518
516
514
512
511
508
507
504
504
501
500
497
496
492
490
487
486
483
481
479
477
474
474
472
470
468
467
465
464
461
460
457
456
455
455
454
453
453
452
450
449
447
446
446
447
447
448
448
447
446
445
446
446
446
447
449
448
449
448
448
447
447
447
448
447
448
447
449
450
451
452
454
454
455
453
453
454
455
455
455
457
459
459
461
461
462
461
461
462
464
465
470
475
483
489
495
499
503
503
504
505
505
505
505
504
502
500
497
497
496
495
494
492
490
489
488
487
485
484
481
479
476
476
475
476
476
476
475
475
472
471
470
471
469
469
468
467
464
463
461
462
460
460
458
457
456
456
456
457
454
455
454
453
454
453
454
454
453
453
454
454
454
455
455
455
456
455
455
455
457
456
457
455
457
455
458
457
458
457
458
457
459
458
459
459
461
461
464
464
465
465
467
469
472
476
482
488
495
499
504
507
508
508
509
509
509
509
508
509
505
503
501
500
499
499
497
495
493
491
488
488
484
483
480
480
478
477
475
476
474
474
473
473
471
471
469
468
467
466
464
466
463
463
462
462
460
460
459
459
458
458
457
460
459
459
458
458
456
457
458
458
459
458
458
457
457
458
458
457
458
457
458
456
456
455
455
456
456
454
455
453
455
454
455
454
456
455
456
456
459
460
462
462
465
467
473
478
484
490
496
501
508
511
513
515
516
515
515
514
513
512
511
510
510
509
509
508
505
503
503
502
500
499
497
494
491
487
487
485
483
482
479
478
477
476
475
475
473
472
469
469
466
464
462
462
460
458
456
457
455
456
454
453
450
451
451
452
452
452
452
452
449
450
451
452
452
454
453
452
452
453
453
454
454
455
456
456
457
456
456
456
456
457
458
458
460
460
460
458
458
457
459
459
461
461
463
464
467
469
473
478
485
490
497
502
509
513
517
518
521
521
521
520
518
515
514
513
512
510
509
507
505
504
504
502
500
497
494
492
490
488
487
486
483
481
478
477
476
475
473
472
470
468
465
465
463
462
460
459
456
455
453
454
452
452
451
450
449
449
447
447
447
446
445
446
445
446
445
445
444
445
446
447
445
446
445
445
445
445
446
446
446
447
448
449
450
450
451
451
453
454
454
453
455
453
456
455
457
456
458
458
461
462
467
469
475
480
487
494
500
506
511
515
518
520
521
520
519
518
518
515
513
510
509
506
507
505
504
502
499
497
495
493
491
489
487
486
483
481
478
477
474
473
470
469
465
465
461
460
455
454
450
450
447
447
444
445
444
443
442
442
442
441
439
438
437
438
436
437
438
439
439
441
441
442
442
444
443
444
444
446
445
446
446
445
446
446
447
448
448
449
450
452
453
452
452
452
453
453
454
455
457
458
459
458
459
460
466
471
479
485
493
500
508
513
519
521
523
522
523
521
521
518
518
514
513
511
509
506
507
505
502
499
495
491
488
484
482
479
478
476
475
474
474
473
471
470
468
467
464
462
460
458
455
454
452
451
449
449
449
448
447
447
446
446
444
444
443
443
443
443
441
441
439
440
440
441
442
444
444
445
445
445
444
444
444
445
445
448
447
448
447
448
449
450
450
452
452
452
452
452
454
453
454
454
456
458
459
461
466
471
480
488
497
506
516
521
527
528
530
529
531
529
528
525
524
520
518
515
515
513
513
511
509
505
503
500
497
493
490
485
484
481
478
475
474
472
471
468
467
465
462
461
459
457
456
455
452
451
450
446
444
443
440
439
437
437
437
439
438
439
438
440
439
440
439
441
442
444
444
445
443
443
443
443
442
443
443
442
441
442
441
442
442
443
444
445
446
448
448
451
451
452
452
450
452
451
452
454
454
455
458
460
465
470
479
487
497
504
513
517
522
524
526
526
525
524
523
521
521
519
518
515
512
509
509
505
504
500
498
493
489
484
481
478
475
472
469
467
463
461
460
458
456
453
450
447
445
444
444
441
440
439
436
436
435
434
433
432
432
433
434
435
433
433
432
434
434
434
434
434
434
435
435
436
435
436
434
435
435
437
438
439
440
438
437
438
437
439
439
441
442
442
442
443
444
446
446
446
447
448
449
450
452
454
454
457
463
468
476
483
491
499
507
511
516
518
520
520
520
517
514
507
503
496
492
486
484
482
483
485
488
489
491
492
494
494
493
491
490
487
486
483
482
479
478
475
473
471
469
465
463
459
457
455
453
451
448
447
445
445
444
444
443
443
442
444
444
444
443
444
441
441
440
442
443
444
444
445
444
446
445
446
446
447
447
449
449
450
449
449
448
449
448
450
449
450
450
451
451
452
452
451
450
450
451
453
455
457
458
459
461
464
468
474
480
485
490
495
499
502
506
508
509
508
509
508
508
505
505
504
504
504
504
502
501
498
498
494
495
492
491
487
485
481
480
478
477
476
475
474
473
471
469
467
466
464
463
461
460
459
457
456
456
455
455
455
455
454
453
454
453
454
454
454
453
452
451
452
450
450
449
449
448
449
448
449
449
449
448
449
449
450
449
450
451
452
451
451
451
451
451
452
453
453
453
456
457
456
456
456
455
457
458
460
461
462
464
468
472
479
483
489
494
497
501
504
506
507
508
507
508
508
508
506
508
506
506
504
504
502
500
498
497
494
493
489
488
484
483
481
480
478
477
475
475
474
474
472
473
471
469
466
466
464
463
460
457
456
455
455
455
455
456
455
455
453
452
454
454
456
457
456
455
456
455
456
456
458
457
459
458
460
459
461
462
463
463
461
461
462
462
462
461
462
461
463
463
466
466
467
467
466
464
466
467
469
468
467
465
465
466
468
469
470
473
477
482
489
495
500
505
509
510
511
511
510
509
507
507
505
504
501
500
498
499
498
498
496
495
492
493
491
491
490
488
485
485
484
485
485
485
483
482
480
480
478
479
477
476
474
473
471
471
469
470
468
467
467
467
467
468
467
467
466
465
466
464
464
462
462
460
461
462
462
462
462
463
464
464
466
466
469
469
470
470
471
468
468
467
469
469
470
469
469
468
470
470
471
472
472
472
472
473
475
477
480
484
488
493
498
504
509
513
515
517
519
520
519
519
517
514
512
509
507
505
503
503
502
502
500
500
498
496
494
492
488
486
484
483
481
481
479
480
478
478
476
475
473
473
471
471
469
469
467
466
465
463
461
460
459
457
456
457
457
457
457
457
457
459
459
458
459
459
459
460
460
459
460
461
461
461
461
461
461
461
462
463
462
461
462
463
466
464
464
462
462
462
462
462
463
462
462
462
465
466
469
470
474
478
484
490
498
504
510
514
518
520
520
520
520
520
519
517
515
513
512
510
509
508
506
505
504
504
502
502
498
496
492
489
486
484
481
482
479
478
475
474
471
471
469
468
466
465
462
460
456
454
452
453
451
451
449
448
446
446
446
448
449
449
449
450
448
447
448
448
447
447
446
446
447
448
448
447
449
448
449
448
450
449
450
449
451
449
450
450
451
449
450
450
452
450
450
451
454
454
456
456
458
461
468
476
484
491
498
505
511
515
518
518
518
516
517
515
513
513
512
512
511
512
512
512
511
510
507
505
503
502
498
495
492
488
482
479
475
474
471
471
468
468
464
463
459
458
457
456
455
453
449
448
446
445
444
443
442
441
439
437
437
437
436
437
438
438
437
438
438
438
437
439
437
437
437
438
437
438
439
439
439
439
440
439
440
439
441
440
440
440
441
440
440
439
440
440
443
443
445
446
448
450
456
461
469
476
486
493
502
508
515
519
522
522
523
522
523
521
521
519
518
516
515
512
511
510
509
507
505
503
502
501
499
498
497
495
493
492
488
486
482
479
475
472
467
466
462
459
453
451
448
446
443
441
437
436
433
434
433
433
432
432
431
432
432
433
433
433
433
433
431
433
433
435
434
435
436
435
434
434
434
435
434
434
434
434
435
437
438
439
440
439
438
438
438
438
440
440
441
441
443
444
448
451
456
460
469
475
487
494
501
505
510
510
513
514
515
514
514
511
510
507
507
507
508
508
509
507
505
500
499
495
492
489
486
482
480
478
476
474
471
471
467
466
465
465
463
461
457
454
450
448
445
444
442
441
438
436
434
434
432
433
432
432
431
432
431
432
432
432
432
432
432
433
433
434
435
436
436
438
438
440
439
441
441
441
441
442
443
444
444
445
445
445
445
445
446
447
448
449
450
452
454
456
460
463
469
472
479
485
494
500
506
508
512
512
514
513
514
512
512
510
510
506
505
502
502
499
498
496
495
492
489
486
483
481
478
475
474
472
471
469
467
466
465
463
461
459
457
455
453
453
451
452
449
448
448
448
446
448
447
447
446
447
446
448
449
451
450
452
451
452
452
453
453
453
453
454
455
456
454
455
453
453
452
453
451
453
453
455
454
456
456
456
456
457
457
459
459
460
461
461
462
463
465
466
470
475
480
485
491
496
501
501
504
505
507
505
506
504
504
503
503
499
499
496
496
494
493
491
492
491
492
492
492
491
488
484
483
482
481
480
479
476
473
470
469
467
468
467
466
465
462
461
459
459
Loop stopped.
