Output started
30000
552
555
555
555
555
555
555
555
555
556
554
554
553
554
553
553
551
552
551
552
553
555
555
558
559
560
562
565
567
570
573
576
580
586
590
594
598
601
604
605
606
606
606
605
604
602
599
596
593
591
588
586
584
581
580
578
576
573
572
570
570
569
570
570
571
570
570
569
569
568
568
566
566
566
565
563
563
559
559
558
558
556
557
555
555
553
554
552
552
551
551
551
551
551
551
551
551
551
552
552
551
553
553
553
554
553
554
554
554
555
555
556
555
555
554
555
555
557
558
559
560
562
564
567
569
572
574
577
580
584
588
592
596
601
603
606
607
608
608
608
607
606
603
602
600
597
594
592
589
587
584
582
580
579
577
575
573
573
573
574
573
572
573
572
573
573
572
571
570
569
567
566
566
564
563
561
561
559
559
557
558
556
556
554
555
554
554
553
554
554
554
553
554
553
554
554
554
553
555
554
555
555
555
555
555
555
555
556
557
559
558
557
557
557
557
558
559
561
562
563
564
566
570
571
573
576
577
581
585
590
593
598
601
605
606
609
609
610
609
609
607
606
602
600
597
595
591
589
586
586
583
582
580
578
577
575
575
574
574
575
575
575
575
574
573
572
571
570
568
567
567
565
565
563
562
561
561
559
559
558
557
556
556
554
556
555
555
554
555
553
554
553
555
555
555
555
555
554
555
555
555
555
555
555
556
556
557
557
558
558
558
558
558
558
558
559
560
561
563
563
564
566
568
571
573
576
578
583
586
591
595
600
602
606
607
610
610
611
609
609
606
605
602
599
596
593
590
588
586
585
582
581
579
578
576
575
574
574
574
574
574
574
574
574
574
572
571
571
570
568
567
566
566
565
563
561
561
559
559
558
557
556
556
555
556
555
555
555
556
554
554
554
555
554
556
555
557
557
558
558
559
558
559
557
557
557
557
556
557
556
556
556
556
555
557
558
560
561
563
563
565
567
568
571
573
576
578
582
586
590
593
597
600
604
606
608
609
610
609
608
606
605
603
601
597
593
590
588
586
584
581
580
576
575
574
573
573
574
573
573
573
573
574
575
575
575
573
572
571
570
569
568
566
565
564
562
561
560
559
559
558
558
558
557
556
556
556
555
557
556
555
555
556
555
556
555
556
555
555
555
556
556
556
555
556
554
554
554
555
556
558
559
562
563
567
568
571
572
574
576
581
584
588
592
596
600
603
604
605
606
606
607
605
604
602
598
596
594
590
587
585
582
581
579
576
575
574
573
572
571
571
570
570
571
570
570
570
570
568
568
567
566
564
564
563
562
560
560
558
557
556
555
554
553
552
553
551
551
552
552
552
552
552
552
552
553
553
553
553
553
553
552
551
551
550
550
551
552
554
555
557
559
561
563
567
570
574
577
582
587
592
596
599
603
606
607
608
607
607
604
602
600
597
594
592
588
587
583
582
580
577
575
573
571
569
568
568
568
568
567
566
567
567
567
565
564
563
562
561
559
558
558
556
555
553
553
551
553
552
551
550
550
548
548
547
547
547
548
548
549
548
549
549
551
551
552
552
553
551
551
550
550
549
551
551
553
553
556
558
559
561
565
567
570
573
578
584
588
593
597
601
605
606
606
608
608
608
606
604
601
599
595
592
589
587
583
582
579
578
576
574
572
570
568
568
566
566
566
567
567
567
565
566
563
563
561
560
559
557
555
553
553
551
550
550
549
549
548
547
547
547
546
545
544
545
545
546
546
546
545
546
547
546
547
546
549
549
550
549
550
549
550
550
551
551
552
552
553
553
555
556
557
560
564
568
573
578
584
588
593
597
602
603
606
605
606
604
602
600
597
595
592
589
586
583
580
578
576
574
572
570
569
567
566
565
565
566
565
565
565
566
565
564
564
564
563
562
561
562
558
558
556
555
554
555
552
552
551
550
549
549
546
547
548
547
546
547
547
547
547
547
548
549
550
549
551
551
552
551
551
551
551
550
552
553
554
553
554
554
556
558
560
562
566
569
574
579
584
589
596
600
604
606
608
608
609
607
606
604
602
599
596
593
590
586
583
581
579
575
574
572
571
568
568
567
566
566
567
566
566
566
566
566
566
565
564
563
562
561
560
558
557
556
554
553
551
551
549
549
548
547
546
547
547
548
547
548
547
548
548
549
548
549
549
549
549
550
549
550
550
551
550
551
550
552
552
553
554
554
555
556
558
560
562
566
570
576
581
587
593
599
602
604
605
607
607
607
607
606
605
602
600
595
592
589
586
583
581
579
578
576
574
571
569
568
567
566
566
565
566
565
566
564
564
563
563
561
560
558
557
556
555
553
552
552
551
550
548
547
547
546
545
546
546
545
544
544
544
545
545
545
545
546
545
546
546
547
547
547
547
547
547
547
547
549
549
551
551
552
553
554
556
560
561
564
567
571
576
582
588
595
598
603
605
609
610
611
611
611
610
608
607
605
602
598
595
593
590
587
585
581
579
576
574
572
570
568
566
565
565
565
566
564
565
564
564
562
561
560
560
559
557
556
556
554
554
552
551
550
548
546
547
546
547
546
545
544
545
544
545
544
544
545
546
546
547
547
548
548
548
549
549
549
550
551
551
550
550
550
549
550
549
551
552
553
554
556
559
561
563
567
571
576
580
586
590
597
601
607
609
613
613
616
617
617
615
615
611
610
607
604
600
598
595
592
590
588
586
583
580
578
575
572
570
568
568
566
565
564
562
561
560
559
557
556
555
554
553
552
553
552
552
551
551
549
550
548
550
548
549
547
548
546
547
546
546
546
546
545
546
545
547
547
547
547
548
548
549
547
548
547
547
548
548
548
549
549
550
550
551
553
555
556
559
560
562
565
568
572
576
582
586
592
597
602
607
611
614
616
617
617
616
615
613
611
607
605
602
599
595
593
590
588
584
582
579
577
574
572
570
569
568
568
568
568
567
568
567
567
566
565
564
562
562
560
559
558
557
555
553
553
552
549
549
548
547
547
548
547
548
547
547
547
549
548
550
549
550
549
548
549
549
550
550
551
554
558
563
563
566
565
564
563
562
560
559
556
555
555
555
554
554
555
556
557
561
565
569
575
580
586
592
597
601
604
606
609
608
608
608
606
604
603
600
598
595
592
588
586
583
582
578
577
574
572
570
569
567
566
565
564
564
565
564
565
564
564
562
562
561
561
559
558
558
557
554
553
552
551
550
549
549
548
548
547
546
547
547
547
547
546
546
546
546
546
547
546
548
546
548
547
548
548
549
547
548
548
549
549
549
549
550
549
550
550
551
553
555
556
559
560
564
566
570
572
577
581
587
593
600
606
610
613
616
618
618
619
617
616
614
611
609
605
602
599
594
591
588
586
583
581
579
578
576
574
573
572
571
571
571
570
569
569
568
569
567
567
565
565
563
562
560
559
557
557
555
555
552
552
551
551
550
548
548
547
547
546
546
546
547
546
547
547
548
549
549
549
549
549
550
549
551
550
551
551
552
552
552
552
553
553
554
554
556
556
557
558
557
557
558
559
562
564
568
572
579
586
592
597
602
606
609
611
612
611
611
609
607
605
602
599
595
593
589
586
584
582
581
580
578
576
574
573
571
571
571
571
569
569
568
568
568
568
566
566
565
565
564
564
562
561
559
558
556
556
555
556
554
554
553
554
553
553
552
552
550
552
552
552
552
553
552
552
553
553
554
554
555
555
555
555
556
556
556
556
557
557
558
558
559
559
560
559
561
562
567
570
576
582
589
594
600
604
610
612
614
614
615
614
613
610
607
605
603
599
596
591
590
587
586
583
582
579
577
575
573
571
570
570
570
569
570
569
568
568
567
565
565
564
563
562
562
560
558
557
555
556
554
554
552
551
550
550
549
549
548
550
548
550
551
552
552
553
554
554
553
553
552
552
550
550
549
548
547
547
546
546
546
548
550
550
551
552
554
557
562
566
572
578
585
592
598
604
609
613
615
615
617
616
615
613
611
608
606
603
600
596
593
589
588
584
584
580
577
574
572
570
569
568
567
566
567
566
566
565
566
565
564
562
562
561
560
559
557
556
555
554
552
552
551
550
549
548
547
546
547
545
544
545
545
546
545
546
545
545
546
546
547
548
548
548
547
547
547
548
547
549
548
550
551
553
554
556
558
562
566
572
577
585
591
599
603
608
612
616
618
620
620
619
617
616
614
611
609
606
603
600
597
593
590
588
585
583
579
576
573
570
568
566
567
566
566
565
565
563
563
562
561
559
559
557
556
554
554
551
550
548
546
543
543
541
542
540
540
539
540
538
539
539
539
539
539
539
540
540
541
541
543
544
544
545
545
544
544
543
543
543
544
544
544
546
546
548
549
552
556
562
566
573
580
587
594
601
606
613
615
618
621
622
621
621
620
619
617
614
611
608
605
601
596
593
590
588
584
582
578
577
574
571
569
568
567
566
566
564
563
562
561
560
558
556
555
554
552
550
548
547
546
545
544
543
542
540
540
538
539
539
539
538
537
537
538
538
539
537
539
539
540
541
541
540
541
541
541
540
542
540
541
540
541
541
541
543
544
545
546
548
552
556
561
567
573
581
589
596
603
607
612
615
617
618
618
618
616
616
614
612
609
607
603
601
597
594
590
586
583
580
576
573
571
570
568
567
564
565
562
562
561
560
558
557
554
553
550
549
547
545
543
541
541
539
538
536
535
534
533
532
532
532
530
530
530
528
529
528
529
529
530
530
531
530
531
531
531
531
533
533
534
534
534
534
534
533
534
534
536
537
538
539
540
543
547
550
556
561
568
575
585
592
599
606
611
616
617
619
620
619
619
617
614
612
610
606
603
599
594
591
586
584
580
577
573
569
565
563
560
559
557
557
556
555
553
552
550
550
547
547
543
542
540
539
537
537
535
534
532
532
530
529
527
526
525
525
524
524
524
524
524
525
525
525
525
526
526
526
527
527
527
527
526
527
529
528
529
528
529
529
530
530
531
531
533
534
536
536
540
543
549
553
560
567
576
584
592
599
607
610
615
616
619
618
619
617
617
613
612
607
605
602
599
594
591
587
583
579
575
572
569
567
565
563
562
560
560
559
557
557
554
553
550
549
547
545
543
542
540
539
537
536
534
534
531
530
529
528
527
527
526
527
527
527
527
527
526
526
525
525
526
526
525
526
526
526
526
526
526
527
528
528
529
529
530
530
531
532
534
534
535
535
536
537
540
542
548
553
560
567
575
583
591
597
602
605
608
609
610
609
607
605
603
600
597
594
591
587
585
582
580
575
573
570
568
566
565
563
563
560
560
560
561
559
559
557
556
554
553
552
551
550
549
546
544
542
539
539
536
534
532
532
531
529
529
530
528
530
529
530
529
531
531
533
532
533
531
532
532
534
535
536
536
538
537
538
537
538
538
540
540
541
542
543
544
545
547
550
554
560
568
575
584
591
597
603
607
609
611
612
611
609
608
606
604
600
597
594
591
587
584
582
580
576
575
570
569
566
564
563
563
562
563
562
562
561
560
559
558
557
556
555
555
553
551
549
548
547
545
545
543
541
539
537
536
536
535
534
534
533
534
534
535
535
535
536
535
535
535
537
537
539
538
539
539
540
540
542
542
543
545
546
546
547
548
549
551
555
559
565
571
579
587
594
600
605
609
613
614
616
615
615
615
614
611
608
604
601
598
595
592
589
586
584
581
577
575
572
569
567
566
564
564
565
564
563
562
561
562
559
558
557
556
553
551
549
549
546
545
544
543
540
540
539
538
536
536
536
537
537
538
537
538
538
539
539
539
539
540
540
541
541
541
541
541
541
541
542
543
545
547
547
548
547
548
552
554
559
565
572
579
587
594
600
605
608
612
614
614
615
614
613
610
607
604
603
599
596
593
591
588
586
582
579
575
571
567
565
563
562
562
560
560
560
559
558
557
555
554
552
550
549
548
547
545
543
542
541
539
538
538
538
538
536
537
536
538
536
537
537
538
538
538
537
538
538
538
538
538
538
541
540
540
540
541
541
542
542
544
544
546
547
550
552
558
563
568
576
583
591
598
604
608
612
615
617
617
616
616
614
612
609
607
604
601
597
594
591
587
585
582
579
576
574
570
567
566
565
563
562
562
561
560
560
559
557
555
554
553
552
549
549
546
546
544
542
540
539
538
537
537
536
536
535
536
534
535
535
535
536
536
536
536
537
537
537
537
537
538
537
537
537
538
539
541
541
542
543
545
547
551
554
561
566
575
582
591
597
605
611
617
620
623
624
625
624
623
621
619
615
613
609
607
604
599
596
593
588
585
581
577
574
571
568
567
566
564
563
562
561
561
560
559
559
557
557
555
554
552
550
547
546
544
542
541
538
536
536
533
533
531
532
530
531
529
531
530
532
531
532
532
533
533
535
535
537
537
536
536
536
537
538
538
539
540
542
544
547
551
556
562
570
578
587
597
604
611
617
623
626
628
628
628
627
626
623
621
619
616
612
608
604
600
595
591
588
584
578
576
572
570
566
564
563
563
561
561
559
558
555
555
554
553
551
549
547
545
543
542
539
538
535
534
532
531
530
529
529
527
527
525
526
525
526
526
526
526
527
527
529
530
531
530
531
530
531
530
531
531
532
532
534
535
537
539
543
548
555
561
571
579
591
597
608
614
620
625
628
629
630
629
627
Loop stopped.
