Output started
30000
536
528
524
521
519
517
513
512
508
506
503
501
499
498
496
495
494
494
494
496
495
495
495
494
493
493
492
491
489
488
486
484
482
482
481
480
479
478
477
476
476
477
477
476
477
476
475
475
476
477
477
477
477
477
478
479
479
479
479
480
481
481
481
481
483
483
484
484
486
486
486
486
488
488
489
488
491
492
495
497
503
507
514
521
530
539
550
559
569
576
581
583
583
581
577
570
564
557
550
544
539
535
532
530
527
525
523
521
518
516
513
511
508
507
504
503
501
501
500
501
500
501
500
500
498
499
497
496
495
494
491
489
487
486
484
484
483
483
482
483
480
481
481
482
481
481
482
482
483
484
484
485
485
486
488
488
489
489
490
490
492
491
492
492
492
492
493
494
495
495
495
495
496
496
497
497
499
498
499
499
502
506
511
516
524
532
540
549
560
569
576
582
585
585
583
578
573
565
557
549
542
535
531
527
523
521
517
515
511
508
504
503
500
497
494
493
490
490
489
490
490
490
489
490
490
490
489
490
488
487
486
485
484
483
482
481
481
481
480
481
481
481
481
482
482
483
483
484
484
486
486
486
487
487
488
489
489
490
490
490
491
490
491
491
491
491
492
492
494
493
493
491
492
492
492
492
492
492
494
495
497
500
503
508
515
522
532
542
553
562
571
578
583
584
582
577
571
565
558
550
544
537
533
528
525
522
518
516
513
511
507
504
502
499
496
493
490
489
488
487
486
488
487
488
487
488
487
487
486
484
482
482
480
480
478
479
478
478
476
477
475
476
475
476
475
477
476
477
477
477
477
478
478
479
480
481
481
482
481
482
482
483
483
483
484
484
483
484
484
483
484
484
486
485
487
486
488
487
487
487
487
487
490
489
494
497
503
507
515
520
531
540
551
562
571
579
584
585
584
579
574
566
558
550
544
537
532
528
525
521
518
514
512
509
507
504
501
498
494
492
489
488
486
486
485
487
487
487
486
486
485
485
483
483
482
481
480
479
477
476
474
474
473
474
473
474
473
474
473
474
474
474
474
475
475
477
478
479
479
480
480
481
481
483
483
483
483
482
483
483
483
484
484
484
485
485
486
486
486
486
487
487
489
489
491
492
493
493
493
492
494
494
496
497
500
504
511
516
525
532
542
552
563
573
582
587
592
592
590
585
578
570
562
553
547
539
535
529
527
523
520
519
516
513
511
508
505
503
501
499
498
497
496
495
496
496
496
497
496
496
494
494
492
492
490
490
486
486
483
482
480
480
477
477
475
475
474
474
472
474
473
473
473
475
475
476
476
476
476
478
478
480
480
480
481
481
481
482
483
483
485
484
484
484
486
486
487
487
488
489
490
490
492
491
493
492
495
494
495
495
497
497
499
500
503
508
514
519
528
537
548
558
569
579
587
593
596
596
595
590
584
576
569
559
552
545
540
534
530
527
523
521
519
517
513
512
509
508
506
503
502
501
499
499
498
498
498
499
498
499
498
497
496
495
493
492
489
489
488
487
485
485
483
482
480
481
480
481
480
480
481
483
482
484
484
486
485
487
486
487
488
490
489
490
490
491
491
491
492
493
492
493
494
493
493
493
494
494
495
495
497
496
496
495
496
496
497
497
498
500
502
504
510
515
524
532
542
550
561
570
579
585
590
590
590
585
580
572
564
555
547
538
533
527
524
520
517
512
509
505
503
500
498
496
495
493
491
491
490
489
488
490
489
490
490
490
488
488
486
487
485
485
482
482
480
479
477
478
476
476
474
475
474
474
474
475
474
476
474
476
477
479
479
480
480
481
481
482
483
484
485
485
485
486
487
486
487
487
487
487
488
489
489
489
489
489
491
490
492
491
494
496
501
506
513
520
530
540
553
564
575
583
590
593
596
592
589
581
575
567
558
550
543
537
533
528
525
521
517
514
511
506
504
500
497
492
489
487
486
484
483
483
483
482
483
483
482
482
481
481
478
477
476
474
473
473
471
471
469
469
468
468
467
468
466
468
468
469
468
469
470
471
470
471
472
474
473
475
475
475
475
478
477
479
478
478
479
480
479
480
481
481
482
481
481
482
483
483
484
486
486
487
490
494
501
508
517
527
539
549
563
574
582
589
592
591
589
584
577
568
560
551
544
536
532
527
524
520
517
513
510
506
503
498
495
490
488
484
482
479
477
476
475
474
473
474
474
474
473
472
471
470
468
468
466
465
465
463
463
463
461
462
461
461
460
461
460
462
462
463
462
464
463
465
465
467
467
468
469
471
470
472
472
473
474
475
475
476
476
478
478
479
479
480
480
481
481
481
482
482
484
483
485
486
488
490
495
499
507
516
526
536
548
559
572
581
590
594
596
593
591
583
575
566
559
550
544
537
533
528
525
521
518
513
509
504
502
498
494
490
488
483
481
478
477
476
475
474
474
473
474
473
473
472
471
470
470
469
468
467
466
465
464
464
463
463
463
463
463
463
462
464
463
464
464
464
464
466
466
468
468
470
470
472
472
473
473
474
474
476
476
478
478
479
479
480
478
481
480
482
481
484
483
486
485
486
486
488
489
490
491
494
499
505
513
522
534
545
557
569
580
589
597
599
600
597
593
584
577
567
559
550
544
536
532
527
525
520
517
513
511
506
502
498
495
491
489
485
484
482
480
479
479
479
478
479
478
477
477
477
475
474
472
471
470
469
469
468
468
467
466
466
466
466
466
467
467
468
467
468
467
469
468
471
470
472
473
474
474
475
475
477
477
477
477
478
478
479
479
480
481
481
482
482
482
483
485
485
485
487
487
488
488
488
489
489
490
492
494
495
501
506
513
522
531
542
554
565
577
586
595
599
602
600
596
589
581
571
563
554
547
541
536
532
528
524
522
518
514
511
508
503
501
498
496
494
492
491
490
488
488
487
487
486
486
485
485
485
483
483
481
479
478
476
476
475
474
473
473
472
472
473
471
472
473
473
473
474
475
476
475
477
478
479
479
480
481
481
481
483
483
485
485
486
485
487
487
489
488
490
490
492
491
492
491
493
492
494
494
496
496
497
498
499
499
500
501
502
505
509
515
522
530
539
549
559
570
579
589
593
595
595
594
588
583
573
566
556
550
542
537
531
528
524
521
518
516
511
508
504
502
498
495
494
492
490
490
488
489
489
488
487
488
487
487
486
485
483
480
480
478
477
476
475
473
474
472
472
472
472
472
472
471
473
472
474
474
474
475
476
477
478
478
479
479
480
481
482
482
483
483
483
483
483
484
484
484
485
485
486
485
487
486
488
487
488
488
489
490
492
495
499
505
513
523
533
546
557
569
579
587
592
594
593
591
584
576
567
559
550
543
537
533
527
524
519
516
512
509
506
502
497
494
490
487
484
483
480
480
478
479
478
479
478
478
477
478
476
476
475
475
472
472
470
469
469
468
467
466
465
465
465
466
465
467
467
468
469
469
470
470
471
472
474
475
476
476
477
477
478
478
479
479
479
479
481
482
483
482
484
483
484
483
485
484
485
485
487
489
493
496
504
512
523
532
545
557
569
581
589
594
596
595
593
587
578
571
562
555
547
543
538
533
529
526
521
519
516
513
508
504
497
494
488
486
482
480
478
477
475
475
473
475
473
473
473
473
471
471
468
467
466
465
463
462
461
461
461
461
460
460
461
461
462
462
463
465
465
465
467
467
468
469
470
470
471
471
472
472
473
473
475
475
476
476
477
477
478
478
479
479
479
479
480
481
482
482
484
484
489
493
501
509
519
530
542
555
567
577
586
591
593
591
588
581
573
566
557
549
542
537
532
528
524
520
517
514
510
505
501
497
492
488
483
479
476
475
473
473
472
472
471
471
471
471
469
470
468
467
465
465
462
463
461
462
460
460
459
459
457
459
458
460
461
462
462
464
464
465
465
466
467
469
469
471
471
472
473
473
474
473
475
476
476
476
477
477
478
478
479
479
480
480
482
482
483
483
485
484
485
486
487
488
493
498
506
514
524
534
548
559
572
581
589
594
596
593
590
581
574
566
557
548
542
536
529
525
522
519
515
513
509
504
499
495
489
487
483
481
477
476
474
475
473
473
472
473
472
473
470
471
470
469
468
468
465
465
464
464
463
464
463
463
462
462
463
465
465
467
466
468
468
469
470
471
471
472
473
474
476
476
477
477
478
479
480
480
481
481
481
481
481
481
483
483
483
483
484
485
486
487
487
487
487
487
489
490
493
496
503
510
518
528
539
549
561
571
582
589
595
596
595
590
584
576
568
559
552
544
538
533
529
526
522
519
516
511
508
504
500
496
493
490
487
485
483
483
481
482
480
481
480
481
479
480
479
478
477
477
476
475
473
473
472
472
471
471
470
470
469
469
469
469
470
471
470
471
471
473
473
474
474
476
476
477
478
479
479
480
481
481
482
482
482
482
483
483
484
484
485
486
487
487
489
488
489
488
490
490
492
492
493
496
501
505
514
521
531
541
553
564
576
585
594
597
600
598
596
589
582
574
565
556
551
544
540
535
531
529
526
523
519
516
513
510
508
506
502
502
499
498
497
497
496
498
496
497
496
496
495
494
493
492
489
488
486
485
483
481
480
479
477
476
475
474
474
473
472
472
471
472
472
472
471
472
473
473
473
474
474
476
476
477
478
479
480
480
481
480
482
482
485
485
486
487
489
489
490
491
492
492
492
492
493
494
497
500
507
513
522
531
542
553
565
576
586
592
598
599
599
594
589
581
573
563
556
547
540
535
531
527
523
519
516
512
509
505
502
500
498
496
494
492
492
492
491
492
491
492
491
491
489
489
488
488
486
485
483
482
481
481
479
478
477
477
475
475
474
475
474
474
473
474
474
475
474
476
476
478
478
480
479
481
480
481
481
482
483
484
484
485
485
485
485
485
486
486
485
487
487
487
487
487
490
493
498
504
513
521
532
542
555
566
578
585
591
593
594
590
585
576
569
559
552
543
537
530
526
522
518
514
511
507
505
501
498
495
493
490
487
484
483
483
482
482
482
482
482
482
482
482
481
481
479
478
476
475
473
472
471
470
469
470
469
469
468
470
468
469
469
469
470
471
472
472
473
473
474
475
476
477
478
478
479
478
479
479
480
482
483
483
483
485
484
484
485
486
487
492
496
504
512
522
534
546
558
570
581
590
596
598
598
594
588
579
571
562
553
545
540
534
530
525
522
518
514
510
506
502
499
495
491
486
483
480
479
476
476
475
475
474
475
473
473
473
472
470
470
468
467
465
465
464
463
462
461
461
461
460
460
461
461
462
462
463
463
464
465
466
468
469
468
470
470
472
472
473
473
474
474
475
476
477
476
477
476
477
476
478
478
479
481
486
490
499
507
519
530
544
556
568
579
588
593
596
594
590
583
576
568
560
553
546
540
536
532
527
524
520
516
511
507
501
497
490
486
480
478
473
473
470
470
468
469
467
468
467
467
465
464
462
462
460
459
458
458
457
457
457
456
455
455
455
456
455
457
458
458
459
461
462
463
464
464
465
465
467
468
470
470
471
472
472
472
473
473
476
475
477
476
477
476
479
478
480
480
480
481
483
486
490
494
502
512
524
535
549
561
574
583
591
595
596
593
588
580
572
563
556
548
541
535
532
527
523
519
514
511
505
500
495
491
486
481
476
472
471
468
467
466
465
465
464
465
464
464
463
463
461
461
460
459
457
456
455
455
455
456
455
456
455
456
456
458
457
460
460
461
461
463
463
465
465
466
466
467
469
470
470
472
472
473
474
475
476
477
477
478
478
479
479
479
481
479
482
481
482
483
484
485
489
493
501
509
519
530
541
553
566
576
586
592
596
594
593
585
579
569
561
553
546
538
534
529
525
520
518
513
509
505
501
496
491
487
483
481
478
476
475
474
474
474
474
475
474
473
471
471
469
469
467
467
465
466
464
464
463
463
463
463
462
462
462
463
462
463
463
465
465
467
467
468
470
470
471
472
472
473
473
474
475
477
476
477
477
477
479
479
479
481
481
481
483
483
484
485
485
485
487
487
487
489
491
492
496
500
508
515
525
534
546
557
569
578
588
593
595
594
590
584
576
567
559
549
542
535
531
525
522
519
517
512
509
505
503
499
497
494
492
490
488
487
487
486
486
486
487
487
486
486
485
484
483
481
478
478
476
475
473
474
473
472
470
471
470
470
470
471
470
471
471
473
473
473
473
475
475
478
477
479
479
480
480
481
482
483
482
485
485
486
485
487
486
487
488
489
489
489
490
490
492
492
493
493
495
497
502
507
514
520
530
539
551
561
573
582
590
594
597
595
592
585
578
569
562
554
548
540
535
532
529
526
524
521
520
516
515
511
511
508
506
504
503
502
503
502
502
503
503
503
502
502
501
501
500
499
496
494
492
490
488
486
484
482
480
480
478
478
476
475
474
474
472
474
474
474
473
474
474
475
474
476
475
475
477
477
478
478
478
479
479
481
481
483
484
485
485
486
486
487
487
487
488
490
490
492
494
496
501
507
514
522
531
541
552
562
573
582
591
596
598
597
594
588
580
572
566
557
551
544
541
537
534
531
529
526
523
520
518
514
512
508
507
505
505
503
503
502
502
501
502
501
501
499
497
497
495
493
491
489
488
486
484
484
482
481
481
480
479
479
477
478
477
478
478
480
480
480
480
Loop stopped.
