Output started
30000
485
479
478
478
478
478
479
478
478
477
480
480
482
482
483
481
481
480
482
482
485
486
490
491
497
499
503
505
509
511
514
514
515
515
515
513
513
510
509
506
505
503
502
500
500
498
497
496
496
494
493
494
492
493
493
494
494
495
495
495
493
493
491
492
490
489
487
487
484
484
482
482
480
480
477
478
477
479
479
481
480
481
480
480
480
481
481
483
483
485
485
485
485
484
484
486
486
487
486
486
484
484
483
484
485
487
491
493
496
500
505
508
511
514
517
518
519
519
518
517
517
514
514
512
511
509
506
505
504
503
501
499
498
497
495
494
494
494
493
492
492
491
492
492
492
491
490
490
490
488
487
486
485
483
483
482
481
481
480
479
478
477
478
477
478
477
477
477
476
476
477
476
476
477
475
476
475
476
477
479
479
480
481
480
479
479
479
480
482
486
487
491
495
499
502
506
507
511
512
515
515
516
515
514
512
512
509
509
506
505
504
503
501
501
499
497
495
494
493
492
492
492
494
492
493
492
493
491
491
489
488
486
485
483
483
481
482
480
480
478
478
476
476
475
475
473
475
474
474
474
475
475
475
474
476
476
478
478
478
476
476
476
476
477
477
477
477
478
476
476
477
479
481
484
487
492
495
501
504
508
511
513
513
515
514
515
514
514
511
510
508
508
505
504
502
501
500
499
498
496
494
492
490
488
486
486
485
485
484
484
484
484
483
482
480
480
478
476
475
474
473
472
473
471
470
470
468
469
469
468
469
468
468
469
470
469
470
468
470
468
469
469
470
470
470
470
470
470
471
471
472
471
474
474
476
475
475
475
476
477
479
482
486
488
492
495
500
502
506
507
509
509
510
511
511
509
510
509
508
507
506
505
505
504
503
501
500
498
496
494
491
491
489
488
487
487
487
488
486
486
485
485
483
482
481
481
479
479
477
477
475
475
472
474
471
473
472
473
472
473
471
472
470
471
470
470
471
471
471
471
471
472
473
473
473
475
475
475
476
474
475
474
475
475
477
477
478
477
477
476
478
478
482
483
487
489
493
494
499
501
505
506
509
510
511
511
512
512
511
511
511
510
509
507
505
505
504
503
502
500
500
499
497
497
495
494
492
492
491
492
491
492
491
492
490
489
487
487
485
486
484
484
482
483
481
481
479
479
478
478
478
478
477
477
476
476
475
475
475
476
476
476
475
476
476
475
476
477
476
477
477
479
479
480
479
479
479
479
479
480
480
481
481
482
482
481
481
482
484
487
489
492
495
497
501
504
506
509
511
512
513
513
513
512
512
511
512
510
509
508
508
505
506
505
504
503
502
500
500
497
497
494
494
493
493
492
493
492
493
492
491
489
489
488
488
487
485
485
484
484
484
482
482
481
480
481
480
481
479
481
479
480
478
480
478
480
479
479
478
479
478
479
479
480
480
481
479
481
480
481
481
482
482
483
481
481
480
480
480
481
481
483
482
482
481
482
484
485
488
490
492
494
497
500
504
506
510
511
513
513
514
513
513
510
512
510
510
509
508
505
506
503
503
501
501
500
500
497
497
497
496
494
495
494
495
495
494
494
493
492
491
491
491
490
490
489
488
488
487
486
485
485
485
485
484
484
483
484
482
482
482
483
482
482
482
482
481
482
482
483
482
483
483
483
482
483
483
483
483
484
484
484
484
484
484
484
485
486
486
486
486
486
486
486
486
488
488
491
493
495
498
501
504
509
510
513
515
516
516
515
515
514
515
515
513
511
510
510
508
507
505
504
503
502
502
500
499
498
497
496
496
496
496
496
496
495
496
495
495
493
494
493
494
492
493
491
491
490
490
488
488
487
488
487
487
487
488
486
486
486
485
485
485
484
484
484
485
485
485
485
484
484
485
485
485
486
486
487
486
486
485
487
485
485
485
488
487
488
487
488
486
488
489
491
492
495
496
500
502
507
509
512
514
516
517
518
517
518
516
515
514
514
513
511
510
507
507
505
505
504
503
502
502
499
499
497
497
497
497
496
497
495
496
494
495
493
494
492
493
492
492
492
492
490
490
489
488
488
487
485
485
485
485
485
485
484
484
484
484
484
485
485
486
485
485
484
484
484
485
484
484
484
485
485
484
484
484
486
486
487
487
488
488
488
489
488
488
488
490
491
493
496
497
501
504
509
512
515
516
518
518
519
519
518
517
516
515
515
513
512
510
509
507
507
504
504
502
500
498
498
498
498
496
497
496
497
496
497
496
496
495
495
495
495
494
493
491
490
489
488
488
487
488
487
486
485
485
484
485
485
486
484
484
483
484
483
483
482
483
482
483
483
483
483
485
483
484
484
485
485
486
485
486
484
484
484
486
486
487
486
486
486
486
487
488
492
494
498
501
506
508
511
514
517
517
519
518
520
518
518
514
514
512
512
509
509
507
507
505
504
501
500
498
497
495
495
494
495
494
495
494
494
495
495
495
494
493
493
493
492
491
491
492
491
490
489
489
487
487
487
485
485
485
484
485
483
482
481
481
481
481
481
482
482
482
482
482
481
483
482
483
482
483
483
483
483
484
484
486
486
486
485
485
483
484
485
488
490
493
497
502
504
508
511
515
517
519
519
518
518
517
516
515
512
509
506
504
503
501
500
498
497
497
495
494
494
493
494
494
495
494
495
493
494
494
494
494
495
493
494
493
493
491
491
490
489
488
487
486
487
486
486
485
485
484
484
483
484
483
484
483
484
482
482
483
483
484
485
485
486
485
485
486
486
487
486
488
488
489
489
489
488
488
486
488
489
493
495
499
502
508
511
515
517
520
520
522
521
521
520
519
516
516
514
513
510
510
507
507
504
503
501
501
498
498
497
496
495
495
495
495
495
496
496
496
496
495
496
495
495
494
494
492
492
490
491
489
488
486
487
485
486
484
484
482
483
481
481
480
481
480
481
481
481
481
482
481
482
482
482
481
482
482
483
483
484
485
486
484
485
485
485
486
489
491
495
499
503
508
512
515
517
519
520
521
522
521
519
519
517
515
513
512
511
510
508
506
504
503
502
500
498
497
494
494
492
492
493
494
493
493
492
493
492
491
489
489
490
490
487
487
485
485
483
483
482
482
481
479
479
478
478
478
477
477
476
477
475
476
477
476
477
476
476
477
477
477
477
476
477
477
478
478
481
480
480
479
480
479
480
481
484
487
492
495
501
506
511
514
519
519
521
520
521
520
520
518
518
516
515
513
511
509
508
507
506
504
502
501
498
496
494
493
491
491
490
491
490
491
489
490
488
487
485
486
484
484
482
483
480
480
478
478
475
476
473
474
473
473
471
472
471
472
469
471
470
470
469
470
471
470
470
471
471
472
473
472
473
472
473
473
474
475
476
477
476
475
476
476
477
480
483
485
490
494
500
504
509
513
516
518
521
520
521
519
520
519
518
517
516
514
513
510
509
507
505
504
503
500
499
497
495
493
490
490
489
488
488
488
488
488
486
486
485
484
483
482
482
481
480
478
478
477
475
475
473
473
472
472
470
471
470
470
469
469
468
469
469
469
469
471
471
471
472
472
472
472
473
474
474
474
474
474
473
474
474
475
474
476
476
477
476
477
478
480
484
488
492
498
502
508
512
517
520
522
524
523
523
523
522
520
520
518
517
515
514
511
511
508
507
505
504
501
500
498
497
493
493
490
489
488
489
488
489
488
488
485
485
483
482
481
481
478
478
476
476
474
475
473
472
471
471
470
468
468
468
468
467
467
466
467
467
467
467
468
467
469
467
469
467
470
469
470
469
470
470
472
472
473
472
473
471
472
472
473
473
475
475
475
474
475
477
480
482
487
492
496
501
507
512
516
520
522
524
524
525
524
524
523
521
519
519
515
514
513
511
508
507
504
504
500
499
495
494
491
490
488
489
488
488
488
488
487
487
487
485
483
483
481
481
480
479
477
476
475
474
473
472
471
471
470
470
469
470
469
470
469
468
469
468
468
468
467
467
468
467
467
468
468
467
468
468
468
468
469
468
470
469
470
471
472
471
472
472
472
473
473
473
473
473
475
476
479
481
486
490
495
499
505
510
515
517
520
521
523
524
524
523
524
520
519
517
516
515
513
510
509
507
505
504
501
500
498
496
493
492
490
490
489
490
487
489
486
487
486
487
485
485
482
483
481
480
478
478
476
476
473
473
472
472
471
470
470
471
470
471
470
470
469
469
468
469
469
469
468
468
468
469
469
470
470
470
471
472
471
472
473
472
474
473
474
473
474
473
475
474
475
475
476
475
477
476
480
482
486
489
495
498
504
507
512
516
520
522
523
522
524
523
522
521
519
518
515
514
512
509
507
505
503
501
499
498
496
495
493
491
491
490
490
490
489
489
489
488
487
487
485
486
484
484
482
482
481
480
479
478
476
476
475
476
474
474
473
473
472
472
471
472
470
472
471
471
471
471
470
471
470
472
472
473
472
474
473
474
474
476
475
476
476
476
476
476
477
477
479
479
479
478
478
480
482
484
487
490
495
499
505
507
512
514
517
518
521
520
520
518
517
515
513
511
511
508
507
504
504
502
501
500
498
497
496
493
492
491
491
490
491
490
490
490
489
488
489
489
487
487
486
486
485
486
484
483
481
480
479
479
478
479
477
478
476
476
475
476
474
475
474
475
474
476
475
476
475
477
477
478
477
478
478
480
479
480
479
479
478
480
479
480
480
481
481
480
480
480
480
481
483
487
490
493
497
501
506
508
511
513
516
515
517
515
515
512
511
509
509
507
507
503
502
499
500
497
497
494
494
492
493
491
491
491
491
492
492
492
493
492
491
490
489
489
489
489
488
487
486
486
485
484
483
483
483
482
482
481
481
480
480
480
479
479
479
479
479
480
479
480
479
480
481
481
482
482
480
481
481
482
482
484
484
485
484
485
484
484
484
486
488
491
493
498
501
506
508
512
514
517
517
520
519
519
519
518
516
515
512
511
509
508
506
504
503
501
500
497
496
495
494
494
493
492
493
492
494
494
493
492
492
490
490
490
490
488
488
485
486
484
484
482
482
481
482
480
481
479
479
478
478
476
477
477
479
477
477
477
477
477
478
479
479
478
478
478
479
480
481
482
481
482
482
482
481
483
484
488
490
495
497
504
507
512
514
517
517
519
519
520
518
518
515
514
513
512
509
509
506
506
504
502
500
499
496
496
495
493
492
491
490
490
490
490
490
489
488
487
487
487
486
485
485
483
483
481
481
479
480
478
478
476
476
474
475
474
475
474
476
475
475
474
474
474
475
475
476
476
475
474
474
474
475
475
477
477
477
476
477
477
479
481
484
487
491
495
499
503
508
512
516
519
520
520
520
521
520
519
518
516
514
513
511
510
509
508
505
504
502
501
499
497
493
492
490
489
488
488
487
488
486
487
485
483
482
482
481
480
479
478
477
475
473
473
472
471
469
469
468
468
467
466
465
465
466
466
467
466
465
465
465
466
466
467
467
467
466
466
467
467
468
469
470
470
470
469
470
470
474
478
484
488
493
497
503
508
512
516
520
520
523
522
523
522
523
521
521
519
518
516
515
513
511
509
508
505
502
500
497
495
492
490
488
488
486
486
486
486
484
484
481
480
478
478
475
475
473
472
469
469
467
466
464
463
461
460
459
459
458
458
457
458
457
458
456
457
456
459
459
459
459
459
459
460
460
461
461
462
461
461
461
462
463
463
464
465
465
466
469
470
475
479
486
490
496
501
508
513
519
522
527
528
530
529
529
528
527
525
524
521
520
517
515
513
511
509
507
504
502
499
496
494
492
489
488
487
486
484
485
483
481
478
478
476
474
474
472
469
468
466
465
464
462
461
458
457
457
457
455
455
454
455
454
454
453
454
453
454
455
454
454
456
455
456
456
458
458
459
460
461
460
461
462
462
462
464
463
465
466
467
467
469
469
469
470
473
475
479
484
490
495
503
509
515
521
526
530
532
534
536
536
535
534
533
532
530
529
526
524
521
519
516
515
511
508
504
502
498
497
494
494
491
490
488
488
486
485
482
481
479
479
477
475
471
470
467
466
464
464
462
460
458
458
457
455
456
455
454
455
456
455
455
455
455
455
455
455
456
456
458
457
459
459
462
461
463
461
462
462
464
463
465
464
464
463
465
465
467
467
469
468
469
469
472
473
477
481
486
490
496
503
508
514
520
523
526
528
529
529
529
529
528
527
524
525
523
521
518
517
514
513
510
508
505
503
501
498
495
494
492
491
489
489
488
487
486
485
483
482
481
480
478
477
475
474
472
472
471
469
467
466
465
465
463
463
463
463
462
462
462
461
461
462
461
461
461
461
462
462
464
463
465
465
466
466
466
466
467
467
469
468
470
469
471
471
472
472
473
474
474
473
475
476
479
481
485
488
493
497
504
508
513
516
521
523
525
525
525
524
524
520
519
516
515
513
512
509
507
504
503
501
499
498
496
495
493
492
491
491
491
491
490
490
487
489
487
486
484
485
482
482
480
480
478
478
476
476
474
475
472
473
471
472
471
472
471
472
470
471
470
471
471
472
472
472
472
473
473
474
474
474
475
476
476
476
478
479
480
480
482
482
483
482
482
482
484
485
489
491
496
499
505
508
513
516
519
522
524
524
525
523
524
522
521
518
518
515
514
511
511
508
507
504
Loop stopped.
