Output started
30000
399
379
374
373
374
373
374
374
374
375
374
377
376
378
377
378
377
378
376
377
375
377
374
376
374
375
373
375
373
373
371
372
369
370
369
369
368
369
367
368
368
369
368
369
369
368
369
369
369
368
368
369
368
369
368
368
368
368
371
372
374
376
381
382
386
387
391
392
395
395
396
395
397
395
396
394
396
394
395
393
394
392
392
390
391
389
389
387
387
384
385
384
383
382
382
381
381
381
380
380
380
378
378
376
376
375
375
373
373
373
373
373
373
372
372
372
371
372
371
371
370
371
370
371
370
371
370
371
370
371
370
371
370
371
370
371
370
371
370
370
369
370
370
372
372
375
377
380
381
384
387
389
391
394
395
396
395
396
395
395
395
396
394
394
393
392
390
391
391
390
390
389
390
389
388
386
387
385
386
385
386
384
385
383
384
382
384
382
383
381
382
379
381
380
380
378
379
378
378
377
377
377
377
376
378
376
377
376
377
376
377
375
376
375
375
374
374
375
374
375
375
375
375
377
376
377
376
376
375
376
375
376
373
376
376
379
379
383
383
386
387
391
392
395
395
398
397
398
396
397
395
397
395
397
395
395
395
394
393
393
393
392
392
392
391
390
389
389
388
388
388
388
388
388
387
386
386
385
386
385
385
384
385
383
384
381
382
380
382
380
380
379
380
378
379
377
378
378
378
378
378
377
378
378
378
377
377
377
379
378
378
378
379
379
379
378
378
377
379
379
380
379
380
378
377
378
379
382
383
385
387
391
392
394
396
398
399
400
399
400
399
399
398
400
398
399
397
397
395
395
393
394
393
394
393
395
392
393
391
392
390
392
390
391
389
390
389
389
388
388
387
388
386
387
385
385
384
384
384
384
383
383
382
383
383
382
383
382
383
381
383
381
383
381
382
380
382
381
383
382
382
381
382
381
382
382
383
380
382
381
383
381
382
382
384
382
383
383
383
384
386
387
389
389
392
393
395
397
399
400
400
400
400
400
400
401
400
399
398
399
396
398
396
397
395
396
395
396
394
395
393
394
392
394
392
393
390
392
391
391
390
391
389
390
389
390
389
389
388
389
388
388
387
387
386
386
386
387
387
387
386
386
385
387
386
385
386
386
386
386
386
386
386
387
387
386
388
388
388
387
387
385
387
387
387
386
387
386
387
386
387
386
388
387
390
390
392
395
397
398
400
402
404
404
405
404
404
404
404
402
402
401
401
400
399
399
399
399
400
398
397
397
397
397
397
396
396
396
396
397
396
396
396
396
394
395
393
393
391
393
391
392
390
391
389
391
389
390
389
390
388
389
388
389
387
388
386
386
385
385
384
386
386
387
387
389
388
390
390
391
390
392
391
391
391
392
392
391
390
392
394
393
395
397
399
400
403
404
407
407
409
407
408
407
407
405
406
404
405
403
404
402
403
401
401
400
401
400
400
399
399
396
397
396
397
395
396
396
396
395
396
395
394
393
394
394
394
392
391
391
391
390
390
391
390
392
390
391
390
390
390
390
389
390
389
390
389
389
388
389
388
390
389
389
388
389
388
390
388
389
388
389
390
390
389
389
389
389
389
391
393
396
397
399
402
405
406
408
409
411
411
411
410
410
410
409
407
407
407
406
407
405
405
404
404
402
402
401
401
400
400
398
399
397
399
398
399
398
399
396
397
395
396
394
394
393
393
392
393
391
392
391
391
389
389
389
390
388
389
387
388
387
388
387
388
386
386
386
387
387
387
387
388
387
387
388
388
388
387
389
388
389
388
388
387
388
387
391
391
394
395
400
400
406
407
410
409
411
411
412
410
411
409
410
408
408
406
407
405
404
403
403
402
402
400
401
399
398
397
397
396
395
396
395
394
394
394
394
394
393
394
392
393
391
391
390
391
388
388
386
387
384
386
385
386
384
385
383
386
384
386
383
384
383
385
384
384
383
384
383
384
384
384
384
383
384
384
384
385
384
385
385
385
384
385
386
389
391
394
397
398
401
404
408
410
411
411
412
412
412
411
411
409
408
406
406
404
404
403
402
400
401
400
401
399
399
397
397
395
395
394
394
393
393
392
391
391
391
390
390
388
389
387
388
386
386
385
385
384
383
382
382
381
381
381
382
383
382
383
382
383
383
383
382
383
382
383
382
383
383
384
382
384
383
384
383
384
383
384
383
385
385
386
385
385
385
387
388
390
392
395
396
400
402
406
407
409
410
411
410
411
409
408
407
406
405
404
403
402
401
401
401
399
400
398
397
397
397
395
396
394
394
394
395
392
394
393
394
392
393
391
392
390
390
388
388
386
387
386
387
385
386
385
385
383
384
383
383
383
384
383
384
383
383
382
382
381
381
383
383
383
383
384
384
385
384
385
384
386
383
384
383
385
384
385
383
385
384
386
385
387
388
392
394
396
398
402
403
406
408
410
410
411
411
411
411
410
408
407
407
406
404
404
403
402
401
400
399
399
398
397
396
396
395
395
394
394
395
395
395
394
394
393
392
391
391
390
391
389
389
388
388
386
386
385
385
384
386
385
385
383
385
384
383
383
384
384
383
383
384
383
384
383
384
384
383
383
384
384
384
383
384
384
384
383
383
383
383
384
385
385
384
385
385
385
387
390
391
394
396
400
401
405
407
410
411
412
412
414
412
413
411
411
409
408
406
407
405
404
402
403
402
402
400
400
398
399
397
396
397
397
396
396
395
396
394
394
392
391
389
390
389
389
388
387
388
386
385
384
384
384
384
383
384
381
383
382
383
382
383
382
383
381
384
382
384
382
383
382
384
382
383
382
383
383
385
385
386
385
386
386
385
384
385
385
385
385
385
386
387
388
390
394
395
399
401
405
407
411
412
415
414
416
414
416
413
414
411
411
408
408
405
405
403
404
401
402
400
401
399
399
397
397
395
395
395
395
395
394
394
395
394
392
391
392
390
389
388
388
387
387
387
387
385
384
385
384
383
382
383
383
382
382
384
384
384
384
385
384
385
383
384
383
384
383
384
384
385
385
385
384
385
383
385
384
385
384
386
385
387
385
386
384
386
387
390
393
397
399
403
405
409
411
413
414
415
415
416
414
413
412
411
410
409
408
406
407
404
403
402
401
400
400
399
398
397
397
396
397
395
396
395
397
393
393
392
392
390
390
388
389
387
388
385
386
384
385
383
384
383
383
382
382
381
381
380
381
381
380
380
381
380
380
380
379
381
380
380
381
380
381
383
381
383
382
382
382
383
382
383
382
384
382
383
383
385
385
389
390
396
397
403
404
408
410
413
413
414
414
414
413
413
410
409
408
407
405
405
403
402
400
399
399
399
398
397
397
394
395
394
395
394
394
393
394
393
393
391
390
388
389
388
388
385
386
384
384
382
382
380
382
379
380
379
379
378
379
379
380
379
380
380
380
379
380
380
381
380
380
380
381
381
381
381
381
381
381
381
382
381
381
382
382
382
383
384
387
388
390
394
398
402
406
409
412
414
415
416
415
415
414
415
414
413
412
411
409
409
407
407
405
405
402
402
400
400
398
400
398
398
395
396
394
394
393
393
391
392
389
388
387
386
384
383
380
380
378
377
376
375
374
374
375
374
374
373
374
373
374
373
374
372
374
372
373
371
374
372
374
372
374
371
373
372
373
372
374
373
374
374
375
374
376
375
377
378
380
381
387
391
396
400
405
408
413
414
416
417
416
416
415
415
414
413
411
411
410
410
407
407
405
404
401
402
399
399
396
396
392
394
391
390
388
388
386
387
385
384
383
382
380
379
376
376
374
374
372
371
370
370
368
368
367
367
367
366
366
366
366
367
366
366
366
365
365
365
366
365
366
366
367
367
368
367
368
367
368
367
368
367
368
368
370
370
370
370
372
374
376
380
386
390
395
400
406
409
413
414
415
415
415
414
413
413
414
411
411
409
409
407
405
403
401
400
400
398
397
394
391
389
389
386
386
385
384
383
382
382
380
380
377
376
374
375
372
372
370
369
367
367
365
365
363
364
361
363
360
361
360
362
360
362
360
361
361
361
360
360
359
361
360
361
361
362
361
362
361
362
361
361
361
362
362
363
363
364
366
365
365
365
367
365
367
366
369
371
377
381
387
392
399
401
407
410
414
414
416
414
415
413
413
410
411
408
409
406
407
404
404
401
400
399
399
397
395
392
391
389
387
385
385
383
383
380
380
379
378
378
376
375
373
374
372
372
369
369
367
367
365
365
363
365
362
364
362
364
362
363
363
362
362
363
362
364
362
363
363
363
363
364
362
363
363
363
363
364
364
365
365
365
366
367
367
367
367
368
367
367
367
367
368
368
369
369
371
372
376
380
385
389
394
398
404
406
411
412
414
415
416
414
415
413
412
410
411
409
409
407
406
404
402
401
401
399
398
396
396
394
393
391
391
388
389
386
386
383
384
382
381
379
378
377
376
375
374
373
373
372
371
372
369
369
367
368
366
366
365
366
364
366
364
366
364
365
364
366
365
366
365
365
365
366
365
367
365
367
365
367
366
367
367
367
368
368
367
369
368
369
369
370
370
371
370
371
371
372
372
372
375
376
380
384
389
392
397
400
404
406
410
409
411
410
412
411
412
409
410
407
408
406
406
404
403
400
400
398
398
396
396
394
394
391
392
389
389
388
387
386
386
385
385
384
384
383
382
380
380
378
376
376
375
374
374
374
373
373
372
373
372
372
371
372
371
371
370
371
371
372
371
372
372
372
372
373
373
372
371
373
372
372
372
374
373
375
374
373
373
374
374
375
375
374
375
375
375
376
374
375
376
378
380
383
385
388
392
396
398
401
404
407
410
409
410
410
410
408
408
406
406
404
404
402
402
401
400
398
399
397
396
395
395
393
393
391
391
389
390
390
390
387
387
386
386
385
384
384
384
381
382
381
382
380
380
379
378
376
376
375
375
375
376
376
377
378
376
377
375
376
375
376
375
376
375
376
376
376
376
376
376
378
376
377
376
378
377
378
377
378
377
379
378
379
378
381
380
381
380
381
382
384
385
389
389
393
396
399
402
404
405
406
407
407
406
405
403
402
402
403
403
403
403
401
401
398
398
396
396
394
394
391
392
390
392
389
391
391
392
391
391
389
391
390
390
389
388
386
386
385
386
385
385
385
385
384
384
384
384
384
383
383
383
383
383
382
381
381
380
381
381
381
382
383
382
384
383
384
384
385
384
385
383
384
383
385
385
386
385
386
386
387
386
388
388
391
393
396
398
401
404
407
409
411
412
412
412
413
412
411
409
408
407
406
404
404
402
402
401
402
400
399
398
398
397
397
396
396
396
396
396
395
395
395
395
394
395
392
393
391
391
389
390
388
389
387
388
386
386
384
384
382
383
381
382
381
382
381
383
382
384
383
384
384
385
385
386
385
387
386
386
385
386
385
385
384
384
385
386
387
387
387
385
386
386
389
391
394
395
400
402
407
409
413
413
416
415
417
416
418
416
417
414
413
411
412
410
410
408
408
406
406
405
404
403
402
401
401
401
401
400
400
399
399
398
397
396
396
394
393
391
390
389
388
388
388
389
387
387
385
386
385
384
382
383
381
383
382
384
382
384
383
384
383
384
383
384
383
383
382
383
382
383
382
382
383
384
384
384
384
384
384
384
383
385
386
388
391
396
399
403
407
409
413
415
416
418
417
417
418
417
416
415
415
413
412
410
409
408
408
405
405
403
403
401
401
400
400
398
397
395
396
394
394
392
393
391
389
388
387
386
386
384
384
382
382
381
380
379
379
378
377
377
376
375
376
374
376
374
375
375
374
374
375
376
374
375
375
376
376
376
375
376
375
376
374
377
375
377
377
378
376
376
376
379
379
382
384
388
392
397
401
406
409
413
415
417
418
418
417
417
415
414
413
412
410
409
408
408
405
404
402
401
401
400
398
396
397
394
394
391
392
390
391
388
388
386
387
385
385
382
383
380
380
378
377
375
375
374
374
372
374
371
372
371
372
371
371
370
371
371
372
371
370
370
369
370
370
370
370
370
371
370
370
370
370
371
371
371
371
372
372
373
372
373
373
374
376
378
379
385
388
394
399
404
407
411
413
415
415
416
415
415
412
412
411
410
409
408
405
404
403
401
400
401
398
398
396
395
393
392
390
390
388
388
386
386
384
382
381
382
379
378
378
377
377
376
376
375
374
373
373
372
373
371
372
369
371
369
370
369
370
369
371
370
370
369
370
369
370
369
370
369
371
370
371
371
372
372
372
372
373
373
374
373
374
374
375
374
375
374
376
378
380
384
388
393
397
401
405
409
411
414
415
417
416
416
414
413
411
411
408
408
405
405
402
403
400
400
398
400
397
398
395
395
392
393
391
392
390
391
389
389
388
387
386
385
384
383
381
380
380
379
378
377
376
375
374
374
374
374
373
373
373
373
374
373
374
373
374
374
375
373
375
373
376
374
376
374
375
374
376
374
376
375
376
376
377
377
377
377
377
377
378
377
377
377
379
379
382
383
386
389
393
396
401
405
408
411
413
413
414
415
414
413
412
411
410
410
408
407
406
405
402
402
400
400
399
398
396
396
394
395
394
394
392
392
391
391
391
390
389
390
389
388
387
386
385
384
382
383
381
381
379
379
377
378
377
377
377
378
376
377
376
375
374
375
373
374
373
374
Loop stopped.