Output started
30000
441
431
426
426
425
427
427
428
429
431
431
432
431
433
433
434
434
436
436
438
438
438
439
439
440
440
441
441
443
443
447
451
456
460
465
468
472
473
476
476
477
476
477
476
477
477
478
477
478
478
479
478
478
477
478
476
475
472
471
468
469
466
465
463
462
460
461
460
459
457
457
455
455
453
451
450
449
448
447
446
445
444
443
444
443
442
441
440
439
440
439
439
438
438
437
439
438
439
437
437
437
437
437
439
438
439
438
439
438
438
438
440
439
441
440
440
440
440
440
441
442
442
442
442
442
444
443
444
444
445
444
444
444
444
444
445
445
445
449
452
458
463
467
472
475
476
480
479
481
481
481
481
481
480
482
481
481
480
480
479
480
479
479
477
476
474
473
471
470
468
467
465
463
462
461
459
460
457
456
454
453
450
449
448
447
446
444
444
443
441
441
441
440
440
440
440
438
438
436
436
435
435
434
434
433
434
433
435
433
434
433
434
432
433
432
434
433
434
434
434
434
435
434
435
435
436
435
436
436
437
437
438
437
438
438
439
439
439
440
440
441
442
442
442
442
443
444
446
450
454
459
463
469
472
476
477
480
481
483
481
482
481
481
480
480
480
479
478
480
477
479
478
477
475
474
471
471
468
468
464
463
461
460
458
457
455
454
453
452
451
449
448
447
445
444
443
442
441
440
440
438
438
436
435
434
434
434
434
433
434
432
433
431
432
431
432
430
431
430
431
430
431
430
430
430
431
430
431
430
431
431
431
432
433
433
434
433
434
434
435
434
434
435
435
435
435
436
437
437
438
438
439
439
439
440
440
440
440
441
442
443
445
450
453
460
464
469
472
477
479
480
481
483
482
484
482
483
482
482
481
481
480
481
479
480
479
479
477
476
474
473
470
470
467
466
464
463
459
459
458
457
456
454
453
452
451
449
448
447
446
445
444
443
442
441
440
439
438
436
437
435
435
434
435
434
434
432
433
432
432
431
432
430
431
430
431
430
431
431
431
431
432
431
432
432
432
431
433
433
434
433
434
434
435
435
436
436
436
437
437
438
437
439
438
439
440
440
441
441
441
442
441
442
441
443
443
445
444
446
446
450
452
458
462
468
472
476
479
481
482
484
483
484
483
483
481
481
480
479
478
478
478
478
477
477
476
475
472
472
470
468
468
467
465
463
462
460
459
458
458
455
455
452
451
449
449
447
448
445
445
443
443
442
441
440
440
438
438
436
437
437
437
435
436
436
436
435
435
434
434
434
434
434
434
434
434
435
436
435
434
434
435
436
436
436
437
437
438
439
439
441
441
442
441
441
440
440
440
441
440
441
441
442
441
442
442
444
443
443
443
444
443
444
444
445
444
445
446
448
447
448
448
451
453
458
463
467
472
476
478
480
481
482
483
482
482
481
479
479
478
477
477
477
476
477
478
477
476
475
474
472
471
469
468
466
465
463
462
461
461
459
460
458
458
456
455
453
453
451
451
449
450
447
447
446
445
444
444
441
442
441
441
441
441
440
441
440
440
439
440
439
439
438
438
438
438
439
438
439
438
439
438
439
438
438
438
439
438
439
438
440
438
441
440
440
439
441
440
441
440
441
441
442
442
444
443
443
443
444
443
444
444
445
445
446
446
447
448
449
450
453
457
461
466
471
474
478
481
482
482
483
483
483
484
482
483
481
480
479
479
478
479
478
479
477
478
475
474
471
472
469
468
466
466
464
464
462
462
460
460
458
458
456
456
454
455
453
452
451
451
449
449
447
446
445
445
444
443
443
443
442
442
442
442
442
441
442
442
443
441
442
441
442
441
440
439
441
439
440
440
441
440
440
439
441
440
442
440
441
441
442
442
442
442
442
441
442
442
442
442
443
443
444
444
444
445
446
446
446
446
447
447
447
448
448
449
449
451
453
456
460
466
469
474
477
480
482
484
483
484
482
482
481
481
480
479
478
478
476
476
476
477
476
476
475
475
473
472
470
469
467
468
466
466
463
462
460
459
458
458
457
457
456
456
453
453
452
451
450
449
449
448
447
447
446
445
446
445
444
444
444
444
444
443
444
442
443
442
443
441
442
442
442
441
442
441
442
441
442
441
442
443
443
442
443
442
443
443
443
443
444
444
445
444
445
444
445
444
445
445
446
446
445
445
446
447
447
446
448
448
448
448
448
450
452
454
458
464
468
472
475
478
479
481
480
481
480
481
479
479
477
477
476
476
476
477
476
477
476
477
474
473
471
472
469
468
466
466
464
464
463
462
461
460
459
457
456
457
455
455
454
452
451
450
450
449
449
447
447
445
445
444
443
442
443
441
442
441
442
440
441
440
441
440
441
439
440
440
440
440
441
440
441
440
441
441
441
442
443
442
442
441
441
442
443
442
443
443
443
443
443
443
443
444
444
445
445
446
446
448
448
449
448
449
448
450
453
456
460
467
471
476
479
483
484
486
486
485
485
485
485
484
483
483
481
481
480
480
479
479
478
477
475
474
471
470
468
467
465
465
462
461
459
459
458
457
456
456
454
453
452
451
450
450
449
448
447
446
445
443
442
441
442
441
442
441
443
442
443
441
442
441
441
440
441
441
442
440
442
441
441
441
442
441
442
441
442
442
443
443
443
443
444
443
443
443
443
443
444
443
443
443
444
444
445
444
445
447
447
448
448
448
447
448
448
451
452
457
462
468
472
478
481
483
484
485
484
486
485
485
484
483
482
482
480
481
480
480
479
479
477
477
475
474
472
471
468
467
465
463
461
460
459
458
456
456
455
453
453
452
451
450
449
447
447
446
445
444
443
440
441
439
439
438
440
438
439
438
438
437
438
436
437
436
436
436
437
436
437
436
436
436
437
436
438
436
437
437
437
437
439
437
438
438
439
438
439
438
438
439
439
439
441
441
442
443
442
444
444
445
444
445
443
446
447
452
455
463
467
473
476
481
482
483
484
484
483
484
482
482
482
483
480
481
479
480
478
478
476
476
474
473
471
469
467
465
463
460
458
457
455
454
454
452
450
449
449
447
447
445
444
442
441
440
441
439
438
437
437
435
434
433
433
433
433
432
432
431
432
432
432
431
432
431
431
430
431
430
431
431
432
432
432
433
433
432
433
433
433
432
433
433
435
435
436
435
435
435
436
436
437
438
438
440
439
439
440
441
441
441
441
442
441
444
447
452
456
463
468
473
475
478
479
481
481
482
481
483
481
481
480
480
480
480
478
479
478
477
475
475
472
472
469
468
465
463
461
459
457
456
454
452
451
450
448
447
445
444
444
441
440
438
437
436
434
434
434
433
433
432
433
431
432
430
430
429
431
429
430
428
430
429
430
429
431
430
431
431
431
430
432
431
432
431
433
432
433
432
433
433
434
433
433
434
435
435
435
435
435
435
436
436
437
438
438
440
438
439
440
441
441
443
444
448
451
457
461
468
471
476
478
481
481
483
482
482
481
482
480
481
479
480
479
480
479
479
478
477
475
475
472
471
469
467
465
464
462
460
459
457
455
455
454
453
452
451
450
449
448
446
446
443
443
441
441
439
439
437
437
435
436
435
435
433
434
433
434
433
433
432
432
432
433
432
433
432
433
431
432
432
433
433
433
433
433
433
433
432
433
432
434
433
434
434
433
434
434
436
436
437
437
438
438
440
439
440
439
440
440
442
442
444
446
451
455
462
465
470
473
476
477
478
478
479
478
478
477
478
477
478
476
476
476
476
476
476
475
475
473
472
469
469
466
466
464
463
461
459
458
456
455
455
453
452
451
449
448
447
447
446
445
443
442
440
440
438
439
437
438
437
436
435
436
435
435
434
435
435
435
434
435
434
435
434
435
435
435
434
436
435
436
435
436
436
436
436
437
436
436
437
438
437
439
439
438
439
439
440
440
441
440
441
442
443
443
443
442
444
444
446
447
449
451
456
459
465
468
472
474
476
476
477
477
478
476
478
476
476
475
476
475
476
475
475
473
473
471
471
469
469
467
467
465
464
462
461
460
459
459
458
456
456
454
453
453
451
450
449
448
448
448
446
445
444
444
442
443
440
441
440
439
438
438
438
439
438
438
437
438
437
437
436
437
436
437
436
436
437
437
436
436
436
437
436
437
437
438
438
438
439
439
440
440
440
440
441
441
442
442
443
442
443
442
443
443
443
443
445
445
447
448
451
454
459
462
466
469
472
473
474
474
475
474
474
473
473
472
472
472
472
471
473
471
472
472
472
471
470
468
467
465
465
463
463
462
460
460
458
458
457
456
456
456
455
453
451
451
449
448
448
446
445
446
444
444
443
443
442
441
440
442
440
441
440
440
439
440
439
440
441
440
439
439
438
439
438
439
439
439
438
439
439
439
439
441
440
440
440
441
442
441
442
442
442
443
443
444
444
444
444
445
445
445
445
444
446
445
446
446
447
447
450
453
458
462
466
469
473
474
476
476
476
475
475
473
474
473
473
472
473
472
472
473
473
471
472
470
470
468
467
465
465
463
462
461
460
460
459
459
458
458
457
456
454
454
454
453
452
452
451
451
449
449
448
448
446
446
445
447
445
446
444
444
444
445
443
443
443
444
443
443
443
443
442
443
442
443
443
443
442
443
443
444
443
443
443
442
442
443
443
444
445
445
445
445
446
447
448
448
448
448
449
448
449
448
449
447
449
448
449
450
454
455
460
464
469
472
475
475
477
476
477
475
476
475
475
475
474
474
475
474
475
474
475
474
473
471
471
470
469
466
465
465
463
462
462
461
461
461
459
459
458
456
455
454
453
451
451
451
448
449
447
447
444
446
444
445
444
443
442
444
442
443
442
443
442
443
442
442
442
443
442
442
442
443
442
443
443
443
443
444
443
444
443
444
443
444
444
443
442
443
443
444
445
444
445
446
446
446
447
446
446
446
446
446
448
448
449
449
453
456
461
465
470
475
477
479
480
481
482
482
481
480
481
479
480
479
480
479
480
479
478
477
477
475
474
473
472
470
468
466
465
463
462
461
461
460
459
459
457
456
454
454
452
450
448
449
446
447
445
446
443
444
442
442
440
441
440
441
439
440
439
439
438
438
438
439
439
439
438
438
438
439
438
437
437
438
438
438
437
439
438
439
438
438
438
439
439
441
440
441
442
442
442
442
443
442
443
442
444
443
445
444
445
444
446
445
447
451
456
461
468
472
475
477
480
479
481
479
481
479
480
479
480
478
480
479
480
480
479
478
478
475
474
472
470
469
468
465
463
461
459
458
457
457
456
456
454
453
451
451
450
449
447
446
443
444
442
442
440
441
438
439
438
439
437
437
436
437
435
436
434
435
435
435
434
435
433
435
434
434
435
436
436
436
435
436
436
436
436
437
436
436
436
436
437
437
437
438
438
438
439
438
440
440
441
440
441
440
441
440
442
442
443
442
444
445
449
452
459
463
469
473
476
478
480
480
481
480
480
480
481
481
482
481
482
482
481
481
481
479
480
478
476
473
472
470
467
466
463
460
459
457
457
456
454
454
452
451
450
448
447
447
444
444
442
442
439
441
438
438
436
437
435
436
435
435
433
433
432
433
432
433
432
433
432
433
432
432
432
433
432
433
