Output started
30000
462
452
447
445
443
444
444
444
443
443
443
443
443
443
443
443
443
444
444
444
445
447
447
448
450
450
451
452
454
454
455
455
457
457
460
464
471
478
485
493
502
508
516
521
526
528
530
531
532
528
527
523
521
517
515
511
507
502
499
494
491
487
485
481
479
476
474
471
471
470
470
470
469
468
467
467
466
466
465
465
464
462
462
460
458
458
456
454
453
453
452
450
449
449
448
449
449
450
450
450
450
451
451
452
451
452
452
453
454
455
455
457
457
458
458
459
459
462
464
471
477
486
493
500
506
514
518
524
525
527
527
526
523
521
519
516
512
510
507
504
501
499
496
493
489
485
483
478
477
473
472
469
469
467
468
467
466
464
465
465
466
464
464
461
461
458
457
456
455
453
454
452
452
451
451
449
450
449
450
450
451
449
450
450
450
451
452
452
452
452
452
453
454
453
453
454
455
457
457
459
458
460
461
465
469
477
483
492
497
505
511
517
519
524
524
525
523
522
519
517
514
512
507
505
501
498
496
493
490
488
485
483
480
478
476
474
471
468
467
467
466
464
464
463
462
460
460
459
459
458
457
454
453
450
450
448
448
447
447
445
446
444
446
444
445
444
445
445
446
447
447
446
447
445
446
447
448
448
451
451
454
455
456
456
458
459
459
459
461
462
465
468
473
480
487
495
501
507
513
518
520
523
524
526
523
522
520
518
513
511
507
506
502
501
499
496
493
491
488
484
481
480
476
474
472
470
468
468
467
466
467
467
465
465
464
463
461
461
460
458
457
457
456
455
453
451
451
451
451
450
450
449
449
449
449
449
449
449
451
452
452
453
453
455
456
456
457
455
457
457
458
459
460
460
461
460
461
461
462
462
463
463
466
466
467
467
470
473
477
482
489
494
501
507
514
518
524
526
527
528
528
527
525
522
520
517
514
511
508
506
503
501
499
496
492
491
487
486
484
482
479
478
475
477
475
475
474
475
473
473
470
471
469
468
465
465
463
463
460
461
458
458
457
457
456
455
455
456
454
454
454
455
453
453
454
455
455
456
457
457
458
459
460
461
461
461
462
462
462
463
464
464
467
466
468
465
467
467
468
469
470
469
471
471
474
477
482
486
492
496
502
506
512
517
521
524
526
526
527
526
526
524
522
520
517
514
510
510
506
504
501
498
495
493
490
489
486
484
483
482
482
481
481
482
481
482
480
480
479
479
477
477
475
474
473
473
472
472
470
469
468
467
466
466
465
466
466
465
464
463
463
463
463
462
463
462
463
463
463
464
464
464
464
463
463
463
464
466
467
469
470
468
471
469
470
469
470
471
472
472
474
473
474
475
477
479
484
488
494
498
504
509
515
520
524
526
527
527
527
525
524
523
520
516
513
510
509
507
505
501
499
494
492
490
489
488
486
486
485
484
484
484
483
483
483
484
484
483
482
483
482
482
481
481
478
477
475
476
474
474
471
472
469
467
467
467
466
467
465
465
464
463
462
464
463
463
462
463
463
466
465
467
466
466
466
467
466
467
467
468
468
469
469
469
469
471
472
473
474
475
475
476
477
480
484
490
496
500
506
510
515
519
524
525
527
527
528
527
526
523
522
517
516
512
510
505
504
499
499
495
494
491
492
489
487
485
484
482
482
481
481
481
480
480
480
481
481
480
480
478
477
477
476
477
475
475
473
474
471
471
469
469
467
469
467
466
465
466
465
465
464
465
464
465
464
465
465
467
466
466
465
467
467
469
469
471
470
471
469
470
472
474
474
475
475
475
474
474
477
480
486
491
496
501
507
511
517
520
523
524
527
527
527
526
523
520
518
515
512
508
508
503
502
497
494
491
489
487
487
486
485
485
484
483
484
484
483
483
482
481
481
483
483
483
482
482
481
480
480
479
477
476
475
474
473
472
472
471
471
471
471
471
472
472
470
469
469
469
468
469
468
468
467
468
468
469
469
469
469
471
471
473
473
474
475
476
475
478
480
484
488
494
501
507
511
517
523
527
531
533
534
534
535
535
532
528
525
520
516
513
510
507
504
501
497
493
490
486
486
485
482
481
480
478
479
478
478
477
478
478
479
478
478
476
476
475
475
473
472
471
471
470
471
470
470
469
469
469
468
468
469
469
471
469
471
471
471
472
472
472
473
472
473
474
473
473
473
474
475
476
476
476
475
476
477
482
484
490
497
505
510
516
521
526
529
532
533
536
535
535
531
530
525
522
518
516
512
509
505
502
496
493
489
488
484
483
481
479
477
478
477
477
476
475
476
475
474
473
473
474
475
473
474
474
473
472
471
468
469
465
465
463
464
463
463
461
462
461
463
462
461
459
460
460
462
462
462
462
465
465
466
465
466
465
466
466
467
467
468
468
470
473
478
484
493
501
507
514
520
526
530
532
533
534
534
534
530
528
524
521
516
514
511
509
504
501
496
493
489
486
483
482
479
478
475
475
474
474
474
474
474
475
475
475
474
474
472
471
470
470
468
467
467
466
466
465
465
464
462
462
460
460
458
458
456
455
454
455
457
458
459
460
460
459
458
457
458
458
460
461
463
463
464
464
466
469
475
480
488
496
504
511
518
523
529
533
535
537
536
533
531
526
523
520
516
512
508
504
500
495
491
487
484
481
478
476
475
474
474
472
470
470
470
470
469
470
469
468
468
467
466
468
467
467
465
465
462
460
456
455
453
452
452
453
452
453
453
452
452
452
452
453
453
454
454
455
455
457
458
460
459
459
459
459
460
462
463
464
464
464
465
468
472
478
485
493
500
508
515
523
529
532
535
535
534
531
529
527
525
519
516
512
510
506
503
499
496
491
489
485
483
480
478
476
475
472
472
472
472
470
471
470
471
470
470
469
469
468
468
465
465
464
463
462
460
459
458
457
455
454
453
452
452
451
450
449
450
451
449
453
453
454
454
456
456
456
455
457
457
459
459
461
461
463
461
463
463
465
467
473
478
486
492
500
508
516
521
527
530
533
534
534
533
530
527
522
518
513
511
509
506
502
499
495
491
487
483
481
482
479
479
476
476
474
473
472
473
473
475
474
474
473
472
469
468
467
466
465
464
462
462
460
459
457
456
455
455
454
454
453
454
454
454
453
453
453
453
454
454
455
456
458
460
461
461
461
461
461
461
462
462
464
464
466
467
470
473
478
483
491
498
506
512
519
523
528
532
535
535
535
532
530
526
523
519
516
513
510
506
504
500
496
491
489
485
483
481
481
480
479
477
477
476
476
474
473
473
473
473
472
472
471
470
469
467
464
463
462
461
459
458
457
457
455
455
455
456
457
458
457
455
454
453
451
452
452
454
453
455
455
457
456
458
458
459
459
460
460
460
461
464
463
464
464
465
467
471
476
483
489
498
505
512
518
525
530
534
535
535
534
530
528
524
521
516
515
511
509
504
502
497
494
489
487
483
483
481
481
478
477
474
474
474
474
473
474
473
475
473
475
473
473
470
468
466
465
463
462
459
458
457
457
456
455
455
455
453
453
453
452
452
451
453
453
455
454
454
454
455
454
456
457
459
458
461
460
462
461
462
462
464
463
463
462
463
464
467
472
479
485
493
500
507
514
520
524
530
533
533
533
532
529
526
523
518
514
511
507
503
501
496
494
491
488
485
485
482
483
483
482
480
481
480
482
481
482
481
481
480
480
479
478
476
476
474
472
470
469
467
466
464
461
459
459
458
458
457
457
456
454
453
452
452
453
452
452
452
453
453
454
455
456
457
458
459
459
459
460
460
459
461
464
468
473
480
487
494
501
509
514
521
523
528
529
530
528
526
522
517
513
510
506
504
500
497
494
491
488
488
484
482
478
478
476
475
474
475
474
474
474
475
474
475
475
475
474
472
470
468
467
467
465
464
463
461
460
458
456
455
455
453
454
451
451
451
452
452
452
451
452
451
453
453
454
453
455
454
456
457
458
457
458
458
459
459
461
466
472
479
488
495
503
510
517
521
526
529
531
530
528
525
522
518
514
510
507
503
500
497
495
491
487
484
480
477
473
473
471
471
470
470
469
470
470
470
468
470
470
470
469
471
469
470
469
469
467
466
464
462
459
458
456
457
455
456
453
455
454
453
452
451
451
450
451
452
452
452
454
454
455
455
454
455
456
456
457
456
458
458
461
461
463
465
473
479
486
493
501
507
514
519
524
526
527
527
527
524
522
518
514
508
504
500
496
491
489
486
484
481
479
476
475
474
472
473
472
473
472
472
471
472
471
472
470
471
469
468
467
466
465
465
463
462
460
462
460
461
460
460
458
457
456
456
455
454
453
453
453
453
453
455
454
456
456
458
459
460
462
463
464
467
467
468
468
470
471
476
482
489
496
503
511
517
523
528
532
534
534
532
530
527
524
519
515
511
509
505
502
499
496
493
490
487
485
481
480
477
476
475
475
475
475
475
475
474
476
474
473
472
473
472
471
469
468
466
465
463
461
460
459
456
456
455
456
455
455
454
454
454
455
455
456
457
458
457
457
458
458
459
461
463
463
464
464
466
465
466
466
468
470
476
483
491
497
507
513
520
527
533
536
539
537
537
534
533
528
524
519
516
512
510
505
503
498
494
489
486
482
478
475
473
472
471
471
470
470
468
468
468
468
468
468
468
469
468
470
467
465
462
460
456
455
452
453
451
452
451
452
450
451
449
448
446
448
447
448
448
448
447
448
449
452
453
454
453
452
453
454
454
455
455
455
457
461
466
473
482
490
500
507
516
523
529
531
536
536
536
533
532
527
525
521
518
513
511
507
503
500
496
493
490
485
483
479
478
475
473
470
469
467
466
465
464
462
462
461
461
461
460
460
459
458
455
453
452
451
449
447
446
445
444
446
445
446
445
446
444
444
443
444
444
445
445
446
446
447
447
448
449
450
450
452
452
453
454
456
456
457
457
459
460
463
468
476
483
492
499
507
514
521
527
532
535
536
535
534
532
528
526
522
518
516
512
508
506
502
500
498
494
490
488
484
482
478
476
471
469
468
467
467
467
466
467
465
463
461
463
461
462
459
458
456
455
453
452
449
449
446
447
446
446
445
445
443
444
444
445
444
445
446
446
447
448
449
450
452
452
453
453
454
455
455
456
457
457
459
460
462
460
463
463
466
465
466
468
472
477
485
492
501
509
516
521
529
532
537
537
538
535
535
531
528
522
519
515
512
507
505
501
498
493
491
489
487
484
480
478
475
472
469
468
468
468
468
469
468
467
467
467
465
465
463
461
459
458
455
457
455
456
453
453
450
449
446
445
444
445
444
446
446
447
447
449
448
450
449
450
450
452
452
454
454
456
454
455
455
456
457
459
460
459
461
461
463
463
465
465
466
466
467
467
471
475
480
485
493
500
508
515
523
529
535
539
541
541
541
538
535
531
528
523
519
514
511
507
506
502
498
495
492
488
484
481
481
479
478
476
473
472
471
471
470
470
470
470
469
469
468
466
465
465
463
463
461
460
459
459
457
457
456
456
455
454
453
453
451
452
452
452
453
454
454
454
455
456
457
458
458
458
458
460
460
461
461
462
462
464
463
464
465
466
466
466
467
469
470
470
470
471
471
472
472
475
480
486
494
502
508
515
522
528
533
538
540
540
540
538
536
533
529
525
522
518
514
509
506
501
499
496
494
489
488
486
483
482
480
478
478
476
477
476
476
476
476
475
475
474
474
473
472
471
470
469
468
466
464
463
461
459
459
459
458
458
457
458
457
458
458
458
458
459
458
458
458
459
459
462
462
464
463
465
463
464
466
467
466
467
466
467
467
468
467
468
467
469
468
470
468
471
471
473
476
480
485
490
496
503
509
516
522
527
532
534
538
538
538
535
533
529
527
523
520
516
515
511
508
503
501
496
495
491
490
487
486
483
483
481
481
479
480
479
480
480
480
480
481
479
478
477
476
474
474
472
472
470
469
467
466
465
464
464
463
462
461
461
460
461
460
460
460
460
458
460
460
461
460
463
462
464
463
465
465
467
466
466
466
467
468
469
469
470
469
470
469
469
469
471
470
471
471
475
478
484
490
495
501
506
512
516
523
528
532
534
535
535
533
529
527
524
522
517
516
511
509
505
503
499
496
494
492
490
488
486
485
484
482
481
481
480
480
480
480
480
481
480
481
480
479
478
477
475
474
472
472
469
469
467
466
464
465
463
463
463
463
461
460
461
461
460
461
462
462
462
461
461
462
464
463
464
464
465
466
467
467
468
469
470
470
470
469
470
470
471
472
473
473
475
476
480
484
491
496
503
508
515
520
527
529
533
533
534
533
532
530
527
523
518
514
509
506
503
499
497
493
490
488
485
484
481
481
480
480
479
479
480
482
481
482
480
481
480
482
482
482
481
481
479
478
475
475
473
473
471
470
469
470
469
470
468
468
467
466
465
465
464
465
465
466
466
467
466
466
466
466
467
468
469
469
471
471
472
473
475
474
475
475
476
478
481
486
492
497
505
510
518
523
530
533
537
539
541
539
539
534
532
527
523
518
516
512
509
505
502
498
495
492
490
486
485
482
481
480
478
476
477
476
476
476
477
476
476
475
474
475
472
471
470
470
467
466
463
464
461
461
460
460
457
456
455
455
453
454
453
455
454
455
455
456
456
458
458
459
459
461
461
461
462
461
462
Loop stopped.