Output started
30000
458
441
431
428
424
424
423
424
422
422
420
419
418
417
416
415
414
412
411
408
406
404
402
400
398
395
394
392
390
389
388
388
388
386
388
387
389
388
388
388
389
389
391
390
392
393
394
392
394
395
397
398
400
399
400
401
404
407
412
416
424
430
440
450
459
467
475
479
483
484
486
485
484
480
479
474
471
468
464
463
461
459
457
455
454
453
451
449
447
446
444
443
441
440
438
437
436
435
433
432
430
430
427
427
424
423
421
419
416
416
414
414
413
413
412
412
411
411
412
412
411
412
412
412
412
415
414
415
415
417
418
419
418
419
421
422
424
426
428
429
430
430
432
434
437
439
446
451
459
467
477
483
490
493
496
495
495
492
490
484
480
474
471
465
462
457
454
451
448
446
445
441
439
435
434
432
432
431
431
431
431
431
430
431
431
430
430
428
428
427
427
425
424
425
423
424
421
421
419
420
419
419
418
419
418
419
418
420
418
420
419
421
421
422
422
423
422
423
423
424
423
425
424
426
426
427
428
429
430
432
435
440
446
456
464
473
480
487
490
492
491
489
487
484
480
476
471
467
465
460
456
453
450
448
448
444
443
440
439
436
434
432
431
430
430
429
429
427
428
427
425
424
425
424
424
422
422
421
420
418
417
416
416
415
415
414
414
414
414
413
414
412
413
413
414
414
414
415
416
416
416
417
418
419
418
420
421
422
421
422
422
425
426
430
433
439
446
457
466
477
483
490
493
495
494
495
492
490
484
479
474
470
466
463
459
457
453
451
449
447
444
442
438
435
432
430
427
427
425
424
423
423
421
421
419
420
419
418
418
416
415
412
411
409
409
406
406
404
404
403
403
401
403
402
404
403
405
404
405
405
406
406
408
407
410
409
410
411
412
412
413
414
416
419
424
429
434
442
451
460
470
478
486
491
494
496
495
492
489
484
478
473
469
465
460
457
453
450
445
443
440
439
436
435
432
431
429
429
428
429
428
430
430
431
431
432
431
431
430
430
429
428
426
425
424
424
422
421
420
419
417
416
414
414
413
413
412
411
411
410
409
409
409
409
409
410
410
409
410
409
410
411
414
414
414
415
418
420
425
428
436
442
451
460
471
478
486
490
495
495
495
493
491
486
482
477
473
469
468
465
464
461
461
460
460
458
457
455
453
450
449
448
448
448
446
446
445
442
441
441
439
437
433
431
428
427
422
420
417
416
414
412
409
409
406
407
404
405
403
405
404
405
404
403
402
402
402
403
403
404
404
405
405
406
407
408
408
410
409
410
410
411
413
412
412
414
414
417
421
426
432
439
446
455
465
474
485
491
498
500
501
499
497
492
489
482
479
475
474
472
470
466
465
462
462
459
459
455
455
452
451
449
449
446
446
445
444
442
441
440
438
435
432
430
427
425
423
420
419
417
414
412
410
408
406
405
405
404
403
403
402
402
400
402
400
400
400
401
400
402
401
404
403
405
405
406
405
406
407
408
408
409
409
410
410
411
411
412
412
415
415
415
414
415
416
419
422
427
432
438
445
455
465
475
485
494
500
505
508
508
508
505
501
497
493
489
487
484
482
479
476
473
471
467
466
462
460
455
453
449
448
445
445
444
443
440
440
436
435
432
431
427
426
423
422
419
418
414
413
410
409
407
405
404
404
403
402
402
401
401
400
400
399
399
399
400
400
401
401
401
402
403
404
406
405
405
405
406
405
407
408
410
409
410
409
411
411
413
412
414
414
415
416
419
423
429
433
441
448
459
469
480
489
497
501
504
504
503
500
497
492
487
483
480
478
476
473
470
467
465
463
462
459
457
455
451
451
447
447
444
443
441
441
439
439
437
435
432
430
426
425
423
421
419
417
414
414
411
411
408
408
406
406
404
405
403
402
400
400
400
400
399
400
400
400
400
400
399
401
401
402
402
403
402
403
405
405
405
406
407
407
407
408
410
410
411
410
413
415
420
423
431
436
446
455
467
477
487
494
501
504
507
506
505
500
496
490
485
480
478
476
475
472
471
469
468
465
464
462
461
458
456
455
454
452
451
450
448
448
445
442
440
438
435
433
430
429
426
425
421
419
415
414
411
411
407
407
404
404
401
401
399
398
397
397
395
396
394
395
395
396
395
398
397
399
399
401
401
401
402
403
403
405
405
406
407
409
410
412
412
413
414
417
420
424
430
437
444
452
463
474
485
494
502
507
511
509
509
504
500
495
491
484
482
478
476
471
469
466
464
463
462
459
459
457
456
454
454
452
453
450
448
447
445
443
441
438
434
430
428
423
421
418
415
411
408
405
404
401
398
396
395
394
392
393
391
392
391
390
389
389
388
389
388
390
390
392
392
393
392
394
395
397
396
398
398
401
403
406
406
409
409
411
411
414
418
424
430
439
447
459
469
482
492
502
507
511
511
510
507
503
497
491
485
480
475
471
467
463
459
455
454
451
449
448
446
444
444
442
442
440
442
440
440
438
439
437
437
434
432
429
428
425
423
420
420
417
416
415
415
411
412
411
411
410
411
410
411
410
411
411
410
410
412
413
414
414
415
416
416
417
417
419
418
420
420
420
421
422
422
424
424
424
424
429
431
437
443
452
461
472
484
496
505
513
517
519
518
516
510
506
498
492
485
479
473
468
463
460
455
452
449
446
443
441
437
434
432
429
428
426
427
425
424
425
425
423
423
422
422
419
418
416
414
412
411
407
407
405
405
403
404
402
404
402
403
402
403
403
404
404
405
406
407
407
409
410
411
410
412
412
413
413
414
413
415
415
416
417
419
419
420
420
422
426
432
438
445
454
464
476
487
498
507
514
517
518
516
513
507
502
495
490
483
478
471
467
461
458
453
451
447
445
440
437
433
430
425
423
419
418
417
416
413
413
411
411
409
409
407
406
404
404
403
401
399
399
398
397
396
395
395
394
395
395
396
397
398
398
399
399
400
401
403
402
405
405
406
406
408
408
411
412
414
413
415
414
417
417
418
419
420
420
420
421
425
429
436
442
452
463
475
486
497
506
513
515
516
515
511
507
499
492
487
480
475
469
464
461
456
452
447
443
439
436
431
427
423
420
416
415
413
412
410
411
409
409
408
408
407
407
404
405
403
402
400
399
398
397
395
395
394
395
394
395
394
394
394
397
397
398
399
399
399
400
400
401
402
404
403
403
404
405
407
408
410
410
411
412
414
413
415
414
416
416
418
418
420
419
421
421
425
428
436
442
452
461
473
484
496
503
511
514
517
514
511
506
500
492
487
480
476
469
464
459
455
451
447
443
439
436
433
429
426
423
421
420
419
419
418
419
417
416
415
415
414
415
413
413
410
411
408
408
406
407
405
405
403
404
402
403
402
402
401
402
402
403
403
403
403
405
404
405
405
407
407
408
408
409
409
409
411
410
410
410
411
411
411
412
412
414
415
415
416
416
418
418
420
421
423
423
425
425
430
433
441
446
456
464
476
486
498
506
513
516
518
517
514
509
505
498
491
486
480
476
472
468
466
462
460
456
456
454
453
451
448
446
446
444
443
443
443
443
442
441
439
439
437
436
432
430
427
425
422
420
417
416
414
413
409
408
406
404
403
403
401
401
400
401
399
399
398
399
399
400
400
401
400
401
401
403
402
403
404
405
406
407
406
408
408
410
410
411
410
411
413
413
415
415
416
416
419
419
421
421
423
422
424
426
432
437
445
451
461
470
483
492
501
508
514
515
515
512
509
503
499
492
488
482
479
475
472
469
467
465
465
463
462
460
458
456
454
453
452
450
449
447
445
445
442
441
438
436
434
430
428
427
423
421
418
416
412
411
409
410
406
406
404
403
402
402
400
401
399
400
399
401
399
400
399
401
400
402
403
405
404
406
406
407
406
408
408
409
409
410
411
413
412
413
414
416
415
416
415
416
417
419
420
421
421
422
424
428
433
438
445
451
460
471
483
492
502
509
515
517
518
515
512
507
502
496
491
487
485
480
478
474
472
469
467
464
463
460
458
455
453
450
449
447
447
445
444
443
442
439
437
435
432
429
427
425
423
420
418
417
414
412
409
409
409
407
406
405
404
404
403
403
401
402
401
402
402
404
403
404
403
405
405
406
406
407
407
408
408
409
408
410
410
412
412
413
413
414
414
414
415
416
416
417
417
420
422
426
432
439
447
457
468
480
492
500
508
512
515
515
513
508
504
497
493
487
484
479
478
473
471
468
467
465
464
462
461
458
456
453
453
451
451
449
449
446
446
443
442
438
436
432
430
425
423
420
417
414
412
409
406
404
401
400
399
397
395
395
394
394
394
394
393
393
393
394
394
395
395
397
398
399
399
400
400
402
401
403
404
406
405
407
407
410
411
412
412
413
414
419
421
428
433
442
451
463
474
485
495
505
512
515
517
517
514
511
505
499
493
489
485
481
478
475
473
470
468
466
465
463
461
456
455
451
450
446
446
445
444
441
440
438
436
433
431
427
425
421
420
416
415
411
410
406
406
403
403
401
401
400
399
398
397
396
396
396
396
395
396
395
396
396
397
398
398
400
401
400
401
402
402
404
403
404
404
406
406
407
407
409
408
410
412
418
424
432
439
450
459
472
483
494
502
511
513
515
513
512
506
501
494
488
484
480
475
473
469
466
464
462
461
460
459
457
455
452
450
447
445
443
441
440
438
436
434
431
430
426
424
421
418
414
411
406
404
400
397
392
391
388
386
384
383
382
382
379
380
378
379
378
378
379
381
381
383
383
384
385
386
388
388
389
391
392
394
396
398
400
402
403
405
407
408
412
417
424
432
443
452
466
478
491
500
509
513
517
515
515
509
505
497
491
484
480
474
469
464
461
457
454
450
448
446
444
441
440
437
437
435
435
434
435
433
433
431
430
428
427
425
423
420
418
415
413
411
409
408
407
405
405
404
403
404
403
403
403
403
403
403
403
404
403
405
404
407
406
407
408
410
410
411
410
411
411
413
414
415
415
417
417
420
422
428
434
444
454
466
477
491
501
511
516
521
521
520
516
511
503
496
489
483
477
470
465
460
457
453
450
446
443
439
436
432
429
424
422
419
419
417
417
414
414
412
412
411
410
407
407
405
404
401
400
398
398
396
396
395
395
394
394
393
393
392
393
393
395
396
397
398
399
401
401
402
402
403
404
406
406
406
406
407
406
407
409
410
411
412
414
418
424
434
443
456
466
481
492
505
511
517
519
518
516
513
506
501
493
486
480
476
469
465
460
457
451
446
441
434
429
426
420
416
412
409
406
404
402
401
400
400
399
398
397
395
394
393
392
390
390
388
387
385
385
383
383
382
383
382
384
384
385
385
386
386
388
387
389
390
391
390
391
391
393
393
395
396
398
398
399
400
402
402
403
404
405
406
409
413
421
430
440
451
464
476
488
498
506
509
512
512
509
505
499
494
486
481
476
472
466
462
455
452
447
442
436
432
427
422
416
413
408
406
402
401
399
398
396
396
395
394
392
393
390
389
388
388
386
386
385
384
382
383
383
383
382
383
384
383
383
385
387
388
388
389
391
391
394
394
396
397
399
399
402
402
405
405
406
405
407
406
407
405
408
408
409
410
412
412
416
420
427
435
444
455
467
479
492
501
508
511
513
511
508
503
499
494
487
481
477
472
467
464
459
456
453
449
445
441
437
434
429
426
423
422
419
418
416
416
413
413
411
410
406
405
402
400
397
395
392
390
386
385
383
382
379
379
377
377
376
376
375
375
375
376
376
378
377
379
380
382
383
385
385
388
388
389
389
391
393
395
397
399
401
402
407
411
418
426
435
444
458
467
479
487
494
498
501
499
497
491
487
481
476
470
465
459
456
452
448
445
442
440
438
434
434
430
429
427
427
425
426
426
427
427
428
427
427
425
425
424
424
421
420
418
417
416
414
412
411
409
407
406
404
403
402
402
399
399
397
398
396
398
396
396
395
396
395
398
397
398
399
401
400
402
402
403
403
405
406
409
409
411
412
418
423
430
436
445
454
464
473
482
490
495
499
500
499
496
493
487
484
478
475
472
471
469
468
465
463
460
458
454
452
447
444
440
439
435
433
431
430
428
428
426
424
421
419
416
415
413
411
409
408
406
405
403
402
401
401
399
399
399
400
398
399
398
399
399
400
401
401
402
404
406
407
409
410
412
413
415
415
417
417
419
419
419
418
420
418
419
419
420
421
421
421
423
424
429
432
438
441
448
456
465
473
482
487
492
492
491
489
486
481
478
473
469
466
466
464
463
461
458
456
454
451
448
446
443
439
437
434
432
431
429
427
427
427
424
423
420
419
416
416
413
413
411
409
406
406
403
403
401
402
400
401
399
399
398
399
399
400
400
401
401
402
402
403
403
404
405
405
405
407
407
408
408
408
409
410
410
410
410
411
413
413
414
414
414
413
416
417
421
425
431
436
445
453
464
472
482
487
493
495
495
493
491
487
485
481
477
475
474
472
471
469
469
466
464
462
460
456
453
449
448
445
442
441
440
439
438
436
435
433
430
429
427
424
421
420
417
416
414
413
409
409
406
406
403
403
401
400
398
398
397
398
396
397
395
397
396
397
397
398
398
400
399
401
401
402
401
404
402
404
404
405
406
407
407
408
408
407
408
409
410
411
413
416
418
422
427
434
441
450
460
471
Loop stopped.