Output started
30000
801
822
824
822
820
817
813
811
809
806
804
800
796
794
792
790
786
784
781
779
775
774
771
769
767
766
765
763
760
758
756
755
753
753
753
752
751
750
748
749
749
748
749
748
750
749
749
748
749
748
748
748
748
747
748
748
748
747
748
749
750
751
752
753
753
754
754
754
756
757
757
757
757
757
758
758
760
760
761
761
762
764
768
774
780
787
796
803
809
815
820
823
827
829
831
831
831
830
829
827
825
823
821
819
816
814
812
810
808
805
803
800
797
796
793
793
793
791
789
787
785
783
781
780
776
776
774
774
770
768
766
765
763
762
760
761
760
759
758
757
756
755
753
755
754
755
754
753
753
753
754
755
754
754
755
754
754
754
754
754
755
754
756
756
756
756
755
754
755
757
756
757
759
759
759
759
760
761
762
760
762
760
763
762
765
766
770
773
781
786
793
799
806
811
817
822
824
826
828
829
827
826
825
824
823
822
820
818
815
813
811
810
807
805
802
800
797
796
793
793
793
793
789
788
787
786
783
782
782
780
777
775
772
772
769
770
767
766
763
762
760
760
759
757
756
756
755
755
753
753
752
752
754
753
754
754
755
755
756
755
756
755
756
755
755
753
754
752
753
754
755
755
756
756
759
760
762
763
763
764
764
765
764
764
765
766
765
764
765
764
767
769
774
781
789
795
802
809
815
821
825
828
830
831
830
830
828
827
827
826
824
822
821
818
817
815
813
811
809
807
803
801
798
796
794
793
791
791
789
788
787
785
783
781
779
776
775
773
772
770
768
767
763
762
760
759
757
757
755
755
753
752
751
750
749
749
749
748
747
748
748
748
748
749
748
748
748
750
750
750
750
751
752
752
752
752
753
754
753
754
755
755
757
756
757
759
760
759
761
763
763
764
764
763
764
762
765
766
771
776
784
791
799
806
813
818
821
825
828
828
831
831
832
829
829
828
827
826
824
822
820
819
817
815
812
809
805
803
800
798
794
793
791
789
788
787
785
784
782
782
781
779
776
774
772
770
767
766
763
762
760
759
757
756
754
753
751
751
749
750
749
748
747
747
746
747
747
748
750
749
749
750
749
751
750
749
751
751
752
752
752
751
752
751
752
752
753
754
756
755
756
756
757
757
759
761
762
762
762
762
761
762
762
763
763
763
766
767
772
779
787
793
801
807
814
819
823
826
829
830
831
832
831
831
830
830
828
828
825
825
822
820
818
816
812
810
806
805
802
801
797
796
794
794
790
790
788
787
785
784
784
781
779
776
774
773
771
770
769
768
765
765
762
760
757
757
755
755
755
753
753
752
752
752
753
752
751
750
749
748
748
749
751
752
753
754
754
754
755
755
755
755
756
756
758
758
757
757
758
759
759
759
760
761
762
762
762
762
762
763
763
762
762
761
762
761
763
763
764
765
770
775
782
790
798
806
814
818
823
826
828
830
831
831
831
831
831
830
828
827
825
823
822
821
819
818
814
813
809
807
804
802
801
799
798
796
795
794
793
792
790
788
787
785
782
780
776
776
775
775
772
772
769
769
767
767
765
763
762
761
761
761
759
760
759
758
757
756
755
755
755
754
754
755
755
755
755
753
753
754
755
753
755
755
756
754
755
754
755
754
755
758
759
759
760
760
760
761
761
763
764
761
764
762
763
762
764
763
765
764
766
769
773
778
784
791
799
806
813
819
824
827
828
829
829
829
830
830
828
828
826
825
820
818
815
813
809
809
805
803
799
797
793
792
790
790
789
788
787
785
784
781
780
780
776
775
773
773
771
771
768
768
767
766
764
763
762
762
763
764
766
768
770
772
772
773
771
771
771
769
768
766
765
765
765
764
764
764
765
762
763
760
760
760
759
758
758
756
756
756
756
756
755
756
756
757
757
757
757
756
756
755
754
754
755
756
757
759
761
764
769
776
781
788
795
803
810
816
820
824
826
826
827
826
824
822
822
821
819
818
818
815
814
813
812
811
808
804
802
800
798
796
795
792
790
788
785
784
783
781
779
778
776
775
772
772
771
771
768
766
764
763
762
762
761
760
758
758
757
756
757
757
757
757
757
757
757
757
756
756
755
755
753
753
752
752
752
752
753
752
752
752
752
753
755
756
758
760
760
760
760
760
760
760
761
759
760
758
758
757
759
761
762
762
765
767
773
779
785
791
800
808
816
822
828
831
833
834
834
833
833
831
829
827
826
824
822
821
820
820
817
818
815
814
811
808
803
802
800
799
799
797
795
793
790
787
785
784
781
779
775
775
772
772
770
768
764
763
762
761
759
758
756
755
755
755
753
752
751
750
751
751
750
750
751
752
752
751
751
750
750
749
749
749
750
748
747
748
749
749
751
751
751
751
752
753
753
755
756
757
758
759
759
758
759
758
758
757
758
758
761
762
764
767
772
778
785
792
799
807
812
818
821
825
827
829
831
831
829
828
828
828
826
827
824
823
820
818
816
815
813
812
809
806
803
801
797
796
794
792
791
787
786
783
782
779
778
776
774
772
770
769
767
766
763
762
760
758
756
755
754
753
751
749
748
748
748
748
748
747
748
748
748
747
748
748
748
747
748
748
749
749
749
749
749
750
750
752
752
753
753
753
754
755
756
758
757
759
759
760
760
760
760
760
760
759
760
761
761
761
762
762
764
765
768
771
778
785
793
799
807
812
817
821
824
827
830
831
832
832
833
834
834
835
835
833
832
831
831
829
827
826
822
821
818
816
813
810
809
805
802
800
798
796
793
791
788
787
783
781
777
776
773
774
771
771
769
769
766
764
762
762
761
759
758
757
756
755
754
754
754
753
753
752
751
751
753
752
754
752
752
751
751
750
750
750
751
750
751
749
750
751
752
752
753
753
754
755
755
755
754
754
756
755
757
757
759
759
760
759
761
760
761
761
761
762
763
766
770
776
782
788
794
800
805
811
814
818
819
821
821
822
822
824
823
825
825
825
822
822
820
819
817
817
814
813
812
809
806
804
802
801
800
798
795
795
793
792
790
790
786
785
782
781
780
780
778
775
774
772
771
769
769
767
768
767
765
763
762
761
759
759
759
759
759
758
760
759
758
758
759
759
759
760
761
760
759
759
759
760
759
760
759
759
758
758
758
758
759
759
759
758
760
760
761
761
762
762
764
765
765
767
767
768
767
768
768
769
770
771
773
776
779
785
790
796
800
806
811
814
815
817
818
820
821
821
822
821
821
821
821
820
819
819
818
817
816
815
813
812
811
810
807
807
804
804
803
804
802
802
799
798
795
794
791
789
788
788
786
785
784
783
781
781
779
778
777
777
775
774
773
773
773
772
771
771
770
768
767
767
766
766
767
765
765
764
765
764
765
765
765
764
764
764
764
763
764
763
763
763
764
763
765
765
766
766
767
767
769
770
770
771
771
770
771
771
771
772
772
772
773
776
777
781
785
790
794
799
804
809
811
815
816
819
820
821
820
821
820
820
819
819
819
820
818
819
818
817
815
813
809
809
806
806
803
804
802
802
800
800
798
797
795
794
792
789
787
787
786
785
784
783
782
780
779
777
777
776
776
775
775
775
775
773
772
771
772
771
771
771
772
769
770
769
770
772
772
771
770
769
770
769
769
769
769
768
770
769
770
769
770
771
772
772
773
772
772
772
773
773
773
772
773
773
773
774
775
775
775
776
776
780
784
789
794
800
804
810
814
819
820
823
824
824
824
824
824
825
824
824
826
824
824
822
821
820
818
817
815
815
812
811
809
808
806
806
804
803
802
800
799
797
795
794
793
792
792
790
788
786
785
785
782
781
779
778
777
776
774
773
771
770
770
769
769
769
769
768
768
768
768
768
768
768
767
770
769
769
769
769
768
768
768
766
768
767
768
768
768
768
769
768
770
769
770
770
771
770
771
771
772
771
772
772
772
773
775
777
780
785
790
796
802
808
814
820
824
826
828
831
831
833
831
832
832
831
830
830
830
829
829
828
826
825
823
822
819
816
811
809
806
806
802
802
799
798
795
793
792
790
787
785
784
782
780
779
776
774
773
772
771
770
769
767
765
765
764
763
763
762
761
760
759
758
759
757
758
757
758
756
757
757
757
757
758
757
756
756
756
756
756
754
755
754
755
754
754
755
757
757
759
757
758
757
757
757
757
758
758
758
759
759
760
763
767
773
780
787
794
803
810
816
821
827
831
834
835
837
837
837
834
834
832
831
830
830
828
828
826
824
822
820
817
813
810
807
801
800
797
794
792
790
787
784
782
780
777
775
774
772
770
769
768
765
762
760
759
756
755
753
753
750
749
748
747
747
746
745
745
746
746
746
745
745
745
746
747
747
747
746
747
747
746
747
746
746
746
747
748
746
747
748
749
750
751
752
753
752
753
753
754
752
753
753
754
755
756
756
757
757
760
762
766
773
779
787
795
802
810
815
819
822
825
827
829
830
829
828
827
826
824
824
822
820
817
817
817
816
814
811
808
806
803
801
796
794
789
789
786
785
783
782
778
777
775
774
771
770
768
767
765
764
763
761
759
758
757
756
755
754
753
752
752
750
749
748
748
748
747
746
746
745
746
745
746
745
745
743
744
745
746
746
747
745
746
745
746
746
746
745
747
747
750
750
751
752
752
752
754
755
755
755
756
756
758
756
757
758
759
760
762
766
771
778
784
793
800
808
813
818
821
824
825
827
827
827
826
827
825
826
823
823
821
820
819
817
814
812
810
808
805
802
798
796
794
794
790
789
787
787
784
783
781
779
777
775
774
772
772
771
770
769
767
765
764
762
761
759
759
757
757
756
756
756
755
754
754
754
754
753
755
754
754
753
754
753
754
755
756
756
757
758
757
757
756
755
755
754
757
757
758
757
758
757
757
756
757
757
758
759
759
759
759
760
761
761
762
764
765
766
767
770
773
779
784
791
798
804
809
814
817
820
822
824
825
825
824
824
823
823
822
821
822
820
817
815
813
811
809
808
804
803
800
799
796
796
795
796
794
793
792
790
789
788
787
786
784
782
781
781
779
778
776
775
773
773
772
771
771
770
769
768
767
767
766
764
765
764
764
763
763
763
763
763
765
765
764
763
763
764
763
762
762
762
762
760
762
761
762
761
763
763
763
763
764
763
765
765
767
766
766
766
767
768
768
768
769
769
770
771
773
776
781
786
792
798
804
810
816
820
822
824
824
826
827
827
826
827
825
826
825
823
823
822
820
818
817
816
813
813
809
808
804
803
801
801
799
799
797
796
793
792
791
790
788
788
787
786
784
782
781
779
776
776
774
772
772
770
770
768
767
766
766
765
766
764
766
765
765
764
764
763
765
764
765
765
765
764
764
764
765
766
765
764
765
764
765
765
766
765
765
765
766
767
767
768
769
770
770
771
772
772
773
774
773
774
774
776
776
779
783
789
794
800
805
811
815
818
819
822
822
825
825
826
826
825
824
823
823
822
821
818
818
816
814
813
811
810
807
807
805
803
802
802
801
800
799
797
795
794
793
792
790
788
786
784
783
782
781
780
779
778
777
775
775
773
772
770
770
769
769
768
768
767
767
767
766
766
767
767
767
769
768
768
769
768
768
767
766
766
765
764
766
764
767
766
767
766
767
768
769
769
769
769
769
769
769
769
769
768
769
771
772
773
775
778
783
789
795
802
807
813
818
821
822
823
824
825
824
824
822
821
820
820
818
817
817
818
818
817
815
813
810
809
806
806
803
803
802
802
800
799
796
795
792
791
790
789
788
786
784
783
780
780
779
777
775
775
773
772
771
771
770
769
769
768
768
767
767
766
766
766
766
765
765
765
765
764
765
767
768
767
767
767
767
767
766
767
766
764
765
765
766
766
768
767
768
769
770
769
768
768
769
769
771
771
773
776
780
785
790
796
801
807
812
816
817
819
820
822
821
822
820
820
819
819
818
818
815
815
814
814
812
812
811
809
807
803
803
803
801
799
797
796
792
793
789
789
786
784
783
783
782
782
781
779
777
775
775
772
771
770
769
769
768
767
767
766
766
764
763
762
763
763
764
762
762
762
763
762
762
762
762
761
761
760
761
762
763
764
763
763
762
763
763
763
764
764
763
763
764
764
765
764
764
765
766
767
768
769
773
777
784
788
794
799
804
808
812
813
815
817
817
816
816
815
814
814
813
812
811
811
810
809
807
806
804
803
800
800
798
797
797
797
797
795
793
791
790
788
785
786
784
784
783
783
782
781
779
779
776
775
774
774
773
773
772
771
769
769
769
768
767
767
766
766
765
765
765
766
767
767
768
767
767
767
767
766
767
767
768
768
768
768
769
770
771
772
772
772
772
773
772
773
773
771
772
770
772
772
775
775
778
780
784
788
795
798
803
806
809
812
814
815
814
814
814
813
812
812
813
812
811
811
811
811
809
808
806
806
803
802
801
800
798
799
797
795
793
794
793
793
792
791
789
788
787
787
785
785
783
784
781
782
780
780
778
778
777
777
776
776
775
775
774
773
773
773
773
772
773
773
773
774
774
773
773
773
774
772
772
772
773
772
774
774
775
774
775
775
776
776
777
777
777
776
775
775
775
776
777
777
778
779
780
781
784
787
793
798
802
806
809
812
813
814
815
816
817
817
816
817
817
818
816
816
815
814
814
814
813
812
810
809
806
804
802
802
801
Loop stopped.
