Output started
30000
524
526
525
526
525
526
526
526
527
527
526
528
527
528
529
529
528
529
530
530
531
531
531
531
532
532
533
534
534
534
535
534
535
536
536
535
538
541
546
552
560
567
579
586
596
601
608
612
614
615
616
613
611
606
603
598
595
591
589
584
581
577
574
572
569
567
565
564
562
560
558
558
558
558
558
559
558
558
556
555
552
552
550
549
546
545
542
541
538
536
532
533
531
530
527
527
526
525
524
523
521
521
521
521
521
520
521
521
522
522
522
522
520
520
520
520
521
521
521
521
521
521
522
522
523
524
525
526
529
532
537
543
552
559
568
577
585
591
597
600
603
603
603
601
597
594
591
586
582
578
575
572
569
564
561
558
555
553
553
550
550
550
549
549
549
550
550
550
550
551
551
550
550
549
547
546
545
544
543
542
541
539
538
538
536
536
534
534
533
532
532
532
530
531
529
530
529
529
528
530
528
529
527
528
527
528
528
529
530
532
530
531
531
531
531
533
533
535
533
535
538
542
546
554
562
570
578
588
596
603
608
611
612
612
610
607
603
598
595
588
585
581
577
571
568
564
563
559
557
554
551
550
550
548
549
549
550
550
552
552
554
553
553
552
551
550
549
548
548
545
544
543
541
539
538
537
536
536
533
532
531
530
530
531
530
530
530
530
530
531
529
530
530
531
531
532
532
533
532
534
535
535
536
536
536
536
536
536
536
537
537
539
541
545
549
556
563
571
579
587
594
601
606
610
612
613
611
609
606
601
594
589
585
581
577
574
569
565
562
559
556
554
552
550
549
549
549
549
549
549
550
550
550
550
549
550
549
548
547
545
544
543
542
540
540
539
539
536
537
535
536
535
535
533
534
533
535
534
536
534
536
535
536
536
538
538
538
538
540
542
542
542
544
544
544
545
547
546
547
548
547
547
546
549
549
554
560
567
575
584
590
599
605
610
613
617
616
614
612
608
603
599
592
588
582
578
572
568
563
559
554
552
549
548
547
546
546
545
546
546
547
546
547
546
547
547
546
545
545
543
542
540
539
537
538
535
536
535
535
533
532
531
531
531
531
531
532
532
532
532
534
534
535
535
535
536
537
537
537
538
540
540
541
541
540
541
541
542
542
544
543
543
542
543
544
547
552
559
567
575
584
593
600
605
611
614
615
615
613
611
606
601
595
590
585
580
576
571
566
564
559
557
553
550
548
546
545
545
544
545
544
544
543
545
545
545
545
545
544
543
541
541
539
538
536
536
534
533
531
531
530
529
529
528
528
527
525
526
525
526
525
525
526
525
527
527
528
528
530
530
532
532
534
533
534
534
534
535
537
536
537
537
538
538
540
541
545
549
558
566
577
586
594
601
609
612
616
617
616
614
609
605
600
594
589
584
581
576
573
569
565
562
558
554
550
548
544
542
540
539
538
537
536
537
536
537
535
535
533
532
530
530
528
527
525
524
522
520
518
518
517
517
517
517
517
518
517
519
519
520
520
520
520
522
522
522
523
523
524
526
526
526
527
527
528
528
528
528
529
529
530
531
531
530
532
533
537
544
552
561
572
580
590
599
606
611
615
615
615
612
608
604
599
594
588
583
579
573
570
566
561
556
552
548
545
542
539
537
535
534
534
532
532
531
531
531
531
530
529
528
527
526
523
522
520
518
517
517
514
515
513
512
512
511
511
511
510
511
511
511
512
514
514
516
516
518
518
521
521
523
522
523
523
524
525
527
526
527
527
528
528
528
529
529
530
529
530
533
540
546
555
565
575
585
595
603
612
615
619
618
617
614
609
602
598
591
587
581
577
571
567
562
558
553
550
544
542
539
538
535
534
531
532
531
531
530
531
529
530
529
528
527
526
524
523
521
519
518
515
515
514
513
513
511
511
511
510
511
511
511
511
512
512
513
513
516
516
516
518
520
520
521
522
523
524
524
524
525
525
526
526
527
526
527
527
528
528
529
529
530
532
534
539
548
557
567
579
590
600
608
616
621
624
623
622
619
615
610
604
598
592
586
581
575
571
565
560
555
552
547
544
541
539
537
536
535
535
534
534
533
532
532
532
530
530
527
526
524
523
521
520
516
516
514
513
511
511
509
510
509
509
509
510
510
510
510
512
512
512
513
515
516
516
518
518
519
521
522
523
523
523
525
526
527
527
528
528
530
530
531
530
531
531
532
531
533
536
540
548
558
568
579
589
601
610
619
625
630
631
631
628
624
617
612
607
600
595
588
583
576
571
566
561
556
552
548
545
541
540
537
537
535
534
533
533
532
532
531
530
528
528
526
524
522
521
518
516
514
514
511
511
509
510
509
508
508
508
508
509
509
510
510
510
511
513
514
515
516
516
517
518
520
522
523
524
525
526
527
527
529
530
530
530
531
531
532
532
532
532
534
533
534
536
540
545
553
561
573
584
596
606
616
623
629
631
632
631
629
625
619
612
606
599
593
587
582
576
571
564
559
554
551
547
543
541
539
537
536
534
534
535
534
533
533
532
531
530
530
529
527
526
523
522
520
519
517
516
515
514
512
512
512
512
511
511
510
511
511
511
511
513
513
515
515
516
517
520
520
522
523
524
524
526
526
528
528
529
528
530
531
530
532
532
532
532
534
533
535
535
535
536
538
541
549
558
569
581
593
603
615
623
630
633
636
634
633
628
624
617
610
604
599
591
586
579
574
567
563
557
553
548
546
542
540
537
537
535
535
535
535
535
534
533
531
529
528
526
525
524
522
521
518
517
513
512
511
510
508
508
507
507
506
506
505
506
506
507
508
509
510
511
512
513
514
515
516
518
520
521
521
522
523
524
524
526
527
527
527
528
529
530
530
532
532
533
533
534
535
535
536
536
539
543
549
558
569
581
593
604
615
623
631
635
637
637
636
631
627
620
613
606
600
593
587
581
575
569
565
559
555
551
547
544
541
540
539
536
537
536
536
534
534
533
533
532
531
528
529
527
526
525
522
520
519
516
515
515
513
513
511
512
509
509
510
510
510
510
510
512
512
512
513
514
514
515
516
518
518
520
521
523
523
524
525
526
525
527
527
528
528
530
529
530
529
530
531
533
532
533
534
535
537
543
550
559
570
583
593
605
615
624
631
636
639
638
636
632
626
620
613
607
601
593
588
581
576
569
565
558
555
551
548
545
543
541
539
538
537
535
536
535
535
534
533
532
531
530
529
527
527
524
522
519
518
517
516
516
515
514
513
511
510
511
509
510
511
512
513
513
515
515
516
517
517
519
519
522
522
523
525
525
526
527
527
528
529
530
530
531
531
532
532
533
532
533
533
534
534
535
536
537
538
542
549
558
568
579
591
603
613
622
629
635
637
638
636
633
628
621
615
608
601
595
588
583
576
569
565
559
556
551
548
546
543
541
540
539
538
537
538
536
538
537
537
535
534
532
531
529
528
525
525
521
521
518
518
515
515
513
513
511
513
511
511
510
510
511
511
511
512
513
514
515
516
517
518
518
519
521
522
523
523
524
524
525
525
526
526
527
527
528
528
529
529
530
530
530
531
532
533
534
535
541
546
556
566
579
589
601
612
622
629
634
636
637
635
631
627
622
616
608
602
595
589
583
578
572
566
561
558
554
552
547
545
542
541
540
540
539
539
539
539
538
538
537
536
534
533
532
530
528
527
524
523
520
519
517
516
515
515
513
513
512
512
511
511
512
512
512
513
512
512
514
514
515
517
517
518
520
520
522
522
522
523
524
524
525
525
525
526
526
525
526
526
527
527
528
528
529
529
530
533
538
546
556
567
578
589
602
612
622
628
634
636
637
634
631
625
619
613
607
599
594
586
581
575
569
563
559
554
551
547
544
542
540
539
538
537
538
538
537
537
536
536
535
534
532
531
529
527
524
523
521
520
518
518
515
514
513
512
511
510
510
511
509
509
509
511
510
513
513
514
514
516
516
518
518
520
521
522
523
524
525
526
527
528
529
530
530
531
531
531
532
532
533
533
535
534
535
538
544
552
563
574
586
597
607
616
623
628
631
631
631
628
623
616
611
603
597
590
583
577
571
564
559
554
551
547
544
541
540
538
538
537
537
538
537
538
538
538
537
536
534
532
530
528
527
524
522
520
517
516
513
512
511
510
508
509
507
507
506
507
507
507
507
508
509
510
512
512
513
515
516
517
518
520
520
523
522
523
523
524
524
525
525
526
526
527
527
527
528
528
528
529
530
534
539
547
557
570
582
594
606
616
624
630
635
635
634
631
626
619
612
604
598
591
586
579
574
568
564
558
554
549
545
540
538
536
533
531
531
530
530
528
528
527
527
525
524
522
522
520
518
516
512
510
508
506
504
503
502
501
501
500
499
499
499
500
500
500
500
501
501
502
501
504
503
505
505
507
507
509
509
511
511
512
513
514
515
516
515
517
518
519
519
519
520
521
521
523
524
530
537
546
558
571
585
598
610
619
627
632
634
634
632
627
622
616
609
602
596
588
583
576
571
565
559
553
548
542
538
534
530
527
524
522
521
518
518
517
517
515
516
514
513
511
510
507
506
503
501
499
499
496
495
494
493
492
492
492
492
494
493
493
495
495
496
496
497
498
498
500
501
502
503
505
506
506
507
508
508
509
510
512
511
512
513
514
515
516
516
518
518
519
519
522
524
530
540
551
563
577
591
605
615
626
632
637
638
638
633
629
623
617
610
604
597
591
585
579
573
569
563
557
551
547
542
538
535
531
529
526
524
522
522
521
521
519
518
516
515
511
511
509
507
504
503
500
499
497
496
494
495
494
494
493
493
492
494
494
495
495
496
497
498
499
501
501
503
504
506
507
508
509
510
511
512
513
515
516
517
519
519
520
519
521
520
521
522
523
524
526
528
534
541
551
561
576
588
602
613
624
632
638
641
642
640
637
632
627
620
613
606
601
594
588
582
576
569
563
559
554
548
545
541
537
535
533
532
531
530
530
530
529
528
527
526
525
524
521
520
518
518
516
515
512
511
510
509
508
508
506
506
505
505
505
505
504
504
504
504
503
504
504
504
504
505
506
507
507
508
507
508
509
509
510
510
511
511
512
512
512
512
513
513
513
514
515
519
524
532
543
554
568
581
595
607
618
625
631
633
634
631
628
622
616
608
601
594
587
581
577
570
565
558
553
547
545
540
535
532
530
528
527
526
527
526
526
525
525
523
523
522
521
520
518
517
515
513
511
510
509
508
506
506
505
505
504
505
504
505
505
506
506
507
509
509
510
511
512
514
514
516
517
518
519
521
521
523
523
524
524
525
524
525
526
527
527
528
527
528
530
535
543
554
567
579
592
605
617
625
632
636
637
637
635
630
624
615
608
602
595
588
582
575
568
562
556
549
545
541
538
535
533
531
530
528
528
527
526
525
524
523
522
519
518
515
512
509
508
505
505
503
502
500
500
499
498
498
498
498
499
500
501
501
502
502
504
505
506
508
508
509
510
512
512
513
514
515
515
517
517
518
519
521
521
522
522
523
523
524
524
525
528
535
543
556
568
583
596
609
620
629
634
638
638
637
633
628
623
616
609
603
596
590
584
577
570
565
558
552
546
541
536
531
529
525
524
522
521
520
519
517
517
515
514
512
510
507
504
501
500
497
495
493
492
490
490
489
489
488
489
488
489
490
491
490
493
492
495
495
496
497
499
500
501
503
503
505
505
507
509
510
510
512
512
513
514
515
515
516
516
517
519
525
531
542
553
568
581
597
609
621
630
635
638
640
638
635
629
625
618
612
605
599
593
587
581
575
567
559
552
546
540
534
530
525
521
519
517
516
515
514
511
511
509
507
505
502
500
497
494
491
489
486
485
482
482
480
480
479
479
479
480
480
481
482
483
483
485
487
489
489
491
492
494
494
496
497
498
500
502
503
505
505
506
506
506
507
508
510
511
511
513
514
518
525
534
546
559
574
588
601
614
623
631
635
639
638
635
631
626
621
614
608
602
596
589
584
576
569
562
555
546
541
536
530
525
520
516
515
512
510
508
507
504
502
500
499
496
494
492
491
487
486
483
482
480
480
479
479
479
479
479
480
480
481
482
483
483
484
487
488
490
491
492
494
496
497
499
500
502
503
504
504
507
507
508
510
510
510
510
509
512
512
514
516
520
525
534
547
561
574
588
600
613
623
632
637
640
641
639
634
631
626
620
614
608
602
595
588
580
572
565
558
549
543
536
531
526
522
519
517
514
514
511
510
508
508
504
502
500
499
496
494
492
491
489
487
484
484
483
482
483
483
484
484
484
486
486
488
488
490
492
494
496
498
500
501
503
506
507
509
509
510
510
511
512
513
513
513
513
514
515
513
514
514
515
515
517
517
520
522
529
538
550
562
576
588
601
612
620
626
631
633
633
630
628
623
619
613
607
601
595
587
581
574
567
560
554
549
542
537
535
531
528
527
526
525
525
524
524
523
522
521
519
519
517
515
513
513
511
509
507
506
504
502
501
501
499
500
499
499
498
499
498
499
499
499
498
498
497
498
498
499
498
499
499
500
500
500
500
502
502
502
503
502
502
503
503
503
503
504
505
506
508
511
514
520
529
540
553
565
578
588
599
607
614
617
620
620
620
617
614
609
605
600
596
590
585
579
573
566
560
554
550
545
542
538
537
534
534
532
533
532
531
531
531
529
Loop stopped.
