Output started
30000
482
476
475
476
480
483
488
492
499
504
510
514
518
521
524
525
526
527
525
526
524
522
520
517
515
513
511
509
506
505
502
501
500
498
496
494
492
493
492
493
491
491
489
488
486
486
486
486
485
486
485
485
482
483
480
479
477
476
474
474
472
472
471
471
470
470
470
470
469
468
469
469
470
471
471
471
472
473
474
473
475
473
473
472
473
474
475
473
474
474
477
478
481
482
486
490
495
499
504
508
514
519
525
528
532
532
532
531
530
528
528
526
525
524
523
522
518
516
515
512
509
508
505
503
500
499
498
496
495
494
492
491
489
489
487
488
487
488
486
485
482
482
480
481
479
479
478
477
476
476
475
474
473
472
471
470
470
470
469
469
469
469
467
468
468
468
468
468
467
469
469
469
469
469
470
470
470
471
473
474
474
475
474
474
477
479
484
487
491
495
500
504
510
513
519
524
528
529
530
529
529
526
526
525
525
523
523
520
520
515
516
514
512
510
509
505
503
500
499
496
495
492
493
492
493
492
491
490
489
488
487
486
485
484
482
481
479
478
476
476
475
475
474
473
471
470
468
469
467
468
466
467
465
466
465
466
466
468
467
468
468
468
468
468
469
470
470
471
471
471
471
472
471
472
471
473
471
471
470
472
475
479
483
487
493
498
504
509
514
518
522
526
526
527
527
525
524
522
521
519
519
517
515
512
510
508
507
505
503
500
498
496
496
494
495
493
494
494
494
493
494
493
492
492
492
490
490
488
488
486
484
482
482
480
479
478
477
475
474
474
474
474
473
472
471
470
468
469
468
469
469
468
467
467
466
465
464
466
465
468
467
467
466
466
467
468
467
468
468
470
469
470
470
471
472
477
480
483
486
493
497
503
506
512
514
518
519
521
521
522
521
519
517
514
512
510
508
507
505
502
501
498
497
496
496
495
494
492
491
489
489
489
489
488
489
488
489
488
488
488
487
485
487
485
486
484
484
482
482
480
481
480
480
479
478
478
478
479
479
478
479
478
478
478
478
478
478
478
479
478
479
479
479
479
478
478
478
478
478
480
481
482
481
481
481
484
485
490
492
497
501
506
510
515
518
521
523
524
524
526
525
525
524
524
522
521
519
517
514
513
509
508
506
506
504
503
501
500
498
497
496
494
494
493
491
491
491
491
491
491
491
490
489
489
487
485
486
485
483
482
482
480
481
479
479
478
479
478
478
478
479
478
479
479
480
479
479
478
478
476
478
478
480
480
482
482
483
482
482
482
483
482
483
483
484
485
488
490
493
496
501
506
510
514
517
521
522
525
527
527
526
526
524
523
521
521
519
516
514
513
509
509
506
505
503
502
500
499
496
496
494
494
493
493
492
492
492
493
491
490
489
489
487
486
484
485
483
483
482
481
480
478
479
479
478
477
478
478
478
476
477
477
478
478
479
477
477
477
478
476
477
477
478
477
477
476
478
478
480
479
481
480
482
482
485
487
490
494
499
504
508
512
516
519
522
524
526
526
525
524
524
521
520
517
515
513
511
509
507
506
503
501
499
497
495
493
491
490
489
489
487
487
486
486
487
487
486
486
484
483
482
481
481
482
481
481
479
479
477
477
475
476
476
476
476
476
475
475
474
475
474
475
474
475
474
475
473
475
475
476
476
477
478
477
477
477
477
478
478
478
479
480
480
481
483
486
490
493
497
501
506
511
516
518
522
523
526
525
526
524
523
521
519
517
515
514
512
509
508
506
507
504
503
499
498
496
495
492
492
492
493
492
491
491
491
491
491
490
489
489
487
487
486
486
485
484
484
483
481
481
480
480
479
480
479
479
478
478
478
479
478
478
478
478
478
480
480
479
479
479
479
480
479
481
480
480
479
480
480
481
481
481
482
483
484
484
484
485
488
491
496
499
504
508
513
517
520
523
527
527
529
530
529
528
527
525
524
520
521
518
517
515
513
511
510
507
506
503
503
501
500
498
498
496
496
495
495
494
496
495
494
493
494
493
492
490
489
487
487
484
485
483
483
482
481
480
481
480
480
479
479
478
478
478
477
478
476
477
477
478
477
478
477
477
476
477
477
478
477
478
478
478
477
479
477
479
479
481
481
481
481
483
483
486
488
492
495
500
504
509
513
518
522
526
526
528
527
526
525
524
522
522
520
519
517
515
512
511
509
508
508
507
507
505
503
501
500
498
498
496
498
498
498
497
498
496
496
494
494
493
492
491
490
488
488
486
486
485
485
483
482
481
481
480
480
479
478
477
478
477
477
475
475
476
477
475
475
476
475
474
474
474
475
475
476
476
476
476
476
476
476
478
478
479
478
479
479
481
482
486
488
492
496
501
504
511
515
518
520
524
524
525
525
524
523
522
520
518
516
516
513
512
510
510
508
506
505
505
502
502
500
499
499
499
499
499
500
499
500
499
499
499
498
497
497
496
497
495
494
492
490
488
487
485
485
483
484
482
482
480
480
478
478
477
478
476
476
476
476
475
476
476
476
475
476
475
476
476
478
477
478
477
479
477
477
477
478
478
478
478
480
480
481
484
486
489
492
496
500
505
509
512
515
519
520
523
523
523
521
521
518
518
515
514
512
510
509
508
506
505
504
503
502
501
499
499
497
497
498
498
497
497
497
496
496
497
497
496
495
493
492
491
490
488
489
488
488
488
488
487
487
485
485
484
483
481
480
478
478
477
477
475
476
475
476
475
475
475
476
476
477
476
477
476
477
476
478
478
479
479
480
480
481
480
481
482
485
487
492
495
499
503
508
512
516
519
521
523
523
523
522
521
520
518
517
516
514
511
509
508
505
504
502
502
498
498
496
497
496
495
495
495
495
496
494
496
496
496
496
496
494
496
494
493
491
491
490
490
489
490
488
488
487
486
485
485
484
484
483
483
484
484
483
483
483
484
483
484
484
485
485
485
486
486
485
485
487
486
489
488
488
487
487
487
490
492
496
497
502
506
512
515
520
523
526
527
528
529
529
527
527
523
523
520
519
518
516
513
513
511
510
507
506
505
503
501
499
497
496
495
493
494
494
494
494
495
494
493
492
493
491
491
490
490
488
488
486
486
484
484
484
483
483
482
481
482
481
481
481
482
480
482
481
482
483
484
482
483
482
482
482
484
484
485
485
487
487
487
487
487
487
488
491
494
498
501
506
511
516
520
524
528
531
532
533
532
533
530
528
524
523
519
518
515
514
511
509
507
505
503
502
498
498
495
494
493
493
491
490
489
490
488
489
488
489
487
487
486
486
485
484
483
482
482
481
480
479
479
479
479
478
478
477
478
477
477
476
477
474
476
477
478
478
478
477
479
479
480
479
480
480
481
481
483
482
483
482
483
483
486
489
492
495
499
504
510
514
519
521
525
527
529
529
529
527
525
523
522
521
518
516
515
513
511
509
506
505
504
503
500
499
496
495
493
493
491
491
490
491
489
489
488
487
485
486
484
485
483
482
481
480
479
478
477
478
476
476
474
475
475
475
475
475
474
475
475
477
476
476
475
476
476
477
478
478
478
477
478
478
478
478
479
480
480
479
479
479
481
483
487
491
496
501
506
510
515
519
523
526
529
528
529
528
528
526
525
522
520
518
517
514
512
510
510
507
506
503
501
498
497
495
495
493
494
492
493
491
491
490
489
488
486
485
483
482
481
481
480
479
478
478
477
476
474
474
473
474
472
473
471
472
471
472
471
472
471
472
472
472
472
473
473
475
475
475
474
475
475
475
475
477
477
479
479
479
478
477
479
481
485
489
493
497
502
507
513
518
522
526
526
528
530
530
528
526
525
521
518
515
515
513
512
510
507
504
502
498
497
495
493
492
490
488
487
486
487
485
487
487
487
486
485
484
485
484
484
482
481
478
477
477
477
475
476
475
475
475
474
473
473
473
473
473
474
474
474
474
475
475
475
475
475
476
476
477
475
477
476
477
476
478
477
478
478
479
480
481
481
482
481
481
481
483
484
487
490
494
497
502
508
513
517
523
524
527
527
529
529
529
527
525
523
520
519
516
514
511
510
509
508
506
504
502
500
498
496
494
494
493
493
491
493
491
490
490
490
489
490
489
488
486
485
485
484
482
482
481
482
480
480
479
479
477
478
478
479
478
478
477
479
477
478
477
477
477
477
478
479
479
480
480
481
481
480
481
481
483
481
482
480
480
480
481
480
481
481
482
482
483
482
484
485
487
490
495
497
504
508
514
518
524
526
530
531
533
532
532
530
529
527
526
524
522
521
519
516
514
511
511
509
507
506
505
502
500
497
496
495
495
496
496
495
494
495
493
492
491
492
490
490
489
489
487
486
484
484
482
484
481
481
479
480
479
478
477
478
477
478
477
477
477
479
478
479
479
479
479
480
479
480
480
481
481
482
482
482
482
483
482
482
482
481
483
485
485
485
486
487
486
486
490
492
495
498
503
506
512
516
520
523
526
527
529
528
528
526
525
523
522
519
517
514
513
512
511
509
508
505
505
501
500
498
498
497
495
494
494
493
494
494
493
494
493
494
493
492
491
490
491
490
489
488
488
489
488
487
486
486
483
484
481
483
480
481
480
481
480
480
479
479
478
479
478
479
478
480
480
481
481
482
481
482
482
483
483
483
483
485
485
486
487
488
487
488
488
489
490
492
496
499
502
506
511
516
520
524
527
529
531
532
533
531
530
528
527
523
522
519
518
515
515
512
511
509
508
507
505
502
502
501
500
500
500
500
500
499
500
500
500
498
498
498
498
496
496
495
494
494
493
492
491
490
489
489
489
490
489
488
487
488
487
487
486
486
486
486
484
485
483
484
485
485
485
486
485
485
485
486
487
489
488
488
487
489
490
493
495
498
500
504
508
512
515
520
521
525
526
528
527
527
525
523
522
520
518
517
516
514
513
511
509
506
505
504
502
502
500
499
498
497
497
496
497
495
497
496
497
497
497
495
495
494
494
493
493
492
492
491
491
488
489
488
487
487
487
487
488
484
485
484
484
484
485
483
484
483
484
484
485
485
485
485
485
485
485
485
485
486
486
488
488
488
490
493
494
496
498
502
504
510
515
522
525
526
527
529
528
528
526
524
522
520
518
517
513
512
510
508
506
505
504
504
502
501
499
499
497
496
495
496
496
496
496
497
496
496
496
495
495
495
495
494
493
492
491
490
489
489
490
489
490
488
487
487
486
484
484
482
483
482
483
482
482
481
481
480
481
480
480
479
480
479
480
481
482
483
483
484
483
484
485
487
490
491
495
498
502
505
510
515
520
523
525
527
528
528
528
527
526
524
522
520
518
516
514
511
508
507
505
504
504
502
499
499
497
497
496
496
496
497
496
496
497
498
497
497
496
496
495
494
493
492
491
491
489
489
488
488
487
487
486
487
484
485
484
483
483
483
483
482
483
482
482
482
482
481
483
484
483
482
483
483
484
483
484
484
485
485
485
485
489
491
494
497
502
505
511
515
521
524
528
529
531
530
529
526
524
522
520
518
517
514
513
510
508
506
505
503
502
501
500
498
497
496
495
494
493
494
493
494
494
496
495
495
494
495
494
493
493
494
492
491
489
488
487
486
485
485
485
486
484
484
481
