Output started
30000
435
426
423
423
422
424
424
426
426
428
428
430
430
432
431
433
433
434
434
436
435
437
438
438
437
439
439
441
444
449
454
459
466
474
481
489
496
501
505
509
510
510
508
507
505
501
496
491
488
483
480
476
473
469
468
466
464
461
459
457
455
453
452
451
450
449
450
449
450
449
450
448
448
446
445
443
443
441
439
437
438
435
434
432
432
430
430
429
429
427
428
427
428
427
427
427
428
427
428
427
429
429
429
431
431
431
433
432
433
433
433
434
434
436
434
435
435
436
436
437
437
439
438
441
440
442
444
448
452
458
463
472
478
487
493
502
506
512
513
515
514
513
509
506
501
497
493
490
486
484
480
477
474
471
468
467
465
463
461
459
458
457
457
456
457
456
456
456
456
454
454
453
452
450
450
447
447
444
443
440
440
438
436
434
433
431
430
428
428
427
427
425
425
424
424
424
425
425
425
425
426
425
425
424
425
425
427
427
427
427
427
428
427
429
428
430
429
430
429
430
430
432
432
433
433
436
438
445
450
457
464
473
480
489
495
502
506
510
509
510
508
506
501
497
492
489
485
483
478
474
471
469
466
464
462
461
459
458
456
455
455
455
454
454
455
455
455
455
455
454
453
451
451
449
448
447
444
442
441
438
437
434
434
432
431
429
428
427
427
425
425
423
424
423
423
423
424
424
424
423
423
423
423
423
424
423
425
424
427
426
426
426
427
427
429
428
428
428
430
431
432
432
434
434
435
440
443
449
455
463
469
478
485
493
497
502
504
507
505
505
501
498
493
489
485
481
476
473
469
466
462
461
457
456
454
453
451
451
449
450
449
450
450
450
451
451
450
451
450
450
448
447
445
444
442
441
441
438
438
437
435
434
433
431
431
430
430
428
429
428
429
428
431
429
431
430
432
432
434
433
434
433
435
435
437
437
438
438
439
438
440
439
440
441
443
443
442
442
442
443
447
450
455
461
466
474
482
489
495
500
503
506
507
507
505
504
499
495
490
486
481
478
472
470
464
462
459
457
454
453
450
449
447
448
445
445
445
446
445
446
446
446
445
445
444
443
441
440
438
436
435
435
433
431
430
429
427
426
426
425
424
424
425
424
425
425
427
427
428
427
429
429
430
429
431
432
432
432
433
432
434
433
435
436
437
437
438
439
440
440
440
441
445
448
455
460
468
475
483
490
497
502
506
509
510
509
508
505
502
497
493
489
485
481
478
475
472
468
466
464
461
458
456
454
451
449
446
446
445
445
443
444
443
443
442
442
440
441
438
438
435
435
432
432
429
427
424
424
423
423
421
422
420
422
420
422
421
422
422
424
423
425
425
426
426
427
427
428
429
429
431
431
432
430
432
432
433
433
435
434
435
435
436
436
440
442
448
454
462
468
478
484
493
498
504
506
509
509
509
506
504
500
496
490
488
483
480
476
474
470
467
463
460
457
455
452
450
447
445
444
442
442
441
440
440
439
439
438
436
435
434
434
433
431
428
427
425
424
421
421
420
420
419
418
417
418
417
417
417
419
418
419
419
420
421
423
423
424
424
426
426
427
427
429
430
430
431
431
431
432
432
432
433
434
436
435
436
437
438
440
445
449
454
461
469
476
485
492
499
505
510
512
514
514
513
510
508
504
501
496
494
490
487
483
480
477
474
470
468
465
462
458
456
453
451
449
449
447
447
446
447
445
445
443
442
441
438
436
435
433
432
430
429
427
426
425
425
424
422
422
421
421
420
420
419
420
421
422
421
423
421
423
423
424
423
425
424
425
426
426
427
428
427
428
428
430
429
430
430
431
431
432
430
432
432
433
433
436
435
437
438
440
442
447
452
460
467
475
484
491
498
504
509
511
512
510
510
507
505
501
498
493
491
487
484
481
479
475
472
469
467
464
462
459
458
454
454
452
452
451
452
451
452
450
450
448
448
445
445
443
441
439
437
435
434
432
431
429
428
426
424
425
424
424
421
422
420
422
421
423
422
421
420
421
420
421
421
423
422
423
422
424
423
425
425
426
426
427
426
427
427
428
428
429
429
430
430
431
431
431
431
432
433
435
435
436
438
440
443
448
455
462
470
478
486
493
499
505
508
509
511
510
509
505
502
498
495
491
489
486
484
481
479
476
474
471
469
468
465
463
461
460
460
458
458
457
456
456
457
455
454
453
451
449
448
446
444
443
441
438
437
435
434
432
431
430
429
427
426
426
425
425
423
423
424
423
422
423
422
423
421
423
422
423
424
425
424
426
425
426
426
427
426
427
427
428
428
428
428
429
429
430
430
431
431
431
431
432
432
433
433
435
435
437
438
440
444
449
455
462
467
475
482
488
495
499
502
503
504
502
502
497
495
490
489
485
483
481
479
476
474
470
469
466
466
464
463
461
461
460
459
457
458
457
458
457
458
457
456
455
455
453
452
450
450
448
446
443
442
441
438
436
434
433
433
432
431
430
429
429
427
427
426
427
426
427
426
426
425
425
425
425
425
427
426
427
426
427
427
429
427
429
428
429
429
430
430
431
431
432
432
433
432
434
435
436
436
437
437
437
438
440
445
450
454
459
466
472
480
486
493
497
500
501
502
502
501
499
496
491
489
485
483
479
477
473
472
469
467
464
463
461
461
459
459
457
457
456
457
456
457
457
458
457
456
455
454
454
453
452
451
449
449
447
446
444
443
442
440
439
437
437
435
435
434
433
433
432
431
432
431
432
430
432
431
432
432
433
433
434
433
436
435
436
436
437
437
439
439
440
438
439
439
441
440
442
442
443
443
444
443
444
444
446
448
452
455
460
465
471
477
484
489
494
497
499
501
500
500
498
495
493
489
484
484
478
475
471
469
465
463
460
459
456
456
453
454
452
453
451
452
452
453
452
453
453
453
452
452
450
450
448
448
445
445
443
442
440
440
438
439
437
437
435
435
435
435
435
435
435
435
436
435
437
436
437
438
439
438
440
439
441
440
442
442
443
443
444
444
446
445
447
445
447
447
448
448
449
448
450
451
455
459
464
469
476
481
489
494
498
500
503
504
505
503
501
498
494
490
486
483
479
476
471
469
465
464
461
460
457
456
453
453
451
451
449
451
449
451
451
453
452
453
453
453
451
451
449
449
447
446
444
443
441
439
438
438
436
436
435
435
434
433
433
433
432
434
433
433
433
433
434
434
435
436
437
436
437
438
439
438
438
440
441
440
441
440
442
442
444
443
445
444
446
447
450
452
458
464
471
477
486
491
497
501
505
506
508
506
505
501
499
494
490
484
480
476
473
468
466
462
460
458
455
453
450
449
448
446
446
444
444
443
443
444
443
444
443
444
443
444
442
444
441
440
438
438
436
435
434
433
432
432
430
430
428
430
427
427
427
429
427
429
428
428
429
430
430
431
432
433
433
434
434
435
435
435
436
437
436
438
438
438
439
439
441
441
441
442
445
448
453
457
465
470
477
484
493
497
503
505
508
507
507
503
501
496
491
486
482
477
474
469
468
464
461
457
456
453
451
448
448
447
446
444
444
442
443
442
442
441
441
442
442
441
441
441
439
438
437
437
435
435
433
432
430
429
427
428
427
426
425
426
425
426
426
427
427
429
429
430
430
432
432
432
433
434
435
436
435
437
437
437
437
438
438
439
439
441
442
442
443
444
445
447
450
454
459
464
471
478
486
493
500
506
510
513
515
514
513
509
506
502
498
493
491
485
481
477
475
471
469
466
464
462
461
458
456
454
453
452
452
451
450
449
450
449
449
448
448
447
446
445
444
442
441
439
438
435
434
432
432
431
430
429
427
427
427
426
426
426
426
427
426
427
426
428
428
430
430
431
430
432
432
433
432
434
434
436
434
436
435
436
436
437
438
440
439
439
440
442
444
448
451
457
463
471
477
485
491
499
503
506
508
508
506
506
503
499
495
491
487
483
481
477
474
470
468
464
464
460
460
458
457
453
453
451
452
450
452
451
452
451
452
451
451
450
450
449
448
446
444
442
442
440
438
437
436
434
433
432
432
431
431
429
429
428
429
428
429
429
429
430
429
431
431
432
431
432
432
433
432
433
434
435
435
436
435
436
436
436
435
437
437
439
438
440
441
442
444
448
452
458
463
471
478
486
493
499
502
506
506
507
505
502
499
497
492
488
485
482
479
476
473
469
468
465
464
463
461
460
459
457
457
456
456
455
456
455
456
456
456
455
454
453
454
451
451
448
447
445
444
442
441
438
438
436
436
434
433
433
433
432
432
431
431
431
431
431
431
431
432
431
431
431
431
431
431
432
432
432
433
434
434
434
434
434
434
435
434
436
436
438
437
439
438
441
442
447
450
456
461
470
476
484
490
496
499
503
503
503
501
499
495
492
488
484
480
477
474
471
468
466
462
461
459
458
456
456
455
454
453
453
453
452
453
453
454
454
455
455
454
453
452
450
450
448
448
445
445
441
443
440
440
437
437
435
435
434
434
432
433
433
434
433
434
435
435
435
435
435
436
437
437
436
437
437
439
439
439
439
441
441
441
442
442
443
443
444
445
446
446
446
446
448
450
455
458
464
469
475
481
488
492
498
500
503
503
504
501
500
495
492
486
483
477
474
469
467
464
463
460
458
455
454
452
452
451
451
451
451
451
453
452
453
454
453
453
452
452
451
450
448
448
446
445
443
442
440
438
437
436
434
435
434
434
433
434
433
433
434
434
435
436
436
437
437
438
438
440
439
442
441
444
444
445
444
444
443
444
444
445
447
447
447
448
446
448
448
449
452
455
460
465
471
478
485
491
498
501
504
506
506
504
503
498
494
489
484
479
475
470
468
464
462
459
458
456
455
452
451
449
449
448
448
447
448
448
449
448
449
449
450
448
448
447
446
444
444
443
442
439
439
438
437
435
434
433
433
432
433
433
433
434
433
435
435
435
435
436
436
436
436
437
438
438
439
440
440
442
441
443
441
442
442
443
442
444
444
445
444
445
444
446
447
450
453
459
464
471
478
485
491
497
500
505
507
506
504
501
498
493
489
485
482
477
474
470
468
464
463
460
459
455
454
451
450
447
447
445
445
443
444
444
445
443
445
444
445
444
443
441
441
439
438
435
435
432
431
430
429
428
428
427
426
426
427
427
427
427
427
427
429
429
429
430
430
432
432
434
434
435
435
437
436
436
436
438
437
438
437
438
438
440
439
441
440
441
441
442
443
447
449
456
460
468
475
483
489
496
500
503
503
503
502
500
496
491
485
483
478
474
471
468
466
462
462
459
457
455
453
451
449
447
447
445
445
444
444
445
445
445
445
444
443
444
443
440
440
438
437
434
435
432
432
430
429
427
427
426
427
426
426
425
426
426
426
425
427
426
428
426
427
427
428
428
429
430
430
430
431
431
431
432
432
432
433
434
434
435
434
436
438
441
445
451
455
464
471
479
485
491
495
498
498
498
496
494
489
486
480
478
474
471
466
46