Output started
30000
562
561
557
556
553
552
549
547
544
543
542
541
539
539
537
536
536
535
535
534
534
534
533
533
533
531
531
530
530
529
530
528
528
528
528
527
527
526
526
524
526
525
524
524
524
524
524
524
525
525
524
524
525
524
525
525
526
525
527
526
527
527
528
529
528
530
530
529
529
528
528
529
530
530
531
531
533
536
539
543
545
549
552
557
559
562
562
565
564
565
564
564
563
563
561
560
558
557
554
553
551
549
547
545
544
543
540
540
538
537
536
536
535
535
535
535
534
533
532
532
533
532
531
530
529
529
529
529
528
528
527
527
527
525
526
526
525
525
524
523
523
523
523
524
524
523
523
523
523
523
524
524
523
524
524
524
525
526
526
525
527
526
527
526
527
526
528
528
529
528
528
530
530
531
535
538
542
545
550
553
556
559
562
564
565
567
567
568
567
567
565
564
562
560
558
557
554
554
551
549
547
545
543
543
540
539
539
539
538
539
538
537
535
536
535
536
536
536
534
534
532
533
531
532
532
530
529
528
528
528
527
526
526
525
524
523
523
523
523
522
522
521
522
522
522
521
522
522
522
522
523
521
523
523
524
522
524
523
524
523
524
524
525
523
524
523
524
524
524
524
525
527
531
533
538
541
546
550
554
557
560
561
563
564
565
565
565
564
562
561
559
557
555
554
552
550
546
544
541
540
539
538
536
537
533
535
534
535
535
535
534
535
535
535
533
534
533
532
532
532
531
531
529
528
528
527
526
526
525
525
525
524
523
523
522
522
522
521
521
520
521
522
521
521
522
523
522
522
523
522
523
522
524
524
525
523
525
523
524
524
525
524
525
524
525
526
528
530
533
537
540
543
548
550
554
557
558
559
560
559
559
558
558
557
555
553
551
549
548
545
543
542
541
538
537
536
533
533
532
532
530
530
530
530
530
531
532
531
531
531
531
532
531
531
530
531
530
530
528
528
527
527
526
526
525
525
524
524
523
524
524
524
523
524
523
524
523
525
525
526
526
527
527
527
527
528
527
527
528
527
527
527
527
527
528
528
532
534
538
542
546
550
554
557
562
562
566
565
567
566
567
565
564
562
560
557
557
554
551
548
546
544
542
539
539
536
533
532
532
529
529
529
529
529
528
527
527
526
527
526
526
525
525
525
524
525
523
523
522
522
521
521
519
521
520
520
520
521
519
520
518
519
519
521
520
521
520
521
521
522
522
523
522
523
522
522
522
524
523
525
524
527
528
531
534
539
544
549
553
557
561
564
566
568
568
567
567
566
564
562
560
556
556
553
550
548
546
542
541
537
536
534
532
529
529
527
527
527
526
526
526
525
525
524
524
523
523
522
522
521
521
520
519
519
519
518
518
517
517
516
515
515
515
516
515
515
516
516
515
515
516
515
516
516
516
517
517
517
516
517
516
516
516
517
516
517
517
518
520
523
526
532
536
542
547
552
556
560
562
565
566
567
566
565
564
562
559
557
554
553
550
548
545
542
538
536
533
531
529
527
524
522
521
519
519
519
518
517
518
516
517
516
516
515
515
514
514
513
513
511
511
510
510
509
509
508
509
508
508
507
508
507
508
507
508
507
508
508
509
508
509
509
511
511
512
512
513
513
513
513
514
514
515
516
516
517
518
520
522
528
533
538
543
549
553
558
559
563
565
566
565
565
564
563
560
558
555
553
550
549
545
542
538
536
532
530
528
526
524
523
521
521
519
519
519
519
518
518
519
518
517
517
515
515
515
514
513
513
513
512
511
510
510
508
509
508
509
507
508
507
507
507
507
507
507
507
508
508
510
509
510
510
511
511
512
513
513
513
514
515
515
515
516
515
516
516
516
516
517
517
518
520
522
524
528
533
538
543
548
552
557
560
562
565
565
567
566
565
563
561
558
557
554
552
549
547
543
541
538
535
533
531
528
527
525
524
523
524
522
522
522
522
520
521
520
520
520
520
520
519
518
518
516
517
516
516
516
515
515
515
514
514
514
513
512
513
513
514
514
514
515
515
516
515
517
516
517
517
517
517
518
517
518
519
520
519
521
521
521
521
521
521
521
521
522
522
522
522
522
522
522
522
525
527
531
534
540
544
549
554
558
561
561
564
564
564
563
563
562
559
557
555
553
551
549
546
543
541
538
536
533
532
530
529
527
528
526
526
526
526
525
526
525
525
525
525
524
523
522
522
520
520
519
519
518
518
518
518
517
517
516
516
515
515
516
515
514
514
515
515
515
516
517
517
517
518
518
518
519
519
520
520
521
521
521
521
523
522
523
522
523
522
523
522
523
523
524
523
524
523
525
526
529
533
537
540
544
548
552
555
559
560
563
562
564
563
563
561
560
559
557
555
553
552
549
547
544
542
540
539
536
535
534
533
531
532
530
530
529
529
527
528
527
528
527
528
527
528
527
527
525
525
524
525
523
523
522
522
520
520
519
520
520
520
519
519
518
519
519
519
519
520
520
520
521
522
521
522
523
523
523
523
524
524
523
524
524
524
525
524
524
524
525
525
525
525
526
525
526
526
528
531
535
538
544
548
551
555
559
560
562
562
563
562
561
560
559
557
556
553
551
550
547
545
542
541
539
537
535
533
533
532
531
532
531
530
530
530
529
530
529
529
528
528
527
527
525
526
526
526
526
526
524
524
523
523
522
522
521
522
520
521
520
520
520
520
520
521
520
521
521
522
522
523
523
524
524
524
524
525
525
525
525
525
525
525
526
525
526
527
527
527
527
528
529
532
535
539
543
545
550
551
555
555
557
558
559
559
559
558
557
556
555
553
551
549
547
545
544
540
539
537
536
534
535
533
534
533
533
533
532
533
532
533
533
533
533
534
533
533
533
533
532
531
530
530
529
529
528
528
527
527
526
525
524
524
523
523
523
523
522
524
523
524
523
522
523
523
523
524
523
524
524
524
524
526
525
525
525
525
525
525
525
525
525
526
527
528
531
535
538
542
545
547
550
552
554
556
558
557
558
556
557
555
556
554
553
549
549
546
545
542
542
538
538
536
535
534
534
533
534
533
534
533
533
532
533
532
533
532
532
532
531
531
531
531
530
530
528
527
527
526
526
525
524
524
522
523
522
523
523
524
523
523
523
524
524
524
522
524
524
524
524
525
525
526
525
526
526
527
527
528
527
529
529
532
534
538
540
545
548
552
554
557
558
560
560
561
561
561
559
558
558
555
554
552
550
549
547
546
544
541
540
538
536
536
536
533
533
532
533
531
532
531
531
531
531
530
531
530
529
528
529
528
528
527
526
525
525
524
524
523
523
523
523
523
523
522
523
523
524
523
525
525
525
525
526
525
526
525
526
526
526
526
527
528
528
528
527
529
530
533
535
539
542
547
551
554
556
558
559
560
560
561
559
559
558
557
556
555
552
552
549
548
545
543
541
541
538
537
535
535
533
532
532
531
530
529
528
528
528
527
527
528
527
527
527
526
525
524
523
523
522
521
521
520
520
519
520
519
518
518
518
518
518
518
518
517
518
518
519
519
520
520
521
520
522
521
521
520
522
522
523
522
523
524
526
527
531
533
538
542
545
549
553
556
558
560
561
561
561
559
559
558
557
555
553
553
550
548
546
545
541
541
538
537
535
533
530
530
528
528
526
526
525
526
525
525
524
524
523
524
524
523
522
521
520
520
519
520
519
519
519
518
517
517
517
517
517
517
517
517
517
518
519
519
520
520
521
521
521
522
523
523
523
523
524
523
524
523
523
522
524
522
523
522
523
523
526
529
533
535
540
543
547
549
552
554
555
555
557
556
556
556
555
554
553
552
550
548
547
543
542
540
538
537
535
534
532
530
529
528
527
526
525
525
524
525
524
524
524
524
523
523
521
522
522
521
520
520
518
518
517
518
517
516
515
515
515
515
514
516
515
515
515
516
515
517
516
517
517
518
518
518
518
518
520
520
521
520
521
522
521
521
521
520
521
521
521
522
524
522
524
524
528
530
534
537
541
544
548
551
555
556
558
558
560
558
558
557
557
555
554
552
551
548
547
544
542
540
538
536
535
533
531
530
528
527
526
526
526
526
526
525
525
525
524
524
523
523
522
522
521
521
520
521
519
519
517
518
517
518
517
518
516
518
518
518
518
518
518
518
519
519
518
520
520
521
521
521
522
522
522
523
523
525
525
525
525
525
525
526
526
526
526
525
525
525
525
527
527
526
527
527
528
530
535
538
542
544
549
552
556
557
558
558
560
561
561
559
559
557
557
555
553
551
551
547
545
542
541
538
537
535
535
533
533
531
530
530
530
530
529
529
529
529
529
528
528
527
526
526
526
525
525
524
524
525
524
523
522
523
521
522
521
521
520
521
520
521
520
522
522
523
522
522
522
524
523
524
523
524
524
525
525
525
525
525
525
526
526
527
527
527
528
528
529
528
527
528
528
528
529
529
530
531
533
534
538
541
544
547
552
554
557
559
562
562
563
562
562
561
560
559
557
556
554
552
552
548
547
544
543
541
539
537
536
536
536
534
535
534
535
533
534
533
532
532
532
532
531
531
530
529
528
528
528
527
527
526
526
525
524
524
524
524
523
523
522
521
521
522
521
522
522
522
522
523
522
524
523
524
524
525
524
525
525
527
527
527
526
527
526
527
527
528
528
528
528
528
528
529
529
530
530
531
532
534
537
540
543
546
550
553
557
558
560
561
563
562
564
562
562
561
561
559
558
557
555
552
551
548
547
544
543
541
540
538
538
536
536
535
536
535
535
534
534
533
533
533
533
532
532
531
531
529
529
529
529
529
528
527
526
526
525
526
525
524
524
524
523
523
522
523
522
523
521
522
521
523
522
523
523
524
524
524
524
524
524
525
524
525
525
527
526
526
527
526
526
527
526
528
528
528
529
531
534
537
541
544
548
551
554
557
559
561
563
563
563
563
563
563
562
560
559
556
555
553
552
549
548
543
543
541
539
538
537
535
534
534
535
534
534
533
533
532
533
531
532
531
530
530
530
530
529
527
528
527
527
526
526
526
525
525
524
524
523
523
523
523
523
523
522
522
522
523
521
522
521
521
521
523
522
523
524
525
525
525
526
527
525
526
526
526
526
527
527
527
526
527
526
528
529
533
535
539
543
548
551
556
558
560
563
564
565
566
565
564
563
563
561
559
557
555
552
550
549
546
543
542
540
538
536
535
535
534
533
533
533
532
532
531
532
530
532
530
531
529
530
529
529
528
528
526
527
526
526
524
524
522
523
521
521
520
520
519
520
519
520
519
520
519
520
520
521
521
521
520
521
521
521
521
521
522
522
522
522
523
522
523
523
523
523
523
523
525
526
528
531
535
539
543
547
552
555
559
562
565
565
566
565
565
564
562
561
559
557
556
553
552
548
546
543
540
538
537
535
533
532
532
531
531
530
531
530
530
530
530
530
529
530
529
529
527
528
527
527
527
527
525
526
524
523
522
522
520
520
519
519
519
520
519
520
519
520
519
519
520
520
520
521
520
521
522
522
522
522
522
522
522
522
522
524
524
525
526
528
533
536
541
545
550
553
557
560
564
564
566
565
566
563
563
561
560
557
555
552
549
546
545
541
539
536
534
532
531
528
528
527
527
527
526
526
527
525
526
525
525
525
524
524
523
522
521
520
520
519
518
517
516
515
514
514
513
513
512
512
511
512
511
511
511
513
513
513
513
514
513
514
514
516
516
517
517
518
518
518
518
518
518
519
520
522
523
529
533
538
542
546
550
554
559
561
561
562
562
562
561
559
558
557
555
553
550
548
545
543
540
537
534
532
530
528
527
525
525
523
523
522
522
521
520
520
519
519
518
518
519
518
517
517
517
515
515
513
513
512
513
511
511
510
510
509
510
510
511
510
510
510
511
511
510
511
511
513
513
513
513
513
514
515
515
515
514
515
514
515
515
515
515
517
517
520
523
528
532
539
543
549
552
556
558
561
561
561
560
560
558
558
556
555
552
550
548
546
543
540
538
536
533
531
528
525
524
523
522
520
520
519
519
518
518
517
517
516
516
516
516
515
515
514
514
512
512
511
511
510
510
509
509
508
509
508
508
508
509
508
508
508
509
509
510
510
511
511
512
512
514
513
513
514
515
515
514
514
515
514
514
514
514
515
516
518
520
522
525
529
534
539
543
547
549
553
555
557
558
559
559
558
556
555
553
552
549
547
545
543
540
538
535
532
530
528
526
525
522
521
519
520
518
519
518
518
517
518
516
515
514
514
514
512
511
512
511
510
509
508
509
509
508
507
507
506
507
507
508
507
508
507
508
508
510
510
511
511
512
511
513
512
513
512
514
513
515
514
515
514
515
515
515
514
515
513
515
515
516
517
517
518
520
523
526
531
535
540
543
547
550
552
554
556
556
557
556
555
553
553
551
550
547
546
544
541
538
536
533
532
529
528
526
525
522
522
521
521
519
519
519
518
517
519
518
518
517
517
515
515
514
515
513
514
514
513
512
512
512
512
511
510
510
510
510
510
511
511
511
511
511
511
512
512
513
513
514
514
516
515
517
517
519
518
519
519
520
520
522
522
522
522
521
521
522
522
522
522
523
524
525
525
527
530
535
537
542
546
549
552
555
557
558
559
559
560
559
557
556
555
553
551
549
547
544
543
540
538
535
533
531
530
Loop stopped.
