Output started
30000
623
631
634
633
630
629
626
625
622
620
616
614
610
608
604
601
599
597
595
594
593
593
592
592
590
590
590
589
589
589
588
588
589
590
591
591
590
591
591
593
593
596
598
599
600
604
609
617
625
635
645
657
666
676
684
691
695
699
700
700
697
695
691
688
682
675
669
662
658
652
647
642
640
637
637
634
633
632
632
633
635
636
637
638
639
638
637
634
632
630
628
625
623
622
621
619
619
617
615
613
612
611
609
607
606
605
604
603
603
602
603
602
602
600
599
598
598
597
599
601
601
602
603
604
603
604
603
602
602
603
604
606
607
610
614
619
625
634
644
654
664
675
683
692
698
704
705
708
706
705
702
698
694
688
683
679
674
669
665
661
657
653
650
646
644
640
636
633
630
628
629
628
627
626
627
624
623
621
620
619
618
615
614
613
611
608
607
606
605
604
605
603
604
603
604
604
604
604
606
606
607
608
608
608
608
609
609
609
609
610
611
613
615
615
615
615
615
614
613
613
614
615
615
616
618
621
627
634
643
653
665
678
690
700
708
715
720
723
723
722
719
715
711
707
701
695
690
687
682
676
671
667
660
654
649
647
642
640
637
635
631
628
627
624
622
621
618
617
614
610
606
603
600
599
598
599
598
595
595
594
594
593
591
590
590
590
591
591
591
591
591
591
590
589
589
590
591
591
593
591
592
592
595
595
597
597
599
597
598
596
597
598
598
598
600
601
605
612
619
627
639
651
664
675
686
696
704
708
711
713
713
710
706
701
696
691
685
681
676
673
667
663
658
654
648
645
641
637
633
632
630
629
627
626
624
623
621
620
617
616
614
611
607
606
605
604
603
602
602
600
598
597
595
594
593
592
593
593
594
594
595
594
592
592
590
589
588
588
588
588
587
588
589
591
591
592
594
594
595
594
594
593
595
596
597
598
599
601
602
603
609
615
623
634
645
657
668
679
690
700
708
713
717
719
717
715
711
707
703
697
691
687
682
676
671
666
663
658
656
652
648
646
644
642
640
640
640
638
637
636
633
632
631
629
626
623
619
615
611
607
605
604
603
601
599
599
596
594
593
591
589
589
589
590
589
590
589
589
589
590
590
592
592
591
591
591
591
591
590
591
591
592
593
594
594
595
596
597
597
598
601
600
601
601
603
606
613
620
630
640
650
661
672
684
696
704
711
713
716
715
713
707
704
698
694
689
684
679
674
668
664
660
657
656
652
649
645
643
639
638
636
636
635
635
636
634
633
632
629
626
623
619
616
613
611
611
607
606
602
599
597
596
593
592
590
589
589
589
590
592
591
591
590
589
588
588
587
589
589
592
592
592
591
591
591
592
592
593
594
595
595
596
596
597
598
599
599
601
602
607
611
620
630
641
651
663
674
685
696
704
711
714
715
716
714
711
707
701
693
688
682
674
669
664
659
652
649
644
640
637
635
633
632
631
630
629
628
626
626
625
625
622
622
621
618
615
614
612
610
609
610
606
605
603
603
600
601
600
601
601
601
601
600
601
600
601
602
602
602
603
602
602
601
601
603
606
606
608
607
608
608
608
607
609
609
612
612
614
613
613
613
614
618
629
639
651
662
676
688
699
710
719
725
730
732
730
725
721
716
711
702
696
690
685
677
672
668
663
660
655
651
646
644
642
640
638
635
631
629
628
625
621
620
617
616
613
613
610
608
606
606
604
603
601
600
598
598
596
595
594
593
593
593
596
597
599
599
600
599
600
600
601
601
602
603
603
605
606
605
605
605
605
605
607
606
606
606
607
608
608
610
613
617
624
633
644
655
669
683
695
708
718
725
731
732
732
730
729
723
717
709
703
695
690
684
677
670
663
657
653
648
644
640
637
632
630
627
626
624
623
620
618
615
613
610
608
605
603
601
600
600
598
595
595
595
594
594
593
592
590
589
587
587
586
587
588
589
590
591
591
591
590
590
588
588
589
591
591
591
591
592
592
592
592
594
596
599
601
603
604
606
608
614
621
633
647
661
677
690
703
712
720
724
726
724
724
721
717
711
706
698
691
683
678
671
666
659
652
645
640
634
629
624
621
617
615
612
611
608
607
604
602
600
598
598
598
597
595
593
590
588
586
584
582
581
579
577
578
575
575
574
574
576
576
578
578
579
580
579
581
581
580
580
580
580
580
581
582
583
585
587
589
590
592
593
594
597
598
601
602
605
611
621
630
643
657
674
688
702
713
721
726
728
729
727
724
720
715
708
700
694
687
679
672
668
662
657
650
646
641
636
634
630
628
627
628
627
626
624
623
621
619
616
615
613
611
607
605
602
599
597
596
594
593
591
590
588
589
587
588
586
588
588
589
589
589
588
589
589
590
590
591
590
591
590
591
591
595
595
595
597
597
596
595
597
598
599
599
599
601
606
613
623
635
650
664
678
689
701
710
718
722
724
724
724
719
716
710
704
698
692
685
679
671
665
658
653
647
645
641
639
636
634
633
630
630
628
627
624
622
622
621
621
620
618
616
612
609
605
603
602
600
597
595
593
592
591
591
590
591
590
590
589
589
588
589
589
589
589
588
588
588
587
588
587
588
587
589
590
591
591
590
590
591
592
593
596
597
599
604
611
623
635
650
664
679
693
705
714
721
726
728
729
729
725
720
714
707
700
694
687
679
674
665
659
652
647
643
638
635
632
631
629
628
627
625
625
622
622
621
620
617
615
612
610
607
607
605
603
602
600
598
597
594
593
591
589
586
586
586
586
586
587
585
586
585
585
585
585
585
586
587
587
588
587
587
587
588
587
589
587
588
587
589
590
593
594
597
603
612
621
635
648
662
675
691
702
713
720
725
725
724
723
718
713
708
700
693
686
680
673
666
660
655
651
648
645
640
637
633
631
630
631
629
628
625
625
623
624
621
620
616
614
611
608
605
602
598
596
594
591
589
587
584
583
581
580
579
579
579
580
579
579
578
578
577
577
578
578
578
579
579
579
580
581
582
583
583
584
584
584
584
586
589
592
595
600
608
618
631
646
661
676
692
704
716
724
729
731
731
728
725
720
715
707
701
696
690
683
676
669
663
655
650
645
641
636
632
629
628
625
624
622
619
616
615
613
611
610
608
606
605
600
597
595
592
590
588
587
587
586
586
584
583
583
581
581
582
581
578
576
574
573
573
575
577
579
582
586
589
591
593
595
597
599
600
601
599
599
598
599
599
601
603
609
617
629
643
659
674
689
703
716
726
735
739
741
741
739
734
730
724
718
711
703
695
687
680
673
666
659
653
645
639
631
627
622
620
616
615
613
613
611
611
608
606
602
600
597
595
592
590
587
586
583
582
580
580
579
580
579
580
581
580
581
580
580
579
579
580
580
583
584
585
585
586
586
586
586
586
586
586
588
589
590
590
590
590
591
592
593
594
597
600
607
614
629
643
658
675
692
707
719
729
737
740
742
740
738
732
728
721
716
709
702
696
688
680
672
666
659
653
646
642
635
629
624
619
618
617
614
612
609
606
603
600
598
595
592
589
587
587
586
586
586
585
584
583
581
582
581
580
580
580
580
579
579
580
580
580
580
581
582
583
583
584
583
583
585
586
585
586
586
585
584
585
583
581
581
583
586
589
590
595
598
605
614
625
640
654
670
685
700
710
721
726
729
729
728
724
720
714
708
699
693
687
683
675
670
662
657
650
646
642
638
633
630
626
625
622
622
621
621
620
619
617
615
612
610
609
607
605
602
600
597
595
592
590
588
587
586
587
586
585
584
582
581
581
579
579
580
581
581
582
579
580
580
583
583
583
583
584
582
583
584
584
582
584
584
585
586
587
588
589
590
592
596
602
613
625
640
655
669
683
695
705
715
721
725
726
725
724
720
715
708
702
697
692
687
682
675
667
661
654
650
646
643
640
639
637
637
634
631
629
627
625
622
619
615
612
609
606
604
601
599
596
594
590
589
586
586
584
584
582
583
582
581
582
582
582
583
582
584
584
585
586
587
586
587
587
587
588
589
591
591
591
592
594
595
597
597
597
597
597
595
595
596
597
599
603
608
615
625
638
651
665
678
691
702
713
718
724
725
725
722
719
714
708
701
694
688
683
678
672
667
660
654
650
646
644
641
638
634
632
631
630
630
628
627
626
625
622
621
618
615
612
610
607
608
605
604
601
600
598
596
594
593
592
592
591
591
588
589
589
589
588
588
588
589
589
591
591
592
591
591
590
590
590
591
591
593
594
595
595
595
594
596
596
597
598
598
600
601
604
610
620
630
643
655
669
682
694
703
712
716
720
720
720
716
712
707
702
696
690
683
677
670
663
658
653
649
646
643
642
640
639
637
636
635
636
635
634
634
632
631
630
628
625
623
620
618
615
613
611
609
607
605
603
601
600
600
599
601
600
601
600
599
599
599
599
601
600
601
600
602
601
601
600
602
602
603
602
604
604
605
604
605
606
608
609
610
609
610
612
615
623
633
644
656
668
680
692
703
713
720
727
730
731
728
725
720
715
707
701
693
686
680
674
667
661
656
652
647
644
640
638
635
634
633
633
631
631
631
631
629
629
626
626
622
622
619
618
616
615
614
612
611
610
610
609
609
609
608
608
607
608
607
608
608
609
609
610
611
613
614
614
614
614
615
615
616
616
616
615
615
615
615
614
615
616
617
616
617
619
624
633
644
657
671
684
697
708
719
725
731
735
736
735
733
729
724
716
709
702
696
690
684
678
673
667
662
656
650
646
643
640
636
635
634
633
632
630
628
626
623
621
620
618
616
614
613
611
608
606
604
601
599
598
597
597
598
597
596
596
596
597
598
598
598
598
598
600
601
602
603
603
604
605
606
607
608
610
608
609
609
609
608
610
609
610
612
614
619
627
637
648
661
674
688
701
713
723
729
734
735
733
732
728
725
720
716
709
702
696
689
682
677
670
663
655
649
642
637
632
630
627
627
626
625
624
621
620
619
618
617
616
613
611
609
606
604
601
599
598
596
595
593
592
592
591
591
590
589
590
589
589
589
590
589
591
591
593
593
595
596
598
598
599
599
600
600
602
603
603
602
602
602
603
603
605
607
617
627
638
651
666
679
692
705
715
724
729
732
732
729
726
721
716
710
703
696
689
681
673
667
660
655
649
644
639
636
631
629
625
624
622
621
620
619
617
617
615
614
611
611
607
604
602
598
595
592
590
590
588
587
587
587
587
585
586
585
585
585
586
587
587
588
588
588
590
591
591
593
595
596
596
596
596
596
598
597
597
598
599
600
601
603
604
605
606
610
617
626
639
652
666
679
692
704
715
722
727
730
732
730
727
721
716
709
703
697
690
683
676
669
662
657
652
647
643
638
637
635
634
632
631
629
629
629
628
626
625
623
620
617
614
611
608
606
605
603
601
599
597
595
594
593
590
589
588
587
585
586
586
586
585
587
587
589
589
591
590
590
591
592
592
593
594
596
597
598
598
598
598
598
598
599
601
602
603
605
608
614
624
634
647
660
672
684
697
705
712
716
719
719
719
716
713
707
703
696
691
683
677
669
664
658
654
649
647
641
639
635
635
633
634
632
631
629
628
629
628
626
624
621
618
615
611
609
607
606
604
601
599
597
597
595
592
593
592
592
591
592
591
592
593
593
593
594
594
595
595
596
596
596
596
597
598
599
600
600
600
600
600
601
601
602
601
602
602
604
608
613
621
632
643
656
670
682
693
702
710
714
717
718
717
715
710
705
698
693
686
680
674
668
663
658
653
648
645
641
638
635
633
633
633
634
634
632
631
630
629
628
627
624
624
621
619
617
616
612
609
606
604
602
602
600
600
599
599
598
597
597
595
595
596
597
599
600
600
600
602
603
603
603
605
606
607
607
608
608
607
608
610
611
612
612
612
615
617
624
632
644
655
668
680
693
705
714
720
726
728
729
728
725
720
714
707
703
695
690
684
677
671
664
658
654
649
645
640
638
635
634
632
630
628
627
625
624
622
619
618
616
613
610
609
607
607
604
604
602
601
600
600
598
599
598
598
598
598
598
599
599
600
601
603
604
604
603
605
605
606
606
607
608
610
609
610
612
613
613
615
616
616
617
619
625
634
644
658
671
684
698
710
720
729
735
739
741
739
737
731
725
718
711
703
697
691
685
679
672
665
659
652
646
640
636
633
631
628
626
624
623
621
621
620
618
615
613
611
610
606
605
604
602
601
598
596
595
594
594
594
594
593
595
594
595
596
597
597
597
598
599
599
600
601
601
603
603
604
604
604
604
604
604
605
605
606
606
609
610
617
625
640
653
669
683
698
709
718
725
730
731
733
732
730
726
721
715
708
700
692
686
680
673
665
657
650
644
638
632
627
624
621
618
616
613
610
608
607
606
604
602
600
597
594
592
589
587
586
585
583
583
581
581
581
583
582
583
583
584
583
584
582
584
584
586
586
588
588
589
591
592
594
593
593
594
593
593
593
595
595
597
599
601
604
612
623
638
654
670
685
698
710
720
728
731
733
732
729
726
721
715
709
701
695
687
677
669
661
651
642
634
628
621
616
611
609
604
602
600
600
597
596
594
592
592
590
589
587
586
582
580
578
577
576
575
574
573
573
574
575
575
576
578
579
580
580
581
582
584
585
586
587
586
587
589
589
590
591
591
591
592
592
594
595
597
596
597
Loop stopped.
