Output started
30000
634
639
640
641
638
635
631
626
619
612
605
599
591
586
579
574
568
563
558
554
549
546
543
542
541
541
540
541
542
542
542
542
540
540
539
537
536
534
532
531
529
527
525
523
520
518
517
515
515
513
513
511
510
510
512
511
512
512
513
513
515
516
518
518
519
518
519
519
520
520
522
524
529
531
535
540
548
558
571
583
597
609
622
632
639
645
648
650
650
646
642
638
633
624
618
612
606
600
592
587
580
574
567
563
558
553
548
545
541
541
538
538
537
538
538
538
536
536
535
534
530
529
527
526
523
521
517
516
513
513
511
510
508
507
506
506
504
504
504
505
506
506
507
507
507
509
510
510
511
511
512
511
512
514
515
517
521
523
524
526
530
534
542
551
563
575
588
602
614
625
634
640
647
647
648
645
642
637
633
626
618
611
605
597
592
586
580
572
567
561
556
551
547
544
541
538
536
537
539
538
538
538
538
537
536
535
532
530
529
528
525
523
520
517
514
512
510
507
505
504
502
503
501
501
499
500
498
498
498
500
501
502
503
504
505
506
507
508
509
511
514
516
517
519
519
519
521
523
527
535
545
557
570
585
599
612
623
632
637
642
643
642
639
635
629
622
615
609
602
596
590
583
577
570
565
558
553
548
544
541
541
539
539
538
540
540
541
540
542
540
540
538
538
535
532
530
529
526
525
522
520
518
515
511
508
506
506
505
505
504
503
504
503
502
503
503
504
505
505
506
506
507
508
510
511
513
513
515
515
519
519
522
525
531
539
552
565
582
596
610
623
632
638
645
647
648
645
642
637
633
626
618
612
605
599
593
587
580
575
568
562
558
553
548
545
542
539
537
534
533
533
531
530
529
530
527
526
524
524
521
520
517
516
513
513
510
508
507
505
503
501
499
500
499
499
499
498
498
498
497
498
498
499
502
502
502
502
502
504
505
506
508
510
513
514
516
517
520
527
536
549
565
580
596
611
624
633
642
647
650
650
648
643
639
633
627
619
613
605
600
593
589
581
575
568
562
556
550
545
540
536
533
530
528
525
525
524
523
521
519
519
518
516
514
512
511
509
507
504
502
500
499
498
497
496
495
496
496
497
503
513
520
525
527
526
522
519
514
508
505
503
499
497
494
494
491
492
492
493
494
495
498
502
509
518
529
543
558
574
588
603
614
625
633
638
641
643
642
640
636
630
624
618
611
605
599
592
587
580
574
567
562
556
551
546
542
536
534
532
529
527
526
525
525
523
524
523
523
521
519
517
516
513
513
510
509
506
504
502
501
500
498
497
496
494
493
492
492
491
491
492
492
493
495
497
498
502
503
504
504
504
505
506
507
509
510
511
513
516
519
525
533
545
557
572
586
602
615
628
637
644
648
651
651
650
647
644
638
632
624
617
610
604
597
592
583
577
569
562
554
548
542
538
533
530
528
528
526
526
525
525
523
523
523
522
521
518
517
514
512
511
508
508
504
503
500
499
497
494
493
491
493
493
493
492
492
492
493
492
493
494
496
496
498
499
501
504
507
508
510
511
513
513
515
516
518
519
524
528
537
546
560
575
590
605
617
629
638
644
649
652
650
649
645
640
634
627
618
612
605
599
590
585
578
571
564
559
553
547
542
539
536
534
532
531
530
529
527
527
527
527
526
525
523
522
519
517
515
514
513
513
512
511
509
508
506
506
504
503
502
502
502
503
503
502
502
502
505
506
506
506
506
507
509
511
515
515
515
514
514
513
514
514
516
519
525
530
540
551
565
577
592
605
617
626
636
642
647
646
646
640
637
632
626
619
614
608
601
593
584
578
570
563
557
553
549
546
545
544
541
540
538
536
534
533
533
532
531
530
528
527
527
526
524
521
518
515
513
511
511
509
507
507
507
507
505
505
504
505
506
507
504
505
503
504
504
507
507
509
510
512
514
518
517
518
520
520
520
521
522
523
525
529
535
545
557
571
586
600
613
624
633
640
645
649
649
648
644
639
633
624
617
610
604
597
591
582
577
570
563
557
553
548
546
542
540
536
535
532
532
531
532
532
532
533
532
529
530
529
528
527
523
521
518
517
514
514
513
512
511
511
510
509
508
506
506
506
506
507
508
510
512
512
512
514
514
516
516
517
517
517
516
518
519
520
521
522
522
530
534
543
552
566
581
597
610
623
632
641
646
650
650
649
645
641
636
629
622
615
608
602
595
588
581
576
571
565
559
555
549
545
541
537
535
533
533
533
534
532
533
532
533
532
531
529
527
525
522
519
517
513
512
510
509
507
506
504
504
501
501
501
500
501
502
501
501
501
501
502
504
505
506
507
508
508
510
510
512
513
513
517
518
519
521
523
528
533
542
555
570
587
604
619
632
642
650
655
657
657
653
650
644
638
629
623
615
609
600
594
587
581
574
569
562
558
553
549
543
542
540
538
535
535
534
534
532
532
531
530
530
528
526
524
523
521
519
517
515
513
512
510
509
506
505
502
503
500
500
498
500
499
499
499
506
519
532
542
548
549
547
541
536
529
521
516
513
507
505
501
501
498
498
500
505
510
523
536
552
569
584
599
611
621
629
635
638
638
636
632
628
622
617
608
602
596
591
585
578
572
566
560
555
552
548
546
542
541
538
537
536
536
536
537
536
537
537
536
534
533
531
530
528
527
524
522
520
517
513
511
508
507
506
506
504
503
502
501
501
500
500
501
502
502
504
506
507
510
510
511
511
510
512
512
514
514
519
522
524
525
528
529
531
534
540
548
561
574
588
601
614
625
635
642
648
649
648
646
642
636
631
624
617
610
603
595
589
581
575
568
561
556
551
546
542
540
538
536
535
535
535
534
535
535
534
535
534
533
532
530
527
525
523
523
521
519
516
515
513
512
510
510
510
509
508
507
506
506
505
506
506
506
506
508
508
509
509
511
511
512
513
514
514
516
516
517
522
523
524
525
527
532
537
545
556
570
584
599
612
623
633
639
647
649
649
647
645
640
634
627
620
611
606
598
591
584
578
572
568
561
557
553
548
544
542
540
539
538
537
537
538
538
539
538
536
533
533
530
528
527
526
525
523
521
518
516
513
512
511
511
510
508
509
508
507
507
506
506
506
507
507
509
509
511
510
511
511
512
512
514
513
515
514
515
516
518
523
526
528
533
538
547
559
572
585
598
611
622
631
639
645
648
649
647
643
639
633
628
619
613
606
599
593
586
581
575
570
564
559
554
551
548
546
543
542
542
541
541
541
540
540
539
539
538
537
535
533
531
530
528
526
523
521
519
518
516
516
515
514
512
512
511
510
509
509
509
509
510
510
512
513
514
514
516
517
518
519
519
520
521
521
522
523
527
530
534
539
548
557
569
582
597
608
621
630
639
643
647
648
648
644
640
633
627
618
613
605
600
593
589
581
576
569
565
559
554
550
547
544
543
542
541
539
539
538
537
538
538
536
535
532
531
530
528
526
524
524
522
521
518
516
514
513
510
510
509
510
510
510
510
510
511
514
513
515
515
515
513
513
513
515
515
516
517
516
515
516
515
517
519
526
532
542
552
565
577
590
603
615
627
636
643
647
647
646
643
639
635
630
623
617
609
603
597
589
583
576
570
565
560
555
552
549
548
544
543
541
540
539
539
540
540
538
537
535
534
531
529
527
526
524
523
520
517
514
513
511
510
508
507
507
506
505
505
505
505
506
507
507
508
508
508
507
508
509
511
511
511
511
510
512
513
514
515
518
522
527
532
542
553
567
580
595
608
621
630
637
640
643
642
642
638
634
627
623
615
610
604
598
591
585
578
573
566
561
555
549
545
544
540
539
536
535
535
534
532
533
531
529
528
528
527
524
523
521
518
515
514
512
511
511
509
508
506
504
503
501
501
501
500
499
500
501
503
503
503
503
504
504
506
507
508
508
509
510
509
509
512
513
518
520
524
530
539
549
562
576
590
605
618
629
637
643
647
648
646
644
639
636
631
626
618
613
606
601
593
588
581
575
568
563
556
552
546
544
539
537
535
535
534
532
531
532
531
531
528
526
524
522
519
518
516
514
513
511
509
506
504
501
500
497
496
495
494
495
495
496
496
498
500
500
501
501
503
504
506
507
507
506
506
506
507
507
509
511
515
516
519
522
530
539
551
565
578
592
607
621
632
639
645
648
648
647
645
641
637
631
623
616
611
605
600
595
588
580
573
568
562
556
553
548
545
541
538
536
533
531
529
529
527
526
523
521
520
518
515
513
509
506
503
501
499
499
497
497
494
495
493
492
490
490
490
490
488
488
487
487
490
492
495
498
501
504
504
506
506
507
507
508
509
511
512
513
513
515
519
525
534
546
560
572
586
600
614
626
635
640
645
647
647
645
642
637
632
627
621
615
609
603
598
591
586
579
574
567
562
555
551
547
544
542
540
537
536
533
535
534
533
532
531
529
527
526
522
520
518
514
511
508
506
505
504
502
499
499
496
496
496
496
495
495
495
496
496
499
500
501
502
503
503
506
509
510
509
510
510
509
509
511
512
514
515
517
518
522
527
536
547
560
574
588
601
613
623
632
639
642
643
643
640
635
631
625
620
612
606
599
592
584
578
572
568
562
560
556
554
551
549
547
545
543
543
541
542
540
540
536
535
533
532
530
528
526
526
523
522
519
517
514
512
510
509
506
505
502
501
499
500
500
499
499
500
501
502
502
504
502
504
505
507
507
509
510
513
514
514
515
515
518
519
521
523
526
529
533
541
553
564
577
588
600
612
622
629
636
640
642
641
640
635
632
626
622
614
609
604
599
593
589
584
579
573
568
564
559
556
553
550
547
546
545
544
543
542
540
538
538
537
535
534
532
530
529
528
525
522
518
518
515
514
511
509
507
507
505
505
503
503
502
503
505
507
506
508
509
510
510
513
517
518
517
517
516
516
517
518
520
521
523
525
527
530
535
542
553
564
576
589
601
611
620
625
631
634
635
635
633
629
625
618
611
606
601
597
592
586
580
574
571
567
562
559
557
553
551
549
547
545
545
543
544
544
544
541
540
539
538
537
536
535
533
532
529
527
525
523
521
520
518
517
516
516
515
514
515
516
517
519
519
519
520
522
521
523
523
523
524
524
524
526
527
529
529
531
530
531
533
538
541
545
551
559
569
581
592
603
613
621
626
630
631
632
630
627
623
619
615
607
603
599
595
588
583
578
574
571
568
564
560
558
555
552
551
549
549
549
549
549
550
547
547
546
545
544
542
540
540
537
536
532
530
528
525
524
522
518
518
516
517
516
517
516
516
514
515
515
518
518
518
518
518
520
521
521
522
524
525
526
527
528
532
534
537
544
552
562
573
586
598
610
620
629
634
637
638
638
636
634
628
624
615
610
604
599
593
589
583
580
574
570
565
561
557
555
553
552
550
548
547
547
546
546
546
546
546
546
545
545
545
542
541
539
538
535
532
530
529
526
524
521
519
516
515
514
515
515
516
515
517
515
516
515
516
518
518
519
521
520
521
520
523
523
526
531
535
542
551
561
575
587
601
612
623
631
639
643
645
646
643
640
635
630
626
619
613
607
601
596
591
585
579
574
569
564
558
555
550
547
545
543
541
541
540
540
538
538
535
533
531
530
527
524
520
518
515
514
512
510
507
507
505
504
503
504
501
502
502
503
503
504
505
505
506
507
508
510
510
510
511
512
513
514
516
516
521
524
528
536
547
562
577
590
603
615
626
634
642
645
647
647
645
640
635
629
625
617
612
605
600
592
587
580
575
568
564
557
554
549
546
542
540
539
538
537
537
536
534
532
530
527
525
522
519
516
513
509
507
505
503
501
500
498
497
497
496
495
494
495
495
496
495
496
495
496
496
498
499
501
501
502
501
502
503
504
506
510
510
514
515
521
529
541
554
569
585
598
610
622
629
634
638
639
637
635
632
629
623
618
612
606
603
599
594
589
583
576
570
564
559
553
548
543
541
536
534
531
531
528
527
527
526
525
523
519
518
515
514
512
511
508
506
503
501
498
496
494
494
492
492
492
492
492
492
494
494
497
498
500
501
500
501
501
503
504
505
506
506
507
507
505
506
509
513
514
517
522
528
539
552
567
580
595
607
619
626
632
635
638
638
638
636
631
625
621
612
607
602
598
592
587
580
574
568
563
557
552
547
543
539
538
537
537
537
535
534
533
533
531
528
526
524
521
519
516
514
511
509
507
505
502
501
496
495
492
490
490
490
488
489
488
489
489
490
491
493
493
495
495
497
499
503
504
505
505
506
507
509
510
514
516
517
520
523
530
540
553
567
582
594
607
619
630
637
641
642
642
641
637
634
629
623
616
610
605
598
592
586
579
571
565
559
555
551
545
541
538
535
534
532
531
530
529
526
527
524
523
522
520
518
516
513
512
509
506
503
502
500
498
496
496
495
495
496
495
495
494
494
496
496
497
497
498
499
500
502
503
507
507
508
508
508
510
511
511
513
515
519
521
525
530
538
548
562
574
587
599
611
621
630
636
640
641
642
639
636
631
627
622
616
611
607
600
593
586
581
574
569
565
560
557
553
549
546
543
542
541
539
538
535
535
534
533
533
530
527
525
523
521
517
516
514
512
511
509
507
506
505
504
503
501
500
501
501
502
501
502
502
503
503
505
505
506
506
509
514
515
516
517
518
518
Loop stopped.
