Output started
30000
443
432
427
426
426
424
424
423
422
421
420
420
421
421
422
422
423
424
426
427
428
430
430
431
431
432
433
434
433
435
435
437
437
438
438
440
439
441
441
443
443
444
444
445
446
447
447
449
450
451
452
457
462
470
479
490
500
512
521
529
535
538
539
540
537
535
530
525
520
515
510
505
499
493
487
482
476
473
469
465
463
459
456
451
450
448
447
445
446
443
443
441
440
438
438
435
436
433
433
432
433
429
428
427
427
425
426
425
426
425
426
425
426
425
426
425
426
426
427
426
428
428
429
430
431
431
432
434
434
435
436
436
437
437
438
440
440
442
442
443
443
446
445
448
447
448
447
449
448
450
451
456
460
469
476
487
497
508
517
529
535
542
544
545
542
541
536
533
528
524
519
515
510
505
499
495
489
484
479
475
470
466
462
458
455
454
451
448
448
445
445
443
443
441
440
439
438
437
437
434
434
432
432
431
432
430
430
427
427
426
427
424
425
424
425
424
424
424
425
426
427
427
429
429
430
430
432
433
434
433
435
435
435
435
437
437
439
439
440
441
441
442
443
444
446
447
448
449
448
450
452
458
464
471
481
493
503
515
524
534
539
543
542
542
537
534
530
525
520
515
510
505
499
495
489
484
480
476
472
470
466
464
460
457
454
453
451
451
450
449
447
446
445
445
443
443
443
442
441
439
439
437
436
434
434
432
432
430
430
429
429
428
428
427
428
427
428
426
427
427
428
429
432
432
434
434
436
436
438
438
440
440
442
442
443
443
444
445
445
445
445
444
445
445
447
452
459
468
479
493
506
519
528
537
540
542
541
539
534
531
525
521
515
511
504
501
495
492
486
484
478
475
470
467
462
460
456
454
452
452
450
450
449
449
448
448
447
446
445
444
442
442
440
439
438
437
435
435
433
432
430
430
429
429
429
429
431
430
431
433
434
434
436
435
438
437
439
437
439
440
442
442
443
443
445
445
447
447
448
448
449
449
451
451
454
457
464
470
480
491
503
513
525
533
540
543
546
543
541
537
533
527
522
517
513
506
501
494
490
485
481
477
471
467
463
459
455
453
449
448
446
445
444
444
443
444
443
444
442
441
439
439
437
436
434
434
432
432
432
431
431
431
430
430
428
429
429
430
428
431
430
430
431
432
432
434
435
436
437
437
438
438
439
440
441
442
442
443
445
446
447
445
446
446
448
447
450
454
462
469
481
493
506
516
529
537
543
546
548
545
544
538
534
528
523
516
513
506
501
495
492
487
482
477
473
468
464
459
456
453
449
447
445
443
442
440
440
440
439
439
437
437
435
434
432
431
428
429
427
427
425
426
425
425
424
424
423
424
423
424
424
426
425
426
427
429
429
431
431
432
432
433
434
435
436
439
440
440
441
442
444
445
446
445
446
448
449
449
449
449
449
450
456
463
472
482
494
506
518
528
538
543
549
550
550
546
543
537
532
524
520
513
507
501
496
491
487
482
478
473
469
465
462
456
453
449
447
443
442
441
440
439
440
439
439
438
439
437
436
436
435
435
434
433
432
433
432
432
432
431
431
431
430
431
431
433
432
433
432
433
433
434
433
435
434
435
435
438
438
440
439
440
440
442
441
443
443
445
445
446
445
446
447
448
448
449
449
450
450
453
455
459
466
475
485
495
506
517
527
535
541
543
545
543
542
536
532
526
522
515
511
505
500
494
490
483
479
474
471
467
464
459
457
453
452
449
448
445
445
443
442
441
441
440
441
440
441
440
439
438
437
435
435
434
433
433
431
431
430
430
429
429
429
431
430
431
431
432
433
434
434
435
435
437
436
438
438
439
439
440
439
440
440
442
442
444
444
445
445
447
448
450
450
450
450
453
453
455
458
463
469
479
488
497
507
518
526
534
539
543
544
543
540
537
533
529
523
518
513
507
503
497
492
487
483
477
474
469
468
464
461
458
457
454
453
451
452
451
451
450
449
447
447
444
444
442
442
441
441
438
438
437
438
436
436
434
435
434
434
433
434
433
433
433
432
433
433
434
434
435
436
439
439
441
442
442
441
442
442
444
444
446
446
448
447
448
447
448
449
450
451
454
453
456
457
461
466
474
481
491
501
512
521
530
537
542
543
544
542
541
537
532
526
522
515
509
503
497
491
487
484
480
476
473
470
468
466
464
463
461
460
458
458
457
456
455
455
452
453
450
451
449
449
448
448
447
446
444
443
441
441
439
438
438
437
436
436
434
436
435
436
435
436
437
438
439
440
440
441
440
441
442
441
442
443
443
444
447
447
447
448
449
450
451
452
453
453
454
454
456
458
462
467
476
485
496
506
517
526
534
538
542
541
541
537
534
529
525
519
515
509
504
497
493
487
483
478
476
473
470
467
465
463
462
460
459
459
459
457
456
455
454
453
453
452
451
452
450
449
448
448
446
446
444
444
442
442
440
440
438
438
437
439
437
438
437
437
437
439
438
439
439
441
440
441
441
442
441
442
442
443
444
444
444
445
445
447
447
448
449
449
450
450
453
455
458
465
472
481
492
501
511
520
529
534
538
539
539
536
533
528
526
520
515
510
505
499
495
490
486
481
479
475
473
469
467
465
465
463
463
462
462
459
459
457
457
455
455
454
454
452
452
450
450
448
446
445
444
443
441
441
440
440
439
438
438
438
437
438
437
437
437
437
436
437
436
437
437
437
437
438
436
439
438
439
440
441
441
443
444
445
445
447
448
448
449
450
452
457
463
472
480
492
504
515
524
532
538
542
543
542
540
536
532
527
522
516
511
506
500
495
491
486
482
478
476
472
469
465
463
461
460
458
457
455
454
453
454
452
452
451
452
450
449
447
447
445
445
443
444
443
442
441
440
439
438
437
438
436
437
435
436
435
436
436
438
438
439
441
443
444
445
447
447
448
449
450
451
450
450
450
448
450
449
454
458
465
473
484
495
506
515
525
532
537
538
539
536
532
526
522
515
511
505
500
494
489
484
480
475
474
470
469
467
466
463
463
460
460
458
457
456
454
453
452
451
450
450
449
449
447
447
446
446
443
443
439
439
437
437
435
436
433
435
434
437
437
438
438
438
438
437
438
439
439
440
441
442
443
444
444
445
446
446
447
449
448
450
448
449
450
453
458
465
474
484
494
505
516
525
533
538
541
542
540
537
533
528
524
516
513
506
501
495
492
485
482
477
474
470
467
463
461
456
454
451
450
448
448
447
446
446
446
444
444
442
442
441
440
439
439
437
437
436
436
435
434
433
434
434
434
434
434
435
435
436
436
438
437
438
439
440
440
441
441
442
442
443
442
444
444
445
445
446
444
446
446
450
455
463
473
485
495
507
518
528
534
539
539
539
536
532
525
520
514
510
505
500
496
491
489
484
480
475
470
466
462
458
455
451
448
444
444
441
441
440
440
439
439
437
438
437
438
437
437
435
434
431
431
428
428
425
426
425
426
426
427
427
428
427
429
430
431
431
432
431
432
432
432
432
434
435
436
437
438
439
439
441
441
442
442
443
444
445
444
446
449
456
465
477
487
501
513
526
534
541
545
546
544
541
536
532
527
521
515
512
506
501
495
491
486
482
476
473
468
464
459
455
451
449
445
443
440
439
437
436
436
436
435
435
434
433
431
430
428
426
427
426
425
424
424
423
423
422
423
422
424
424
425
425
426
426
428
427
430
431
432
431
432
432
433
432
434
434
436
437
437
438
439
440
443
444
445
446
447
448
448
448
450
450
454
460
468
478
490
502
515
526
536
543
546
549
547
543
539
533
526
522
516
511
506
502
496
493
487
483
478
474
469
465
461
459
455
452
449
447
443
442
441
440
438
438
436
436
434
435
433
433
431
430
429
429
427
427
426
425
425
425
425
425
425
425
425
425
427
427
430
429
429
429
430
430
432
433
435
434
436
435
437
437
438
439
440
441
443
443
445
445
447
448
450
449
451
451
451
451
452
453
455
460
468
477
489
502
514
525
536
543
549
551
550
548
544
539
533
527
522
517
511
505
499
493
486
482
477
473
468
465
460
458
454
452
449
449
447
446
444
444
442
440
440
439
438
438
437
437
436
436
433
434
431
432
431
430
430
429
428
428
428
429
428
429
429
430
430
432
432
433
433
434
436
437
437
438
438
439
439
440
441
440
443
443
446
445
447
447
449
449
449
450
452
452
452
452
453
454
459
464
473
481
494
504
516
524
534
540
545
546
546
544
542
536
531
525
520
514
508
501
496
490
485
480
476
472
468
467
463
461
458
456
454
454
452
452
450
450
447
447
445
444
442
443
441
442
439
440
438
437
436
436
434
433
432
432
431
432
431
432
432
433
432
432
432
433
434
434
435
436
437
439
440
440
442
441
441
441
443
443
444
445
446
445
448
448
449
449
451
452
453
454
457
459
467
475
485
494
505
516
527
535
542
546
547
545
544
540
537
531
527
522
516
510
503
497
491
486
482
477
474
470
467
463
462
459
458
457
455
454
454
454
453
452
452
451
450
450
448
448
446
445
444
443
441
441
439
439
437
437
434
435
434
434
434
434
434
435
434
435
436
437
437
439
439
441
441
442
441
443
443
445
445
447
445
446
445
447
446
448
447
448
450
452
452
454
457
462
469
479
489
499
512
521
532
540
546
548
549
547
546
541
538
532
527
521
516
509
504
497
493
487
484
478
476
473
470
466
465
463
463
460
460
458
458
455
455
453
451
449
448
446
446
445
444
442
440
439
438
438
437
437
436
436
434
433
432
432
432
432
431
432
431
433
433
435
435
437
436
437
437
438
438
441
442
443
442
443
442
443
443
444
446
449
449
450
450
451
453
458
463
472
481
491
502
514
525
535
543
546
550
548
546
543
538
533
528
523
518
513
507
502
496
491
488
483
481
477
474
470
467
464
462
459
458
457
457
456
456
455
456
455
455
455
454
452
451
449
446
444
444
442
441
439
439
438
437
435
437
436
437
436
437
437
437
436
437
436
437
437
439
440
442
443
442
442
444
445
445
445
444
446
445
448
447
448
448
450
451
454
457
466
474
485
495
509
519
529
535
541
542
541
539
537
530
527
521
517
511
507
501
495
489
484
479
476
472
470
466
463
462
461
460
458
459
458
459
457
457
455
456
454
454
453
454
452
452
450
451
448
447
445
445
441
441
439
440
438
437
436
436
434
435
433
434
433
434
435
436
435
436
436
437
437
438
438
440
440
440
440
440
440
440
441
442
444
445
446
446
449
454
462
469
480
489
502
513
523
531
537
539
541
538
536
533
530
525
520
514
509
504
501
495
490
486
483
478
475
473
471
468
466
464
464
463
463
462
461
460
459
457
456
454
455
453
452
451
449
448
446
446
444
442
441
440
438
437
435
435
433
433
432
433
433
433
432
433
432
434
433
435
434
437
436
438
437
438
438
439
439
441
440
443
444
445
445
447
450
455
461
469
478
488
499
511
521
530
536
541
541
541
538
535
529
526
520
515
510
505
500
493
488
482
479
474
472
467
465
460
459
457
457
454
456
454
455
452
450
448
447
445
445
444
443
441
441
439
439
436
436
433
433
433
432
429
429
428
428
426
426
425
427
427
428
429
429
430
431
433
434
435
436
436
438
439
439
441
441
442
443
443
442
444
443
446
446
452
458
467
476
488
499
511
520
529
534
539
539
538
536
532
528
523
517
511
505
499
493
486
479
475
470
467
463
461
458
456
453
451
449
448
447
446
446
446
444
443
443
442
442
441
441
440
439
438
438
438
437
436
436
436
436
435
435
435
435
435
437
435
438
438
440
439
440
441
442
442
444
444
446
447
447
447
449
448
449
448
451
450
451
450
450
450
450
452
458
466
474
484
495
506
516
526
532
538
541
541
537
533
526
522
514
509
502
497
490
485
479
474
469
466
461
458
454
452
448
448
445
445
443
444
443
442
442
442
441
441
440
441
441
441
439
439
437
437
436
435
434
434
433
433
433
433
433
434
436
435
436
436
437
436
438
437
438
437
439
439
440
440
442
442
444
444
446
447
449
449
452
450
452
453
455
458
466
474
486
498
511
521
533
542
549
553
553
551
548
542
536
530
524
518
511
505
499
494
488
482
477
472
467
465
459
455
451
448
447
445
444
443
441
442
440
440
439
440
438
438
436
435
433
431
429
428
426
425
423
422
422
422
421
423
423
423
423
425
425
427
427
429
430
431
432
433
433
435
436
437
438
440
441
442
443
443
444
444
445
444
445
444
446
450
455
463
475
486
500
510
524
532
540
543
546
544
542
536
531
524
519
513
509
503
498
493
490
484
480
475
471
465
462
457
453
448
447
445
444
442
442
441
441
440
439
440
440
439
438
436
436
435
432
431
430
429
427
427
426
427
425
426
424
426
425
426
426
428
429
431
432
432
432
434
434
435
435
437
436
439
439
441
442
444
443
444
443
444
443
445
445
446
447
450
454
463
473
484
497
511
522
531
539
543
545
543
542
536
533
527
521
514
509
503
498
493
488
483
479
474
470
464
461
456
455
450
449
446
445
443
442
440
441
441
441
441
441
440
441
439
437
436
435
432
432
431
430
429
428
428
427
427
426
426
426
427
427
428
429
430
431
432
433
434
435
435
435
435
435
436
436
437
438
439
439
441
440
442
443
444
443
445
445
446
Loop stopped.