Output started
30000
386
368
362
360
361
360
360
361
361
361
363
363
364
364
365
365
367
367
368
368
370
369
369
371
371
372
374
375
377
378
378
380
380
382
382
383
382
384
383
386
386
387
387
390
392
398
403
411
419
427
434
442
447
452
455
458
458
459
458
456
452
449
444
441
438
436
432
430
426
422
418
415
411
408
405
402
399
396
395
392
390
388
387
387
388
386
386
384
384
382
382
380
379
376
376
373
373
371
371
368
368
367
367
366
367
366
367
365
366
366
368
367
369
369
369
370
370
371
372
372
374
374
374
374
374
375
377
377
378
379
381
381
381
381
383
383
384
386
386
388
389
393
397
405
410
419
425
434
439
446
451
456
457
460
458
458
455
454
449
447
441
439
436
434
430
428
423
421
416
414
409
407
403
402
398
397
394
393
392
392
390
390
388
388
387
385
384
383
381
380
381
378
378
376
376
374
374
372
372
370
371
369
370
368
370
370
370
369
372
371
372
372
373
372
374
373
375
375
376
375
376
376
379
379
380
381
381
382
384
384
385
386
387
386
387
386
387
388
388
388
389
392
394
398
403
411
417
424
431
437
442
449
451
456
456
458
456
455
452
450
446
444
439
437
433
431
426
423
419
417
412
410
406
405
401
400
397
395
395
394
394
393
392
391
390
389
388
388
386
385
383
382
381
381
380
379
378
377
377
376
376
374
375
373
374
373
374
373
374
373
374
374
376
376
377
376
378
377
378
379
380
381
381
380
381
382
383
384
385
385
386
387
388
389
390
389
391
390
392
391
392
392
393
394
398
403
408
414
421
427
433
440
444
448
451
454
453
452
450
449
445
442
437
435
431
428
424
422
417
415
410
408
405
404
401
401
398
398
398
397
396
396
396
396
395
396
394
394
392
393
391
390
388
389
387
386
385
385
383
382
381
380
379
380
379
379
380
380
380
379
380
379
381
380
381
381
383
382
384
383
384
383
386
386
386
385
386
385
387
387
389
388
390
390
392
392
393
395
400
405
412
416
424
429
436
440
443
445
447
447
448
446
443
440
437
433
430
427
425
421
418
416
412
411
407
405
403
402
399
399
396
397
395
397
396
395
394
395
394
394
393
393
392
392
389
389
388
388
386
385
383
384
383
383
382
382
380
381
380
380
380
379
379
379
379
380
379
381
381
382
383
385
385
385
386
385
387
387
389
389
390
390
391
390
392
394
399
403
410
415
423
429
436
440
445
447
450
449
450
448
446
442
440
436
433
429
428
424
421
419
416
413
411
407
406
403
401
399
396
394
393
393
393
393
392
392
391
391
391
391
389
389
387
387
385
385
382
383
381
381
379
379
378
378
378
377
376
377
376
377
376
377
376
378
377
379
379
381
380
381
381
383
383
384
384
385
385
387
387
388
389
390
392
396
401
405
412
418
425
432
438
443
448
450
453
452
452
449
448
444
441
436
433
430
429
425
423
418
416
413
411
408
406
403
401
398
397
394
395
392
394
392
392
390
390
388
388
386
387
385
384
383
382
380
380
379
378
377
376
375
374
375
374
375
374
373
373
375
375
376
376
376
376
377
376
378
378
380
378
379
379
380
380
382
383
384
384
386
385
388
388
392
396
402
408
416
423
430
435
441
445
448
450
451
449
449
447
444
441
439
435
433
429
426
423
420
417
415
412
408
407
403
402
398
396
394
393
391
390
388
389
386
387
385
385
383
382
380
380
379
379
376
376
374
374
373
372
371
370
369
369
370
370
369
370
369
371
372
373
372
373
373
374
375
376
375
376
376
378
379
379
380
380
381
381
384
383
385
385
386
386
388
390
396
401
409
416
423
430
437
442
448
449
453
453
453
451
450
447
444
440
438
434
432
427
425
422
420
417
415
410
409
404
403
399
397
395
394
392
391
388
389
388
387
387
386
385
384
384
383
383
380
378
376
377
375
374
373
373
371
371
369
370
369
370
369
370
369
370
370
371
370
371
372
373
373
375
374
376
375
377
376
377
378
379
379
380
381
382
382
383
383
384
383
384
386
387
387
389
391
395
401
408
416
423
432
438
445
449
454
455
458
455
456
453
452
447
445
439
437
434
432
427
426
421
419
414
413
408
407
404
401
399
397
394
393
391
391
390
389
387
387
386
387
385
385
384
383
381
380
379
377
376
375
374
374
374
373
373
371
372
370
372
370
373
371
373
372
373
372
374
374
375
376
376
376
378
378
378
377
380
379
380
381
382
383
384
383
384
383
384
384
386
387
388
389
390
390
391
394
399
405
411
419
426
433
440
446
452
456
457
460
458
457
454
452
448
444
440
438
433
431
426
424
420
418
414
412
408
407
403
402
399
398
394
394
392
391
390
390
389
389
388
388
386
386
384
384
383
381
380
378
377
377
375
375
374
373
373
372
371
372
372
372
372
372
373
373
374
374
375
376
377
376
379
377
379
378
380
379
380
380
382
382
384
382
385
385
387
386
388
388
389
387
389
389
390
390
391
390
392
394
398
403
409
415
423
430
438
444
450
455
458
461
462
461
459
458
454
453
448
445
441
439
433
430
425
423
418
416
412
411
407
406
403
401
398
397
394
395
393
393
391
392
391
391
388
389
388
387
386
385
383
383
381
381
379
379
378
378
376
375
374
374
374
372
373
372
373
373
374
374
376
375
376
377
378
377
379
378
380
380
382
380
382
381
383
383
385
384
386
385
386
387
389
387
389
388
390
390
391
391
392
393
395
400
406
411
419
426
432
439
447
451
456
458
460
460
460
458
456
453
449
445
441
438
434
431
427
425
420
417
413
410
406
406
402
401
399
398
396
395
394
394
393
393
392
393
391
390
389
389
387
387
385
385
383
383
382
381
380
379
378
378
378
378
377
377
376
377
377
376
376
376
377
377
378
378
380
380
381
382
382
382
384
383
385
383
385
385
387
387
388
387
389
388
390
388
391
390
391
392
393
393
395
396
401
406
413
418
426
432
438
444
450
453
457
458
459
457
456
452
450
446
442
438
435
432
428
425
422
418
414
413
408
408
405
404
401
400
399
398
397
397
395
396
395
395
393
393
392
393
391
392
389
389
387
387
384
385
382
383
380
380
380
380
379
379
379
380
380
379
380
380
379
380
380
381
380
380
381
381
383
383
384
384
385
386
387
386
388
387
389
388
390
389
390
389
391
390
392
391
393
393
396
398
404
409
417
421
429
435
442
447
451
454
458
458
457
455
453
449
446
442
439
435
433
430
427
422
419
415
412
409
406
404
403
401
399
398
398
398
397
398
397
398
397
396
394
396
393
394
392
392
390
390
387
388
386
386
385
385
383
383
382
382
380
382
380
381
381
381
381
382
380
382
381
383
383
384
385
385
385
387
387
388
389
389
390
390
390
390
391
392
393
393
394
393
395
394
396
400
405
408
415
421
428
433
441
445
449
452
455
454
456
453
450
447
444
440
437
433
432
427
425
421
419
415
413
409
408
405
404
402
401
399
399
397
397
396
397
396
395
396
395
395
394
393
391
391
389
389
387
388
385
385
384
384
381
382
381
381
380
381
379
380
380
381
381
383
382
384
384
384
383
385
384
386
386
387
388
388
387
388
387
389
390
391
392
392
393
393
394
397
400
405
412
418
425
432
438
442
447
449
452
451
452
450
448
443
442
437
433
429
427
422
421
415
413
409
408
404
403
400
400
398
399
397
398
397
399
398
398
397
398
396
397
395
395
394
393
391
391
390
390
388
387
385
384
383
381
382
381
381
381
381
381
382
381
383
383
384
385
386
385
386
386
387
386
389
388
389
388
390
389
391
389
392
394
399
403
411
416
424
430
436
441
446
449
451
451
452
449
447
443
439
435
432
428
426
422
420
416
413
410
407
405
403
402
399
400
398
398
397
398
398
399
398
397
396
396
394
395
392
393
390
390
387
388
385
384
383
382
381
380
378
380
378
378
377
378
377
378
378
379
379
381
381
383
382
383
384
384
384
385
385
386
387
387
389
391
395
401
408
416
425
431
439
444
449
450
454
454
454
451
449
444
442
437
436
431
430
426
424
420
418
414
412
409
407
403
402
399
398
395
394
394
394
392
393
391
391
390
390
388
388
386
385
384
382
379
377
376
375
374
373
372
372
372
370
371
370
371
371
372
370
371
370
373
372
374
374
376
375
376
376
377
377
378
379
380
381
384
386
393
400
409
417
427
434
443
449
455
457
459
459
459
456
453
450
448
444
441
437
433
431
427
425
421
418
414
410
406
404
400
398
394
393
389
389
387
387
385
386
383
383
381
380
377
377
374
373
370
369
367
367
365
364
363
363
361
361
361
362
361
362
361
362
362
363
364
365
366
367
368
368
368
369
370
371
372
374
374
375
376
378
381
384
390
397
408
416
427
434
444
449
456
459
463
462
461
458
456
451
449
445
442
438
437
432
430
426
423
418
415
410
406
401
397
393
391
386
384
382
381
379
379
377
377
375
375
372
370
368
366
365
363
361
360
358
357
357
356
355
355
355
353
354
353
355
353
356
356
358
358
359
359
361
361
362
362
363
363
365
364
366
366
369
369
370
370
372
373
374
373
374
375
377
379
385
391
400
411
422
433
443
451
458
463
467
468
468
468
465
463
458
456
451
448
444
440
435
432
427
423
417
413
407
402
397
394
389
387
382
382
379
377
375
376
373
373
370
370
368
367
365
364
362
361
359
358
357
355
353
353
353
352
350
350
349
350
350
350
350
352
352
353
355
356
356
356
358
358
361
362
364
363
365
365
368
368
370
369
372
372
374
373
375
375
376
376
378
377
379
380
382
387
395
404
415
424
436
445
454
461
467
469
471
470
469
465
462
456
451
447
445
441
436
432
428
425
420
415
409
406
400
397
393
390
385
384
380
380
378
377
375
375
373
373
371
371
368
367
365
365
362
362
359
359
357
355
354
354
352
353
352
354
353
354
354
355
354
356
356
357
357
358
359
359
360
361
362
363
363
365
367
366
368
368
369
370
372
371
373
373
375
373
375
374
377
377
379
379
381
380
383
385
392
398
410
419
428
436
447
453
460
464
467
468
468
465
463
458
454
450
445
442
439
434
430
425
421
416
413
408
405
402
398
395
392
390
387
386
383
382
381
381
378
379
376
377
374
374
371
371
368
368
365
364
362
362
360
360
358
358
357
358
358
358
357
359
358
360
359
360
361
362
363
364
364
365
365
366
366
368
368
369
370
372
373
373
374
376
379
379
380
380
381
381
382
382
383
383
384
384
386
387
393
397
405
412
422
429
437
444
451
454
460
462
462
460
459
456
454
449
446
442
439
436
433
429
426
422
419
415
412
409
407
404
400
398
396
394
392
391
390
390
389
390
388
388
385
385
383
382
379
379
377
376
374
373
370
370
370
369
367
368
366
367
367
368
367
367
367
368
367
370
369
370
371
372
372
374
374
374
374
375
376
377
378
379
379
380
380
381
382
383
383
384
385
385
387
386
388
388
389
389
391
390
393
396
402
407
413
420
427
434
441
446
452
455
459
460
461
458
458
454
451
447
444
440
438
435
432
429
426
423
421
418
415
411
409
406
405
401
399
397
395
394
393
393
392
390
