Output started
30000
435
420
414
412
409
411
409
409
408
408
407
408
407
407
406
407
405
405
405
404
403
403
403
403
401
401
400
400
400
399
399
398
398
397
396
397
397
397
397
397
398
397
399
397
398
398
399
398
399
397
399
398
400
399
400
399
400
400
402
402
403
403
403
403
403
403
403
403
404
404
404
404
406
405
406
406
407
409
411
413
417
421
426
430
435
438
441
443
445
445
446
446
445
445
443
443
441
441
439
439
438
438
437
437
433
433
431
431
428
429
428
426
423
423
420
421
419
419
417
416
414
414
412
412
409
409
407
407
406
405
404
403
402
402
401
402
400
400
399
398
398
398
397
397
397
397
397
397
398
397
398
397
396
397
397
397
398
396
398
398
399
397
398
397
398
398
400
399
400
400
401
402
405
406
411
414
419
423
427
431
435
436
439
438
438
438
438
437
437
435
435
434
435
434
434
433
432
431
429
428
426
425
424
423
422
423
421
420
418
418
415
415
412
413
410
410
407
408
405
406
404
404
401
401
399
399
398
398
396
396
395
395
394
395
395
395
393
395
394
395
394
394
394
395
394
395
395
396
396
396
396
396
397
398
397
398
399
399
400
399
400
400
402
401
402
401
402
400
402
404
407
409
414
418
425
429
433
436
439
439
441
440
440
440
440
438
437
436
434
434
433
431
430
428
428
426
425
424
423
423
421
419
418
416
416
415
414
414
413
412
410
410
408
409
407
408
405
404
402
403
401
401
399
400
399
398
396
398
396
397
396
396
395
396
396
397
396
398
397
398
397
399
399
398
397
398
398
399
397
400
399
400
400
401
402
402
402
402
402
402
403
403
403
403
403
403
404
403
404
405
408
410
414
418
423
428
434
436
440
442
445
444
445
444
444
441
442
440
440
438
438
436
436
433
433
429
431
428
427
424
424
421
419
417
416
414
413
412
412
410
410
408
406
405
403
403
403
401
401
401
399
400
398
398
396
396
395
395
393
395
393
394
393
394
393
395
394
394
394
395
393
395
394
395
394
396
396
397
396
397
396
397
396
397
397
398
397
398
399
400
400
400
400
401
401
401
401
401
401
401
401
400
400
402
406
406
411
415
421
425
431
434
438
441
443
442
444
442
443
441
440
440
439
436
436
434
435
433
432
429
430
428
428
427
425
422
420
417
416
413
412
412
411
409
410
409
408
407
406
405
404
402
401
401
400
398
397
397
396
397
395
396
394
394
393
393
392
393
392
393
393
393
392
393
393
394
394
395
393
395
395
395
395
395
394
396
395
396
395
395
395
395
395
398
397
397
397
398
398
398
398
398
398
400
400
400
401
401
401
401
401
402
405
407
411
415
421
425
431
435
439
441
444
444
446
445
445
443
442
440
440
438
438
436
436
434
433
431
431
428
429
427
425
423
422
418
417
415
415
412
412
410
410
408
409
407
407
405
405
403
401
401
400
399
400
398
397
397
396
396
395
395
394
395
394
395
394
395
394
395
393
394
393
394
393
396
394
395
394
396
396
397
396
396
396
398
397
398
398
399
399
399
399
400
398
400
400
399
400
400
400
400
400
400
400
400
401
401
401
402
404
403
404
404
405
403
404
403
405
406
409
411
416
419
425
429
435
438
443
443
446
444
445
442
443
441
440
438
437
435
435
433
432
431
430
428
429
427
426
424
422
420
418
417
415
414
413
412
410
411
410
410
409
407
406
407
405
406
404
403
402
403
402
402
400
401
398
400
397
398
398
398
397
398
397
398
397
398
397
398
397
398
398
399
399
399
399
399
399
401
400
401
400
401
401
402
401
402
402
402
402
402
401
402
402
403
403
403
404
404
405
405
406
405
406
407
408
406
407
406
408
408
410
412
414
416
422
426
431
434
438
440
443
443
444
443
443
441
441
439
439
436
436
434
434
431
431
428
429
427
427
425
423
421
420
417
416
415
415
414
413
412
411
411
409
410
408
409
408
406
406
405
403
404
403
402
400
401
400
401
399
401
398
399
397
399
398
398
397
398
397
398
398
398
398
398
399
400
399
400
399
400
400
400
400
401
401
403
401
403
402
402
402
402
403
403
404
404
406
405
406
406
407
406
407
406
407
407
407
406
408
408
410
411
414
415
420
422
429
432
437
439
441
441
443
441
441
439
439
438
438
436
435
434
433
432
432
429
429
427
426
425
424
423
423
423
422
421
419
418
418
418
416
416
415
414
412
413
412
411
410
410
409
409
407
408
406
406
405
405
403
404
403
403
402
403
402
402
401
403
403
404
403
404
404
404
404
404
404
405
405
406
405
405
405
405
405
406
406
407
405
405
406
406
406
407
406
407
408
407
409
409
410
410
410
409
408
408
411
412
415
416
421
423
429
431
436
437
439
439
440
439
439
437
437
435
434
431
432
430
430
428
427
425
425
423
424
423
422
420
421
419
419
417
417
417
416
415
414
413
412
412
412
413
412
411
410
409
406
406
405
406
405
405
404
405
403
403
403
404
403
403
402
404
403
404
404
405
403
405
404
405
404
405
405
406
405
406
405
407
405
406
406
407
405
407
406
406
406
406
405
406
407
408
408
407
407
407
409
411
415
416
420
424
428
431
435
437
440
439
440
440
441
440
439
437
436
434
435
434
434
432
433
431
430
429
428
426
426
424
423
423
422
421
419
419
418
418
418
416
416
415
413
412
411
411
409
408
406
406
406
406
405
404
402
403
402
402
402
401
401
402
401
403
401
402
402
403
402
402
401
403
402
404
403
404
404
404
404
404
403
404
404
404
404
404
404
405
404
405
406
407
406
406
405
407
409
411
413
417
420
424
428
432
435
438
439
439
440
439
439
438
437
435
436
434
434
434
433
432
432
430
431
428
426
424
424
422
420
418
418
417
416
414
414
412
413
411
412
410
409
408
408
406
407
404
405
404
403
401
401
400
400
399
399
399
397
398
396
396
398
399
398
398
398
398
398
399
398
398
397
399
398
400
398
400
399
400
399
400
399
400
400
400
400
401
400
402
401
402
401
401
400
402
403
405
407
410
414
419
423
428
431
435
436
438
439
439
438
437
436
435
435
435
435
434
433
432
432
429
429
426
426
423
424
421
421
417
418
415
416
413
413
411
411
409
409
406
407
404
404
404
403
402
401
400
401
399
399
398
397
396
396
395
394
395
395
395
395
396
395
394
394
395
395
396
395
395
395
395
395
396
396
396
396
397
397
397
397
398
397
397
397
399
397
399
398
400
399
400
399
401
400
401
400
402
402
402
402
403
405
408
409
414
418
423
427
431
434
436
437
438
437
438
437
436
434
434
434
432
432
431
431
431
429
427
427
425
423
421
421
418
418
414
414
411
412
410
410
407
408
407
407
404
404
402
403
401
402
400
399
397
398
397
398
396
397
396
396
394
396
394
395
394
394
394
396
394
396
395
396
395
396
396
396
396
395
396
397
399
399
400
397
397
397
398
398
399
398
400
399
400
400
401
400
401
401
402
402
403
402
402
402
405
405
409
411
416
418
424
427
432
433
435
435
437
436
437
435
435
433
432
430
430
430
429
428
428
425
424
423
421
421
420
420
417
418
416
416
413
413
411
412
410
411
408
408
406
407
405
405
403
403
401
401
399
400
399
399
398
399
398
398
397
397
395
395
395
395
395
395
395
396
395
394
395
395
395
395
395
396
396
396
397
397
398
397
398
398
399
399
400
400
400
399
401
400
402
401
403
402
403
402
403
403
405
407
409
411
414
418
421
423
428
431
434
434
435
435
435
434
433
431
431
430
430
430
430
428
427
425
424
423
423
421
420
419
418
416
416
416
416
415
415
415
414
414
412
412
410
410
407
408
406
407
405
404
402
404
401
401
400
400
399
399
398
398
397
398
397
398
396
398
396
397
396
397
397
397
396
398
398
398
398
399
397
399
398
398
398
398
399
399
399
401
401
401
403
402
401
401
402
403
406
407
410
411
417
419
425
427
430
431
433
432
434
432
432
430
431
429
429
428
428
427
427
425
425
423
423
422
422
420
420
418
418
417
418
415
416
415
414
413
412
412
411
411
409
409
408
408
408
408
405
406
404
405
403
404
401
402
401
402
400
402
400
401
399
400
399
401
400
401
399
400
399
400
399
400
400
401
400
402
401
401
401
402
401
401
402
403
404
404
403
404
404
404
406
408
410
411
415
419
422
426
429
431
434
435
437
436
437
434
435
434
433
431
431
430
430
428
429
428
428
427
426
425
425
423
422
421
421
419
419
418
418
417
417
415
415
413
412
411
412
411
411
409
409
408
409
407
407
406
405
404
403
403
403
403
403
403
403
403
403
404
403
402
402
403
402
403
402
403
402
404
402
404
402
405
403
405
403
405
404
405
404
405
405
407
406
407
406
407
405
406
407
409
411
414
416
420
422
427
429
432
434
436
437
437
437
437
435
434
433
431
431
430
429
429
428
428
427
426
427
424
424
421
421
419
420
418
420
418
420
417
418
416
416
415
415
412
413
411
411
409
410
409
410
409
409
406
407
406
407
406
407
406
406
406
406
406
406
407
407
408
407
407
406
408
408
409
409
409
409
410
409
410
410
411
410
410
409
410
408
410
409
411
410
411
409
409
409
411
411
414
415
419
420
425
428
432
433
437
437
439
438
439
438
437
435
434
433
433
431
431
430
430
429
429
427
425
424
423
423
421
420
419
419
418
419
418
417
417
417
414
415
414
414
413
413
411
412
411
411
410
409
408
408
408
408
407
408
408
408
407
407
406
407
405
406
406
407
407
407
406
406
406
407
406
408
407
408
407
408
407
407
407
406
406
407
409
409
411
409
409
408
408
409
412
414
416
418
422
425
429
431
434
435
436
437
439
437
437
436
436
434
434
432
433
432
432
431
429
428
428
426
426
425
424
422
422
420
421
420
421
419
419
419
418
416
415
414
413
412
411
412
410
410
408
408
408
407
406
406
404
405
404
405
403
404
402
404
403
404
404
405
404
405
404
405
405
405
405
406
405
407
406
406
406
407
406
407
406
407
407
407
406
407
407
407
407
407
407
408
409
412
413
415
418
422
426
428
432
433
434
434
435
434
434
433
434
431
431
430
430
429
431
429
429
427
428
426
426
424
423
421
421
419
419
417
419
418
418
416
416
415
414
413
411
411
410
409
407
407
407
406
406
404
403
402
402
403
403
402
402
402
401
402
401
402
401
403
402
402
401
402
402
403
402
403
402
404
403
404
403
404
403
403
403
404
404
405
405
405
403
404
404
404
404
405
404
406
407
409
410
412
415
420
423
428
430
434
434
435
436
436
436
437
436
437
437
435
435
433
433
431
432
430
430
427
427
425
424
422
422
420
421
419
420
418
418
416
416
415
415
413
412
411
412
409
409
408
408
406
406
404
404
403
403
402
402
401
401
401
401
400
400
399
399
399
400
400
400
401
401
401
401
401
401
401
401
401
401
401
401
402
401
403
401
403
401
403
402
403
401
403
401
402
402
402
402
402
401
405
406
410
411
415
418
423
426
431
434
435
436
437
436
437
437
435
435
435
433
432
431
431
431
429
428
427
426
425
424
423
421
420
420
419
419
417
417
414
415
412
412
410
410
408
409
407
407
404
405
403
403
402
401
400
401
399
399
398
399
398
399
398
398
397
398
398
398
399
398
398
399
398
398
399
398
398
398
399
399
399
400
400
399
400
399
400
399
401
401
401
400
401
400
401
400
402
402
402
402
403
403
404
407
410
412
417
420
425
429
433
434
437
437
438
437
437
436
436
435
434
432
432
430
430
427
427
425
425
424
422
422
422
420
419
418
418
418
417
416
415
414
413
412
411
411
409
409
408
408
406
406
404
404
402
402
402
401
400
400
400
400
399
400
399
399
398
399
398
399
398
399
398
400
400
400
399
400
400
401
400
401
400
400
401
400
401
400
401
400
401
401
403
402
403
403
404
403
404
403
404
402
405
403
403
404
407
408
412
413
418
422
427
429
434
435
437
438
439
438
437
436
436
433
433
431
431
429
428
427
426
424
424
423
422
421
420
418
416
416
416
414
414
414
413
413
412
412
411
410
409
408
406
406
404
404
402
402
400
400
399
400
398
399
398
398
398
398
398
398
398
399
399
399
398
399
399
400
400
400
400
401
400
401
400
400
400
401
401
402
401
401
401
401
401
402
402
402
402
403
404
403
405
405
405
405
405
405
406
406
409
411
414
417
422
424
429
432
436
438
441
440
441
440
441
438
437
434
433
432
431
428
428
426
426
425
425
423
422
420
420
418
418
417
416
416
417
414
413
412
412
411
411
410
410
409
409
408
406
406
405
405
403
404
402
404
402
403
401
402
400
400
400
401
401
401
400
402
400
401
400
402
402
402
401
403
402
402
402
403
402
403
403
403
404
404
404
405
404
404
405
405
405
405
405
405
406
406
406
406
408
408
411
412
416
418
423
427
431
433
438
439
441
439
439
438
438
436
435
433
432
431
430
428
427
425
425
424
423
422
422
421
421
420
420
419
419
418
419
418
417
417
417
415
415
414
413
412
411
410
410
408
407
407
406
407
406
406
404
404
403
404
403
402
402
402
401
402
401
402
401
403
403
403
402
402
402
404
402
403
403
404
403
404
403
404
404
405
404
405
405
406
405
406
406
407
Loop stopped.
