Output started
30000
570
569
568
568
566
565
561
558
551
546
541
538
533
532
528
526
522
520
517
515
513
511
508
507
507
507
507
507
507
509
508
509
509
508
507
508
507
508
507
505
503
501
500
498
497
496
497
496
494
492
493
491
491
489
491
489
491
490
492
492
493
493
494
494
496
496
497
498
499
499
500
499
500
501
503
503
504
504
505
504
505
505
510
511
515
521
527
535
541
550
557
564
569
573
574
575
575
573
569
565
560
555
551
546
541
538
534
532
528
528
525
524
522
519
516
515
513
514
512
513
512
512
512
512
511
512
511
511
510
510
510
509
506
505
503
502
501
500
498
497
496
496
495
494
495
494
495
494
495
494
495
494
496
496
497
497
499
499
500
500
501
501
502
502
504
504
503
503
504
504
505
505
506
506
508
507
508
510
515
518
524
528
535
543
552
560
567
573
577
579
580
578
576
572
567
562
558
553
549
545
540
537
534
531
529
528
525
523
521
519
517
514
513
512
510
510
510
510
510
511
511
512
512
511
511
511
509
508
507
507
503
503
502
500
498
497
495
493
492
492
491
491
489
489
489
489
489
488
488
489
488
489
489
490
490
490
492
492
492
492
493
493
494
494
495
496
496
495
496
495
497
498
499
499
501
502
505
507
511
515
522
528
537
545
554
560
568
572
576
576
576
573
571
566
562
556
553
548
545
541
538
534
532
530
529
527
525
522
520
519
517
517
514
514
513
513
514
515
515
515
515
515
513
514
512
512
510
510
507
507
504
504
502
501
500
498
496
496
495
494
492
492
491
491
490
489
489
491
490
491
490
491
491
492
492
493
492
493
494
494
497
497
497
497
498
498
500
501
502
501
503
505
506
506
508
511
514
517
522
528
536
544
553
559
565
570
574
574
573
572
568
564
559
552
548
543
539
535
531
528
526
522
521
518
516
514
513
511
511
510
509
509
510
510
510
510
511
512
512
513
513
513
512
512
510
510
509
508
506
505
504
503
501
500
499
499
496
497
496
496
495
496
496
497
497
497
497
498
497
498
499
500
499
501
501
503
503
503
503
504
505
508
507
508
508
509
510
510
512
514
517
520
525
531
538
544
551
557
562
566
569
570
569
567
564
558
555
549
545
540
537
532
529
526
524
522
520
517
516
513
513
510
511
511
513
511
513
513
515
516
517
517
519
520
520
519
519
518
518
515
515
514
512
510
510
509
508
507
507
506
506
505
505
506
506
506
506
506
507
508
507
508
508
510
510
511
510
512
512
513
513
516
516
517
517
518
518
520
521
525
527
532
536
543
549
556
562
568
570
573
573
573
572
569
564
559
553
549
545
540
536
533
530
527
526
524
520
519
518
515
515
512
512
512
513
512
514
513
515
515
517
516
517
516
517
517
517
515
514
512
511
509
509
508
507
505
505
503
504
503
503
502
503
502
502
502
504
502
504
505
505
505
506
507
507
508
509
509
510
511
512
513
516
518
520
524
527
533
539
546
551
557
562
566
568
571
570
569
565
563
558
553
548
544
540
537
533
531
528
525
524
522
521
518
517
516
514
514
513
513
512
512
512
513
514
514
515
515
515
515
514
514
514
512
511
511
510
509
508
506
505
505
505
504
503
502
503
504
504
504
505
504
505
506
507
506
507
507
509
509
510
511
513
514
515
515
517
519
521
523
527
530
537
543
550
554
560
565
569
571
572
571
572
570
567
564
560
557
554
550
548
546
542
540
538
535
533
532
529
528
526
525
523
523
521
521
520
522
520
521
520
521
520
521
519
520
519
518
516
516
514
514
512
512
510
509
508
508
506
506
505
505
505
504
503
503
503
503
504
504
503
503
504
503
505
504
506
506
507
507
509
509
511
512
516
517
521
524
529
534
540
545
551
555
558
559
562
562
562
559
558
554
552
549
547
544
540
538
536
533
532
528
528
526
525
523
522
519
518
519
517
518
517
517
518
518
517
517
517
517
516
516
514
514
512
512
509
509
507
507
505
505
504
503
503
502
500
500
499
500
498
498
498
499
497
498
498
499
499
499
499
499
498
499
500
502
502
502
503
504
504
506
509
511
515
519
524
529
534
540
544
549
552
555
557
557
556
555
553
550
548
545
543
540
539
536
535
532
531
529
529
527
526
525
523
522
521
520
521
520
521
520
521
521
521
520
521
520
519
518
517
517
516
515
512
513
511
509
509
507
506
505
504
502
501
501
501
501
499
500
499
499
498
498
497
498
497
499
498
499
499
499
498
500
501
501
502
502
502
503
503
506
507
510
513
517
520
525
529
535
540
546
549
552
553
554
553
553
552
550
548
545
542
541
539
537
535
533
531
529
527
527
526
524
523
522
521
521
521
521
522
521
522
521
521
522
521
521
521
519
519
517
517
515
515
513
513
510
509
507
507
506
506
504
504
501
501
500
501
499
501
500
500
499
499
500
499
498
499
499
499
499
500
501
502
503
503
503
504
505
505
507
506
507
507
510
512
515
519
523
527
533
537
543
547
551
552
553
554
554
552
551
548
547
543
541
538
536
533
531
529
528
525
524
522
523
520
520
519
518
519
518
519
520
520
520
520
520
521
520
520
520
520
519
519
518
518
516
516
514
513
510
510
509
511
508
509
508
507
507
507
507
508
507
507
507
508
506
508
508
510
509
509
509
510
511
511
512
513
513
515
514
515
515
515
517
519
521
523
526
529
534
539
544
549
552
555
559
561
562
561
561
558
557
553
551
546
545
541
540
537
536
534
531
529
529
526
525
524
524
523
523
523
523
524
524
524
525
525
526
525
525
523
524
523
523
522
519
518
518
517
514
514
513
512
511
509
509
508
508
507
509
507
506
507
507
507
506
507
507
508
509
509
510
510
510
511
512
514
514
515
514
514
515
515
516
519
520
524
527
532
536
542
546
552
555
560
561
563
566
565
563
561
559
555
550
548
545
542
540
537
535
532
530
528
527
525
523
521
521
519
519
518
518
517
518
517
519
518
519
518
519
517
517
516
517
515
514
513
512
510
510
509
508
508
509
507
508
507
506
506
507
506
506
506
507
506
508
508
509
510
510
512
512
513
513
513
514
516
516
517
517
518
518
520
520
523
524
529
532
538
543
549
554
559
563
566
567
570
570
569
567
565
561
558
554
551
546
545
541
539
536
535
532
531
529
528
527
525
524
524
523
521
521
522
523
522
523
523
523
522
522
522
521
520
520
518
518
516
515
514
514
513
512
510
510
510
510
509
509
509
509
508
510
509
509
508
510
511
510
511
512
511
512
512
513
513
514
515
516
517
517
518
518
519
520
521
522
525
529
533
537
543
549
554
561
564
568
570
571
573
571
570
565
562
558
556
551
547
543
541
538
536
533
532
529
528
526
525
522
522
520
521
520
520
519
520
519
519
519
520
519
520
520
519
518
518
517
516
515
515
514
513
513
511
511
510
510
509
508
507
507
506
507
506
507
507
507
507
508
507
507
507
509
509
510
510
512
511
512
512
513
513
515
514
515
514
516
517
519
522
527
531
536
542
548
553
558
563
567
570
570
570
569
567
564
561
557
553
550
547
543
540
536
534
531
530
528
526
524
523
521
519
517
517
516
517
517
517
517
519
518
519
518
519
519
520
517
517
516
516
514
514
511
511
509
508
507
506
506
507
505
506
505
505
505
505
504
505
505
506
506
505
506
506
507
508
508
508
509
508
508
508
510
510
511
510
513
511
513
514
518
520
524
527
532
538
545
551
557
561
566
568
570
569
569
567
565
562
558
553
551
547
543
539
537
534
533
530
529
527
526
524
522
521
520
520
519
520
520
520
521
521
521
522
521
522
520
520
519
520
518
517
515
515
512
512
511
511
510
509
507
506
505
506
504
505
504
504
504
505
504
505
503
504
503
504
505
505
506
506
506
507
507
506
508
508
509
510
511
511
512
513
516
519
521
524
529
533
541
546
554
559
564
567
572
572
573
571
570
566
564
559
557
552
550
546
543
539
536
533
532
529
528
526
525
523
522
521
521
520
521
520
521
521
523
521
522
521
521
521
521
520
520
518
517
516
515
513
512
510
509
508
507
507
505
505
503
504
502
503
502
502
502
503
502
503
502
503
502
503
503
504
504
505
504
505
505
506
506
507
507
509
509
511
511
513
513
517
519
523
527
531
537
544
551
558
565
571
573
575
577
577
575
572
568
564
560
556
552
548
546
541
539
536
533
531
530
528
526
523
522
521
521
519
521
520
521
521
522
521
522
521
522
520
520
519
519
517
516
514
513
511
510
508
508
508
506
505
505
503
502
501
502
501
501
501
501
502
501
501
500
502
501
503
502
504
503
505
504
505
506
506
506
508
507
508
508
510
510
512
512
513
515
519
522
528
532
539
545
553
560
568
571
575
576
577
577
575
573
569
565
561
556
552
548
545
541
538
536
533
531
528
527
524
522
520
519
518
519
518
518
519
520
519
520
519
521
519
520
519
519
518
518
515
515
512
511
510
509
507
506
505
505
503
503
502
502
500
500
499
498
498
499
499
499
500
500
498
499
500
500
501
501
502
502
503
503
503
504
505
505
505
505
507
506
508
510
513
516
521
524
531
537
544
551
559
564
568
571
574
574
574
571
568
564
560
555
551
546
543
539
536
532
530
527
527
523
522
519
518
518
518
517
517
518
518
518
520
521
521
521
522
522
522
521
520
520
518
517
515
515
513
512
509
509
507
506
504
504
503
504
502
503
502
502
502
503
502
503
503
504
504
505
506
506
506
508
506
507
508
509
510
511
511
511
512
511
513
515
519
521
526
531
537
544
552
558
563
567
572
574
575
575
573
569
566
562
559
553
549
545
541
536
536
532
529
527
525
521
521
519
519
517
518
518
519
519
520
520
522
522
522
521
522
522
521
520
519
518
515
514
512
512
510
509
509
506
505
503
502
502
503
501
502
502
503
504
503
503
502
504
504
505
506
507
508
509
509
511
511
513
514
516
516
517
517
519
521
524
527
534
541
548
554
562
567
574
578
582
583
584
583
580
575
571
565
560
554
550
546
542
539
535
533
531
529
526
524
520
519
517
517
517
517
516
516
516
516
517
517
517
518
517
517
516
514
513
512
510
509
507
506
504
502
501
500
498
498
498
498
497
498
496
497
499
498
499
500
500
500
501
501
502
502
502
502
503
504
507
508
508
507
508
509
511
513
517
522
528
534
543
549
558
564
571
575
578
579
581
579
576
571
566
560
555
550
546
541
538
535
532
528
526
523
521
519
516
514
513
511
511
511
511
511
512
512
513
513
513
514
513
513
512
512
510
509
507
506
503
503
501
500
498
498
497
497
495
495
495
496
496
497
498
498
498
500
500
501
501
502
503
505
504
505
505
507
507
509
509
510
510
511
512
513
515
519
523
529
535
542
551
559
568
573
578
582
584
585
583
580
578
572
568
562
557
552
548
542
539
536
533
529
527
524
523
519
518
515
513
510
509
509
510
509
510
510
510
511
512
510
510
509
509
508
508
506
505
503
502
501
500
498
498
497
495
495
494
494
493
494
494
494
495
495
495
496
496
497
496
498
499
499
499
500
500
501
499
501
502
503
503
504
504
505
505
507
509
513
517
523
529
538
546
555
562
570
574
578
579
579
577
575
570
565
559
554
549
544
540
536
535
532
529
525
523
521
519
516
514
511
510
509
510
508
509
510
511
510
512
511
512
511
512
511
510
508
506
505
504
501
500
498
498
495
495
494
494
493
493
492
493
492
492
493
493
493
493
494
495
495
496
496
496
497
498
498
499
499
499
500
500
502
501
502
502
503
504
504
504
506
509
513
517
523
528
538
545
555
562
570
575
579
580
581
578
575
570
566
560
556
550
546
543
540
536
533
530
528
526
524
522
520
517
516
514
514
513
513
513
512
513
515
515
513
514
513
512
511
511
509
509
506
505
503
504
501
500
497
497
495
495
494
494
493
492
491
493
492
492
492
493
492
493
492
495
494
495
493
495
496
497
497
497
497
497
498
498
498
498
500
500
500
501
503
505
507
509
514
519
525
532
541
550
560
567
573
577
580
579
580
576
574
568
564
558
554
549
546
541
538
534
532
528
527
524
523
520
519
517
516
515
515
515
516
516
516
516
517
517
518
517
517
516
515
514
513
511
510
508
506
504
502
502
500
499
497
497
496
495
494
493
493
494
493
493
492
493
494
495
495
496
495
497
497
497
496
498
498
499
499
499
498
500
499
500
501
502
502
502
503
505
506
509
512
517
524
531
539
547
555
564
572
577
580
582
581
578
576
571
566
560
556
551
546
542
539
534
532
530
529
526
525
523
522
520
519
518
518
518
519
519
521
521
522
521
522
521
522
520
520
519
518
517
515
513
512
510
508
506
504
504
502
501
500
499
498
498
497
496
496
497
496
496
495
495
495
496
497
497
497
498
497
499
499
500
499
500
500
500
501
502
501
502
502
503
504
505
506
508
510
512
517
523
529
536
545
554
562
569
574
578
579
580
578
575
570
566
560
556
551
547
543
538
536
533
531
530
528
526
524
522
523
521
520
519
519
521
521
520
522
522
524
524
523
523
523
521
522
520
519
516
515
512
512
509
508
505
504
503
503
501
501
499
500
500
498
498
499
498
498
497
498
499
500
500
500
501
501
Loop stopped.
