Output started
30000
443
430
422
419
421
426
432
438
443
445
450
453
457
462
468
473
477
483
489
493
496
500
503
505
508
510
514
519
523
527
529
533
535
537
537
537
535
534
532
531
526
523
519
517
515
512
508
506
503
502
498
497
495
493
489
488
484
483
481
480
480
479
479
479
476
475
473
472
472
471
470
470
470
469
467
465
463
461
460
458
458
457
456
455
456
456
457
456
457
456
457
456
456
455
457
457
458
458
459
458
459
459
460
460
461
462
464
464
465
465
466
466
468
469
470
470
471
472
475
479
483
489
495
502
507
511
515
520
523
525
525
523
522
521
518
517
513
512
509
508
506
505
502
500
497
495
493
490
487
485
482
480
478
477
476
475
474
474
473
474
472
471
468
467
466
466
465
466
466
464
463
463
463
464
463
463
463
462
461
461
461
461
461
461
461
461
461
461
461
460
461
460
463
462
463
463
463
462
464
466
469
470
473
473
474
476
479
480
485
489
491
491
490
489
492
494
499
502
507
510
514
513
513
511
512
511
511
508
508
507
504
503
501
500
499
496
494
491
488
487
485
486
484
484
482
481
478
478
476
475
473
473
470
469
466
465
464
465
463
464
462
463
462
461
459
460
459
459
458
459
458
459
459
459
459
460
459
459
459
461
460
462
462
463
464
464
465
466
467
468
469
471
476
479
483
487
493
499
506
511
516
517
520
520
520
518
518
516
515
512
510
507
506
503
502
499
497
494
492
490
489
486
485
483
481
479
479
477
477
474
474
472
472
470
469
468
468
467
466
465
464
462
462
462
460
460
459
459
460
461
461
462
461
461
461
461
461
462
463
463
463
464
463
465
464
466
466
467
467
468
468
469
469
469
470
471
472
472
471
472
473
477
479
484
487
494
499
506
511
516
519
521
522
522
521
519
519
516
514
510
508
506
505
502
501
498
497
493
491
488
486
484
483
480
480
479
480
479
479
477
475
473
474
470
469
466
466
465
466
464
465
464
464
464
464
463
464
463
464
464
465
465
466
465
466
465
465
465
465
466
465
466
467
469
471
472
473
474
474
475
474
474
474
474
473
472
472
472
473
476
477
482
487
493
499
506
510
516
518
519
519
519
517
518
514
513
511
509
507
506
505
503
501
499
497
496
494
493
490
490
488
489
489
488
488
486
485
483
481
480
479
478
477
476
475
473
473
472
471
469
467
466
466
464
465
464
465
464
464
463
463
462
463
463
465
465
467
467
468
468
467
466
467
466
467
465
465
464
465
466
468
470
471
470
471
473
476
478
481
486
491
497
503
508
515
519
522
523
523
524
522
521
520
519
515
514
511
508
505
504
501
501
497
496
493
491
487
485
483
483
481
482
480
479
478
478
475
476
473
472
470
469
468
467
465
465
465
466
466
466
465
464
463
463
464
462
462
462
462
463
464
463
465
466
467
466
467
467
466
465
467
468
469
470
471
470
471
470
472
471
473
474
477
478
481
484
488
491
495
499
504
507
512
515
517
519
519
519
518
515
515
515
514
512
510
508
507
504
503
500
499
498
496
495
493
492
489
488
485
484
483
483
482
483
480
480
478
478
475
475
473
472
470
471
470
470
468
469
467
467
466
466
465
466
465
468
469
470
470
470
471
472
471
473
473
475
475
475
474
474
474
474
473
472
471
470
468
468
468
468
468
467
468
469
471
473
475
477
481
485
491
496
501
504
508
508
511
510
511
510
511
508
508
504
503
501
500
498
497
494
491
490
490
488
488
486
486
484
484
484
483
483
484
483
484
483
482
478
477
475
474
473
472
471
469
468
467
466
464
464
464
464
464
466
465
466
466
466
467
469
468
469
468
468
467
467
468
469
469
469
470
470
469
469
468
468
468
468
467
468
467
469
469
469
469
471
474
478
483
488
493
500
505
510
515
519
522
522
523
523
522
521
520
517
514
510
507
505
504
500
499
496
496
493
493
491
490
487
487
487
487
485
485
483
482
481
480
479
480
477
477
476
476
474
473
471
471
470
469
468
468
467
467
465
466
465
464
464
465
465
465
467
468
469
470
471
469
469
469
468
469
470
470
472
470
472
471
472
472
474
472
472
471
472
471
473
476
480
484
491
495
501
506
512
514
518
520
521
520
519
517
515
512
512
509
507
505
503
501
500
498
498
496
494
493
491
490
488
488
487
488
487
486
485
485
483
484
481
481
479
478
475
475
473
473
471
471
469
470
467
467
465
466
465
465
464
465
464
465
464
465
464
464
463
464
465
465
464
465
463
464
463
466
468
470
469
469
469
470
471
471
471
471
472
475
478
482
487
493
499
505
512
517
521
524
526
526
525
523
522
519
517
514
512
509
507
504
503
501
501
500
499
496
495
491
489
486
487
485
485
482
482
480
480
477
477
475
473
472
473
471
470
469
467
467
466
465
464
463
462
462
461
462
461
462
462
462
462
462
461
464
462
463
461
463
461
462
462
463
463
464
463
464
464
465
465
467
468
471
472
475
474
475
474
475
476
481
486
491
495
501
506
512
515
521
523
524
524
524
523
522
522
520
518
517
517
513
511
509
508
506
505
502
501
497
494
491
490
486
485
483
482
481
481
478
477
476
476
474
472
471
470
468
466
465
464
462
463
461
461
459
460
459
459
457
458
457
456
455
455
455
456
457
457
458
459
459
460
462
462
463
464
465
463
465
465
466
465
465
465
467
468
471
471
472
472
474
476
480
483
488
492
499
505
512
515
521
523
526
527
529
528
527
524
524
521
520
517
515
513
512
509
507
504
502
498
496
493
490
488
486
483
482
480
479
477
477
477
475
474
472
471
469
469
467
468
467
468
465
466
464
463
461
460
458
458
457
458
457
459
458
459
458
461
461
462
461
462
461
462
461
464
464
465
464
464
463
464
465
466
468
468
469
469
469
469
470
471
471
471
471
471
474
477
481
485
491
496
503
509
516
519
524
525
526
523
523
521
521
518
518
515
513
511
508
506
504
502
500
498
497
495
494
491
491
489
489
487
485
484
483
481
481
480
479
479
478
477
475
474
474
474
474
473
471
470
468
466
464
462
461
460
458
458
457
457
456
458
456
457
457
457
457
459
459
459
459
461
459
460
460
461
461
462
463
465
465
466
467
470
471
472
472
473
473
474
477
481
485
490
497
504
511
517
522
525
527
528
528
526
524
521
519
515
512
508
508
506
505
502
501
499
498
495
494
491
491
488
488
486
486
485
485
483
483
481
480
478
477
475
474
472
472
471
471
469
468
467
466
465
463
463
462
461
461
461
461
462
462
462
462
463
462
463
462
463
462
462
462
462
462
462
460
462
462
463
463
465
464
466
466
468
468
470
469
470
472
475
479
484
489
495
502
508
515
521
525
529
529
530
528
527
524
522
520
518
516
514
512
511
508
507
505
503
501
498
496
494
493
490
488
486
485
482
482
480
479
477
477
475
475
473
473
470
470
468
468
466
466
464
464
462
462
462
462
460
459
457
458
457
457
458
458
459
460
459
459
459
460
458
460
459
460
460
461
462
463
462
464
464
465
467
467
467
467
469
468
471
471
475
477
482
486
493
499
505
512
518
521
527
526
526
524
525
522
522
518
518
515
514
512
510
508
507
504
504
501
499
497
494
492
489
486
485
483
483
482
481
480
478
477
474
472
470
471
469
467
464
463
461
461
460
460
458
458
457
457
456
458
457
457
456
457
457
457
456
458
457
459
457
458
457
457
458
459
459
459
460
461
459
460
460
462
463
466
467
470
469
470
469
470
472
475
479
484
489
496
503
509
515
519
523
525
526
526
526
524
524
521
520
517
515
512
512
508
507
503
502
498
498
494
493
489
488
485
483
481
481
479
480
479
479
477
476
472
472
469
469
467
466
464
463
459
459
458
457
456
456
454
453
453
453
453
452
452
453
454
455
457
456
458
457
458
456
456
455
455
454
454
454
456
456
458
457
458
458
459
458
460
461
461
460
461
463
467
470
476
482
488
495
505
512
518
523
527
528
530
528
527
524
521
518
517
514
513
511
508
506
503
501
499
497
495
492
489
488
486
484
481
481
480
479
476
475
474
473
472
471
468
468
466
465
463
462
460
461
458
458
457
457
456
456
455
455
454
453
453
454
453
455
454
455
454
454
455
455
456
456
455
456
456
456
456
456
457
458
459
458
459
460
461
460
461
463
466
468
474
478
485
491
501
508
516
520
525
526
529
529
528
525
524
520
519
516
516
512
511
508
507
503
502
498
496
493
490
487
485
483
482
480
480
478
477
476
474
472
471
470
468
467
466
464
463
461
459
459
457
456
455
454
452
452
451
452
451
452
451
451
450
450
451
451
449
451
450
451
451
451
451
453
452
453
453
454
454
454
454
456
457
458
459
459
459
461
463
465
468
474
481
488
496
503
511
517
523
526
529
529
529
528
527
525
523
520
518
514
513
513
510
508
506
502
501
497
495
491
487
484
483
481
481
481
480
477
476
472
471
468
468
465
464
461
459
457
455
454
453
452
451
450
449
448
448
449
448
448
449
449
449
450
449
449
449
450
450
450
450
450
450
450
450
451
451
453
451
453
453
454
454
455
455
458
458
459
459
460
463
468
474
480
487
494
500
509
514
521
525
528
528
528
527
527
524
523
520
517
514
512
510
508
505
502
499
496
494
492
489
486
483
481
480
478
476
474
475
472
473
470
470
467
466
464
463
461
463
460
462
460
460
457
457
456
456
454
454
452
452
451
452
451
452
451
451
450
450
450
450
450
450
449
449
449
449
450
451
452
451
451
452
453
453
454
455
457
458
459
460
463
464
468
473
480
486
495
501
509
514
519
521
524
525
526
525
525
522
520
517
515
512
509
505
502
499
496
492
491
487
485
482
479
476
476
474
473
472
470
469
468
466
465
463
460
459
457
457
455
454
453
453
452
452
451
450
448
450
449
450
449
449
448
449
448
449
448
450
450
451
450
451
450
453
452
453
453
454
454
455
455
455
455
457
457
459
459
461
460
460
461
464
466
471
476
483
490
498
506
513
519
522
526
526
526
524
523
520
519
515
512
509
509
505
504
499
497
494
493
490
489
486
484
482
481
478
479
477
477
475
474
473
473
470
470
468
467
465
464
462
460
458
456
455
456
453
454
453
452
452
453
453
453
452
453
454
456
458
458
459
458
457
457
457
456
457
458
460
459
460
458
461
459
460
459
461
460
460
459
461
463
467
471
476
483
491
498
507
512
518
520
524
524
523
521
519
517
514
511
509
507
505
502
501
499
497
494
492
490
488
486
483
482
480
478
477
475
474
473
471
472
470
469
467
466
462
462
460
460
457
457
455
455
453
453
451
452
451
452
450
451
451
452
451
451
451
453
452
452
452
454
452
454
453
454
455
456
456
455
454
455
457
457
459
460
461
461
463
465
470
475
482
490
498
504
512
517
523
525
527
527
529
527
527
524
523
519
518
514
512
509
506
502
500
497
494
491
490
486
483
480
478
477
476
474
473
471
469
467
466
465
463
462
460
459
457
455
455
457
454
454
453
452
451
451
451
452
450
450
449
450
449
450
450
450
450
450
449
450
448
451
451
453
454
454
454
454
454
455
456
459
459
459
459
461
463
467
471
477
482
490
497
505
511
517
520
523
526
527
525
524
521
519
518
515
513
510
508
506
503
499
497
494
493
490
489
485
483
481
480
478
477
475
475
472
472
471
470
467
467
465
464
462
463
460
459
457
456
454
454
453
454
452
453
451
452
451
452
451
450
449
448
449
450
451
452
453
453
454
452
454
454
456
455
457
456
456
455
457
457
459
459
462
461
464
467
473
479
487
494
503
509
516
520
524
525
528
527
527
524
522
517
516
513
511
508
507
504
502
499
498
495
493
491
489
485
483
481
480
479
477
476
473
473
471
470
469
467
464
464
461
460
458
459
457
457
455
455
454
454
452
452
452
451
450
450
450
451
451
452
451
452
452
453
453
454
454
454
455
457
457
458
456
457
458
459
460
460
460
459
461
464
468
472
478
486
493
501
509
516
520
524
526
526
526
525
523
521
520
515
513
509
508
506
505
501
499
496
494
490
488
485
485
484
481
479
480
480
481
479
478
475
473
472
470
468
468
465
465
462
461
459
458
456
456
455
454
453
452
452
452
453
453
455
453
453
452
452
452
453
452
451
450
451
451
452
451
452
451
452
452
453
452
455
454
455
455
458
461
466
472
479
487
495
503
511
517
522
525
528
529
528
526
525
522
519
516
514
511
509
507
504
503
500
497
495
493
490
488
485
482
482
480
478
477
474
473
470
469
467
467
465
464
462
462
460
459
457
456
455
454
451
450
449
450
448
448
446
446
446
446
446
448
448
448
448
448
447
448
448
450
451
451
451
452
452
453
454
455
456
458
458
456
458
459
463
468
474
480
490
496
504
511
517
521
526
526
528
527
527
524
524
520
520
516
515
511
510
506
503
500
498
494
491
488
485
483
480
477
476
474
473
471
472
469
467
465
465
463
460
459
458
455
453
452
451
451
449
448
447
446
445
444
443
444
443
443
443
445
444
446
446
447
446
447
446
447
447
449
449
451
451
451
450
450
451
452
453
455
454
455
455
459
464
470
477
484
492
501
509
517
523
526
528
528
528
526
524
521
519
517
515
Loop stopped.
