Output started
30000
625
644
660
674
684
689
691
687
683
674
666
656
644
632
620
608
598
586
576
566
558
551
543
537
532
528
525
521
521
518
517
516
516
514
515
514
514
512
510
510
509
508
506
504
503
501
500
497
496
495
493
491
490
491
491
491
492
493
493
494
496
499
501
504
505
508
509
514
518
526
539
556
576
598
617
638
655
671
682
690
692
693
689
683
674
664
651
639
627
616
604
593
583
572
563
555
548
543
538
534
530
529
527
526
525
524
524
524
525
524
524
523
523
521
518
516
515
513
511
508
506
502
501
497
496
495
495
492
492
491
490
489
490
491
493
494
497
498
502
504
507
511
523
536
556
575
597
617
636
654
667
677
682
685
684
680
674
665
656
645
633
620
609
598
586
576
565
557
548
543
537
533
530
528
526
524
522
522
521
521
520
519
518
517
516
516
515
513
510
509
507
505
503
501
499
499
497
497
496
498
498
498
498
499
498
497
499
500
502
503
504
507
511
518
529
543
563
585
607
629
650
666
680
688
692
691
688
679
672
660
649
637
626
611
598
586
575
566
558
548
541
532
525
520
518
514
512
510
509
507
505
504
503
503
502
501
499
499
498
498
497
495
493
492
488
488
485
485
482
482
481
481
481
482
482
483
484
486
487
489
490
493
493
495
496
502
508
522
539
561
582
605
625
645
661
674
680
684
683
680
673
666
656
645
633
622
611
599
590
581
571
560
550
541
534
528
522
517
514
510
509
509
509
509
509
509
508
507
506
504
505
504
503
501
499
496
494
493
492
488
487
486
486
485
485
485
487
487
489
490
491
492
494
496
499
500
503
504
507
509
515
523
536
552
572
592
614
635
656
670
683
691
694
694
691
686
677
667
657
645
632
620
607
595
582
573
563
555
547
542
535
530
526
524
522
523
521
521
520
521
518
518
517
516
514
514
512
510
506
503
500
500
498
498
496
494
491
490
487
486
486
487
487
488
489
489
490
491
494
495
497
499
501
502
505
507
512
521
536
552
572
592
614
633
653
667
678
682
686
684
680
673
665
652
642
631
620
608
597
586
576
566
558
550
544
538
534
530
528
526
525
524
523
523
521
521
520
519
519
517
515
514
512
512
510
509
507
506
504
502
499
498
497
496
495
495
494
493
493
494
495
496
496
497
498
500
502
504
505
507
507
511
515
522
532
549
567
589
610
631
648
664
674
684
686
687
682
677
669
659
649
638
627
616
605
594
584
574
564
556
549
543
538
535
533
530
528
526
526
525
526
525
526
525
525
524
523
521
519
518
518
514
513
510
509
506
506
503
504
501
500
499
500
498
498
499
500
499
500
500
503
504
507
510
511
512
513
512
513
515
520
529
542
557
575
594
614
633
649
662
670
676
677
677
672
666
658
649
638
628
615
604
593
582
572
563
555
548
542
538
534
532
530
528
527
526
525
525
524
524
522
522
522
522
519
519
517
515
513
512
512
509
508
507
505
504
503
503
502
500
500
498
498
497
498
498
499
500
502
504
506
506
508
510
514
519
530
543
561
581
601
619
638
653
666
675
681
684
684
680
674
665
656
645
636
624
614
601
590
581
572
564
558
552
547
543
540
537
536
534
533
533
531
530
529
529
528
527
525
524
521
519
517
515
512
510
506
506
503
501
499
498
498
497
498
498
498
498
498
498
499
500
500
501
503
506
508
510
511
515
519
528
541
558
577
597
618
636
655
669
680
687
689
687
682
676
666
655
643
631
620
607
598
586
576
566
557
549
544
538
533
529
525
522
523
521
521
520
520
519
518
518
518
518
519
516
515
513
512
509
507
505
504
501
499
497
496
495
494
493
493
494
493
494
495
495
496
497
499
499
499
502
503
504
508
513
522
535
552
571
591
613
634
654
668
680
684
688
685
680
672
664
652
641
629
618
606
595
584
575
564
555
548
542
536
530
525
523
520
518
515
514
513
511
510
510
509
508
506
505
504
501
500
497
496
494
492
491
489
487
485
483
483
483
483
484
485
485
487
487
490
492
494
496
499
501
504
506
508
509
513
519
529
542
563
583
605
626
647
663
676
685
690
690
688
682
675
666
655
643
632
621
610
598
588
578
570
561
552
547
541
535
530
528
524
522
520
517
516
515
513
511
509
509
507
505
504
502
501
500
498
497
495
496
493
493
493
493
491
491
490
491
491
493
493
495
495
496
498
500
500
502
504
505
506
508
509
511
516
524
536
553
572
593
614
634
651
667
679
684
687
685
681
673
665
654
643
631
620
609
600
588
579
568
560
550
542
536
532
527
525
521
520
517
516
515
516
515
515
513
512
511
510
509
509
507
507
506
505
502
499
498
496
495
492
491
487
485
483
481
481
482
482
483
484
486
487
489
490
494
496
498
499
502
503
506
510
517
528
542
559
580
600
622
641
658
669
678
681
683
680
674
664
657
647
637
626
616
604
594
584
576
569
561
554
546
541
535
530
527
525
523
521
518
516
514
513
512
510
508
506
502
502
500
498
496
494
491
490
488
486
485
485
484
484
483
485
483
484
485
486
487
491
493
496
497
499
501
504
506
509
510
512
516
523
533
547
564
583
602
621
639
656
669
677
682
681
679
674
667
660
651
639
629
617
606
595
587
577
569
561
554
547
542
536
535
530
528
526
525
521
521
520
521
519
518
517
517
514
513
509
507
505
503
501
499
496
495
492
490
491
490
492
493
494
494
494
495
497
500
501
502
505
505
507
508
511
511
514
516
523
533
548
565
588
607
628
646
663
676
685
688
689
686
681
674
666
656
645
633
622
609
600
590
581
572
565
558
551
545
540
535
533
529
527
525
522
521
523
522
522
522
520
519
517
515
512
509
507
503
499
496
495
493
491
490
488
488
487
488
488
490
490
491
493
495
496
498
499
502
502
504
506
509
512
520
530
546
562
583
603
626
646
663
675
684
687
688
685
681
673
664
654
642
632
621
609
598
587
577
568
559
552
545
539
534
529
524
521
518
516
514
512
512
511
510
509
506
506
502
501
499
497
494
491
488
487
485
484
482
483
481
481
478
480
480
480
481
484
484
486
486
486
487
488
490
493
496
500
507
516
529
545
565
586
608
631
650
667
679
687
690
688
683
676
668
658
649
636
626
614
603
592
583
572
564
556
550
544
540
535
532
529
527
525
524
522
522
521
520
520
520
518
518
515
513
511
509
507
504
502
500
497
495
493
491
491
490
489
490
491
490
492
493
494
493
494
495
497
499
502
504
506
508
513
520
532
547
568
587
608
627
647
661
673
679
684
683
681
675
668
657
648
637
627
616
606
594
584
574
565
557
550
545
540
534
531
527
524
522
522
521
520
520
521
520
520
519
518
517
517
516
513
511
507
505
503
502
499
497
496
495
494
494
493
493
493
493
493
495
497
499
499
500
500
502
503
506
508
510
513
520
529
544
563
586
609
631
651
668
681
691
695
697
693
686
678
668
656
644
633
621
610
598
588
579
571
563
556
549
545
541
538
535
534
533
532
529
530
528
529
528
526
524
523
521
518
516
514
511
510
506
504
501
500
498
496
494
492
490
489
487
487
488
489
492
492
494
495
496
498
499
501
503
506
508
510
515
522
533
546
564
584
604
625
645
662
677
686
691
690
689
682
674
663
652
639
626
613
602
589
579
570
562
552
545
537
532
529
527
524
522
520
520
520
520
521
520
520
521
521
520
518
516
514
513
512
509
508
505
502
501
499
499
497
496
496
496
496
496
497
497
499
501
503
504
504
504
507
507
510
512
518
526
539
555
573
593
614
632
650
663
674
680
684
684
681
674
666
655
643
631
620
609
598
587
576
567
559
552
545
539
536
533
531
529
528
528
527
527
528
529
529
529
529
530
529
529
528
528
527
525
521
519
516
516
513
512
510
509
507
506
505
505
505
505
504
504
505
507
506
509
509
511
513
520
529
544
561
580
603
624
643
662
677
687
694
696
695
689
682
671
661
650
639
627
616
604
593
583
573
562
554
545
540
534
531
528
526
523
521
520
520
520
521
520
520
518
518
518
517
514
512
509
508
506
505
503
501
499
497
495
494
493
493
494
494
494
495
496
497
498
499
501
501
502
505
511
520
534
553
573
595
618
639
659
672
682
687
690
688
683
675
666
654
642
629
619
607
597
585
574
562
554
544
537
530
525
520
517
514
513
512
510
509
508
507
504
503
503
502
501
499
498
496
495
492
490
489
487
486
484
482
481
481
480
480
480
482
482
485
486
487
488
490
490
494
496
501
508
519
534
555
576
600
623
645
663
678
687
693
693
691
685
676
666
656
645
633
621
611
600
589
579
568
559
551
543
537
531
526
523
522
519
517
516
514
514
512
512
509
508
505
503
499
498
496
494
492
490
486
484
482
481
479
479
478
478
477
478
479
480
481
482
483
486
488
493
494
497
499
502
508
518
532
552
574
598
622
644
664
680
692
698
699
695
690
682
673
661
650
638
627
614
604
593
583
572
563
552
545
537
532
527
524
519
518
515
514
512
509
508
507
505
504
501
499
497
495
493
492
491
488
486
485
483
481
479
477
476
475
475
475
475
476
476
477
479
481
481
483
485
487
490
491
495
498
504
512
526
544
565
588
612
634
655
671
682
690
693
691
687
679
670
658
647
634
625
613
603
591
581
570
561
551
545
537
531
526
523
519
517
514
513
510
509
507
505
504
501
500
498
497
495
494
492
490
489
488
485
484
483
483
481
482
480
481
480
481
480
481
483
485
486
489
490
493
495
498
498
501
503
505
506
511
516
528
543
563
583
606
628
650
667
681
692
697
697
694
688
679
668
657
646
634
623
611
600
590
579
569
561
551
544
536
531
527
525
521
519
517
516
516
514
512
512
510
508
505
504
502
502
499
498
495
494
491
491
488
487
486
486
486
488
488
489
487
488
489
493
495
498
499
501
503
504
505
507
510
511
512
513
515
518
524
534
548
566
588
608
629
649
666
680
691
697
699
694
690
679
671
660
649
638
627
615
605
594
583
572
564
555
548
541
536
531
530
527
525
522
522
520
520
519
518
516
514
513
510
508
506
503
501
498
495
493
491
490
489
489
487
486
486
487
486
487
487
487
489
491
492
496
499
501
502
504
505
507
507
510
512
515
518
523
532
544
560
581
602
625
644
662
675
687
693
695
692
688
681
672
661
649
638
628
617
606
595
586
577
568
560
554
548
543
539
535
533
531
529
527
525
523
523
522
522
521
521
518
516
513
512
508
506
504
503
500
497
494
494
492
491
491
491
489
489
489
491
492
494
497
499
499
503
505
507
509
512
513
515
516
520
526
535
547
564
582
601
621
640
656
669
678
684
686
684
681
673
665
652
642
632
621
610
599
587
577
565
557
550
544
538
534
531
529
528
528
527
527
527
527
526
528
528
528
527
527
525
525
523
522
520
518
515
514
512
510
508
508
506
505
504
504
504
505
506
506
507
508
510
512
514
514
517
518
520
521
526
532
545
559
578
596
616
633
649
662
673
681
686
686
683
677
668
658
649
638
628
616
607
595
585
576
568
559
552
545
541
536
533
531
529
529
527
526
527
528
528
527
527
527
527
527
524
522
520
518
515
514
510
508
506
504
502
502
501
501
500
500
499
501
502
504
505
507
507
509
510
512
513
517
522
534
547
566
588
610
630
648
665
679
689
695
699
697
692
684
676
665
655
643
631
619
607
596
586
574
566
556
549
540
536
530
527
521
520
518
519
518
517
516
516
516
516
515
514
512
510
510
510
508
504
500
498
496
495
494
494
492
492
491
490
492
494
494
494
495
495
496
497
498
501
504
509
517
529
545
567
589
612
634
652
670
682
692
696
696
691
685
676
666
655
645
634
624
611
601
588
580
570
561
552
545
537
533
527
524
520
520
518
517
515
516
515
516
516
515
514
512
510
506
504
502
500
498
496
495
493
490
488
487
488
487
488
487
488
487
487
488
489
489
492
494
497
499
506
512
526
542
562
584
609
630
650
666
679
685
689
688
684
675
667
656
645
633
622
611
601
590
581
572
562
553
544
537
531
527
523
519
517
515
514
514
513
513
511
511
509
508
507
505
502
499
496
495
492
491
488
486
485
484
482
483
482
482
482
483
485
486
486
488
487
489
490
492
493
495
498
504
515
530
546
567
587
608
630
649
665
675
681
682
679
673
664
654
642
632
620
608
597
587
576
567
559
549
542
535
531
527
524
522
519
517
516
514
514
513
512
512
512
509
508
505
504
500
499
498
497
493
491
488
486
484
483
481
482
480
481
481
482
484
486
487
488
491
494
496
497
498
500
503
509
516
528
543
560
579
600
621
639
654
665
672
673
674
668
662
652
642
630
619
607
597
586
577
565
556
547
540
533
529
525
522
520
519
518
518
517
518
517
517
516
516
515
515
512
511
508
506
504
501
500
498
496
494
492
489
489
489
490
490
492
491
492
493
495
496
499
500
501
502
503
504
507
509
513
520
531
545
563
581
601
619
638
652
664
670
674
672
669
662
656
647
636
624
612
599
588
577
568
559
549
541
535
529
525
522
520
521
519
519
519
521
521
521
522
523
522
522
521
520
517
517
516
515
511
509
507
505
503
503
502
501
499
499
498
499
500
501
501
501
502
502
504
505
506
507
508
511
513
Loop stopped.
