Output started
30000
594
599
599
596
594
592
589
587
584
581
580
578
576
575
574
573
572
573
571
572
572
572
572
573
574
574
576
577
580
583
588
595
605
618
632
646
658
669
678
686
691
694
696
696
694
690
687
681
675
669
663
658
652
645
639
632
626
621
615
612
609
607
605
604
602
602
602
602
600
599
598
596
595
593
591
590
587
586
584
582
579
578
575
574
573
572
572
570
570
569
570
568
568
568
569
569
570
570
571
572
573
575
579
583
588
590
592
594
597
600
607
615
627
638
650
660
669
675
681
684
686
686
685
683
680
676
672
666
659
652
645
638
632
626
621
617
613
611
608
605
603
602
601
601
600
601
600
600
598
598
595
595
592
590
587
587
585
583
580
580
578
578
576
576
574
574
573
572
570
571
570
570
571
573
574
575
575
576
575
575
576
577
579
579
580
581
581
581
582
583
585
588
594
601
612
625
640
654
668
678
688
694
698
700
701
700
698
693
689
683
676
669
664
656
649
643
636
629
623
618
614
611
609
606
604
604
603
601
600
600
600
599
599
598
596
594
592
591
590
588
587
584
584
582
580
578
576
575
575
573
572
573
573
572
572
573
573
572
574
575
575
576
576
577
578
580
582
586
591
594
597
600
598
597
594
592
590
590
591
596
603
614
626
640
652
665
675
683
688
692
694
694
692
689
686
683
678
673
667
661
655
649
644
637
631
625
620
616
613
610
609
607
607
607
607
606
606
605
605
603
602
600
598
597
595
593
592
588
588
585
584
581
580
578
577
576
575
574
573
572
569
567
567
568
570
571
574
576
578
580
582
583
585
586
587
588
589
591
590
591
591
592
593
595
599
605
614
627
641
655
668
681
689
698
702
706
706
706
703
700
695
691
686
682
676
671
664
658
651
646
640
634
629
624
621
617
615
613
611
610
609
608
607
604
603
600
599
599
597
594
592
589
587
585
583
581
579
577
575
574
572
569
568
567
567
566
566
568
569
569
570
569
570
571
572
572
574
575
575
575
577
579
580
581
583
583
583
584
586
589
593
599
608
618
631
646
659
672
683
691
696
700
702
701
700
698
695
693
688
683
678
672
666
662
656
650
644
637
631
625
621
617
614
612
609
609
606
605
602
601
598
597
595
594
591
590
587
585
583
580
578
576
573
572
570
569
568
568
568
568
566
567
566
567
567
569
571
573
575
576
577
576
576
577
577
579
580
581
582
582
583
582
582
582
584
584
587
588
595
602
614
626
641
654
666
677
688
694
699
702
703
701
700
697
694
691
687
682
677
671
665
658
652
646
641
635
629
625
621
617
614
612
609
608
607
606
604
603
601
600
597
596
593
591
588
586
583
581
577
577
574
573
571
571
570
569
568
568
567
569
567
568
568
569
567
570
571
571
572
574
575
575
575
577
578
578
578
579
579
579
579
581
581
583
584
585
587
591
598
606
619
633
648
661
674
685
694
700
704
706
708
705
705
702
699
694
689
684
680
674
667
660
654
646
642
635
629
625
622
618
615
614
612
610
608
607
605
603
601
599
597
596
594
592
590
587
585
581
580
578
576
575
573
572
571
570
570
570
569
569
568
569
568
569
570
571
572
573
574
575
576
577
577
579
580
581
582
583
584
584
585
586
586
587
586
589
589
589
589
589
590
592
597
606
616
630
643
658
672
684
694
702
707
710
711
711
709
706
704
698
694
688
684
678
673
666
659
652
646
640
636
630
626
622
620
617
616
613
613
611
610
608
608
606
604
601
600
597
596
594
593
589
587
585
583
581
581
579
578
576
576
576
576
575
575
575
575
575
575
575
576
578
579
581
581
583
582
583
583
584
583
584
584
585
585
586
587
588
588
590
589
590
590
592
593
598
601
609
620
634
646
662
674
686
695
703
708
711
713
713
710
706
703
699
693
688
681
676
670
663
657
650
644
637
632
626
622
619
616
613
611
608
608
605
603
602
600
597
596
593
592
590
590
588
587
585
583
581
581
579
577
576
576
574
575
576
575
576
576
576
576
577
576
577
577
577
578
579
581
581
582
583
583
584
584
586
586
586
587
587
588
590
590
591
591
592
591
593
593
595
597
600
604
613
623
636
648
663
675
687
695
703
707
711
712
710
708
706
702
699
694
689
684
678
672
665
659
653
646
641
635
631
626
622
619
617
616
614
613
611
610
610
609
608
607
604
602
600
599
597
597
594
592
589
587
585
584
582
581
579
578
577
577
576
576
575
576
575
576
576
577
576
577
579
579
581
582
582
582
582
583
584
584
584
586
587
589
589
590
589
591
590
590
591
592
595
598
603
609
620
632
647
661
675
686
696
702
708
712
714
713
712
708
704
700
696
690
685
677
672
665
660
652
646
639
635
630
626
623
620
617
614
613
613
611
611
610
609
607
606
604
602
601
600
598
595
594
592
590
588
586
583
582
580
581
579
578
577
576
576
577
577
577
577
579
579
580
580
581
582
583
583
585
584
586
586
587
587
589
589
590
591
591
591
592
592
593
594
595
598
602
609
618
629
642
656
669
680
690
698
703
707
708
708
705
703
698
693
687
682
676
671
663
658
651
645
639
635
630
626
622
620
617
617
614
615
613
613
612
612
610
609
607
606
603
602
600
600
597
595
594
592
589
589
586
585
583
583
581
582
581
581
580
580
580
581
582
582
583
584
584
583
585
585
587
588
588
589
591
592
593
593
594
594
595
594
596
596
597
598
601
606
614
624
639
652
666
678
690
699
707
711
714
715
713
711
708
705
700
695
690
684
678
672
666
659
652
646
639
634
629
624
621
619
617
615
612
610
609
608
607
607
605
605
603
601
598
595
593
592
590
588
586
584
581
580
578
578
576
577
575
575
574
574
575
576
576
576
576
578
578
579
580
581
581
582
584
586
587
587
588
588
589
589
591
591
591
591
592
592
596
601
609
619
633
646
661
674
686
697
705
710
714
714
714
712
710
705
701
696
692
686
681
673
668
660
654
647
641
635
630
625
622
618
615
613
610
609
607
606
605
603
601
599
597
595
593
591
589
587
584
584
581
580
578
576
574
573
572
573
573
572
571
571
569
569
570
571
572
572
573
574
573
575
575
576
577
578
578
579
578
579
581
582
584
583
584
584
584
585
587
590
596
605
617
629
644
659
672
684
695
701
707
709
710
709
707
704
700
695
692
686
682
676
671
664
658
650
644
638
632
627
623
618
617
613
611
609
609
607
606
604
603
600
598
597
594
592
589
587
585
584
582
580
578
576
575
574
573
572
572
571
570
568
568
569
569
570
570
572
573
573
574
574
574
576
576
579
579
581
580
582
582
583
584
585
586
587
587
587
587
588
590
593
596
603
612
627
641
657
672
684
695
703
709
712
714
714
711
709
703
700
694
690
685
679
673
667
661
654
647
640
634
628
624
619
616
611
609
607
605
603
602
601
600
598
597
595
593
589
588
585
584
581
580
577
576
575
574
573
572
570
570
571
571
570
571
571
572
572
572
573
574
574
575
575
576
577
579
579
579
581
580
581
581
582
583
584
584
585
586
586
586
587
587
588
589
593
599
609
621
636
651
665
678
690
698
705
708
712
709
709
705
704
698
694
688
683
677
671
665
658
652
644
637
633
627
623
619
617
614
612
610
609
609
607
605
604
602
600
599
598
596
594
592
590
589
586
586
583
582
579
578
578
577
575
575
575
574
574
575
575
575
575
576
576
578
578
580
579
580
582
583
582
583
584
584
584
584
585
586
586
587
588
587
587
587
589
590
593
599
608
619
633
648
663
675
687
695
702
707
710
710
709
706
703
698
694
688
684
678
672
666
660
651
645
638
633
628
624
620
618
616
613
612
610
608
607
606
605
604
603
601
599
598
596
593
591
589
588
585
583
582
579
577
577
576
575
575
573
573
573
573
574
574
573
575
575
576
576
578
577
579
581
581
581
583
583
585
586
587
587
588
587
588
587
589
589
592
593
598
604
615
627
641
657
670
682
693
700
706
708
711
711
707
705
700
697
691
686
679
674
669
663
656
650
643
637
631
626
622
619
617
615
612
610
610
609
608
607
605
604
602
602
598
598
596
594
591
589
588
586
584
583
580
580
578
577
577
576
576
575
575
576
576
577
577
577
577
578
579
579
581
581
583
583
585
585
586
587
588
588
588
589
590
590
591
592
594
596
602
608
618
631
646
661
675
687
698
705
710
714
714
714
713
709
705
699
693
688
682
676
670
664
657
650
643
637
632
628
624
622
619
618
615
614
613
612
611
610
609
608
606
604
602
600
599
597
596
593
591
589
586
584
583
582
580
580
577
577
577
577
575
576
575
576
576
576
576
578
580
580
582
582
583
584
585
585
585
587
585
586
587
588
588
588
588
589
591
597
604
614
628
641
656
669
681
689
697
700
703
703
703
700
696
691
688
682
675
669
663
655
649
642
636
630
625
621
618
614
612
610
609
608
608
606
605
605
604
602
601
600
599
596
594
592
591
590
587
585
584
581
579
578
576
577
576
576
575
576
575
575
575
576
576
576
578
580
579
582
582
584
584
585
585
586
586
588
588
589
588
589
590
592
594
600
607
619
634
648
663
677
689
698
706
709
711
712
711
709
704
701
695
689
684
678
673
666
660
654
648
640
635
628
624
621
617
613
612
610
609
607
607
605
604
602
600
598
596
593
591
589
587
584
582
579
577
575
574
573
572
571
569
569
569
567
567
567
567
568
569
570
571
571
572
573
574
574
575
577
578
578
579
581
582
582
583
584
583
585
585
589
595
604
616
631
647
663
677
687
697
703
710
712
712
712
708
705
700
697
692
688
682
676
670
664
657
650
643
635
629
624
620
616
612
610
608
606
604
603
601
599
597
596
594
592
589
587
584
582
579
577
575
573
571
569
568
568
566
566
564
564
564
564
565
564
565
566
567
566
568
568
570
570
571
571
572
573
575
574
577
578
578
579
578
578
579
580
580
582
588
595
606
620
636
652
668
681
692
701
706
709
711
710
707
705
702
700
695
690
686
681
675
670
662
655
647
640
633
627
621
618
613
610
607
605
604
604
603
601
600
598
596
594
592
589
586
584
581
579
576
574
572
571
568
567
564
563
562
562
562
562
563
562
563
562
564
564
565
566
567
567
568
569
570
570
572
573
574
574
576
577
577
577
577
578
579
579
581
583
588
595
606
619
636
651
668
681
691
700
705
709
711
710
709
707
703
699
695
691
686
681
675
669
661
655
646
640
633
628
622
618
614
611
607
605
603
601
599
598
596
594
592
590
587
585
583
581
579
577
575
573
571
571
568
566
565
564
564
564
563
563
563
562
564
564
565
566
566
567
565
566
567
569
570
571
572
572
573
574
575
576
578
577
578
578
578
579
581
581
584
587
592
600
611
625
641
656
673
684
695
702
709
712
713
712
711
707
704
700
695
689
686
678
674
668
660
653
646
639
631
626
622
619
616
612
610
607
605
603
602
600
598
597
594
593
590
588
585
583
581
578
577
575
574
573
570
570
568
569
568
568
568
568
566
566
566
567
566
568
569
570
570
572
572
573
574
575
575
577
579
580
580
581
582
582
582
583
583
584
584
587
589
593
599
609
623
637
653
668
681
692
701
707
713
713
714
712
710
706
702
698
694
688
683
676
671
663
657
649
643
636
631
626
622
620
617
613
612
609
609
607
607
605
602
600
599
597
595
592
590
588
586
583
581
580
579
576
575
573
571
571
570
570
568
569
569
569
569
569
569
570
571
572
573
574
575
576
577
579
579
579
579
581
582
584
583
584
585
586
585
585
585
585
587
591
595
601
612
624
640
655
671
684
696
705
711
715
716
716
714
712
709
706
701
696
690
683
677
670
664
656
649
642
636
630
625
621
618
615
612
610
610
608
607
605
604
602
601
599
597
594
593
592
591
587
586
584
583
580
579
578
578
576
575
574
573
572
572
572
573
572
572
572
573
573
574
576
577
578
579
580
581
582
582
582
583
585
585
585
585
586
586
588
589
593
598
607
618
633
647
663
676
687
695
702
706
708
708
707
703
700
694
689
684
678
671
665
659
652
644
638
632
627
622
619
616
613
611
609
610
608
607
606
605
605
604
602
602
600
598
595
593
590
588
585
585
582
581
579
578
576
575
574
574
573
574
573
574
573
574
574
575
574
576
576
578
578
580
582
582
583
585
585
586
587
587
587
587
588
590
592
596
602
609
622
637
654
668
683
695
705
712
718
720
722
720
718
714
709
703
698
691
686
679
673
665
657
650
642
635
630
625
620
617
616
613
612
611
610
608
608
606
605
603
601
599
597
593
590
589
587
584
582
580
579
577
577
575
574
573
571
571
571
572
571
572
572
572
572
573
573
575
576
578
580
580
581
583
584
585
585
586
586
587
587
589
591
597
604
616
629
645
661
677
689
701
711
717
721
722
720
718
715
710
704
699
694
687
680
674
666
659
652
645
638
631
626
621
616
613
610
608
607
605
603
601
600
598
597
594
593
591
589
585
583
579
578
575
574
571
570
568
568
566
566
563
564
562
563
564
564
564
564
566
567
568
569
570
572
571
573
573
574
574
575
576
576
579
580
584
589
598
609
624
641
657
672
686
696
704
708
712
712
712
709
706
700
696
691
685
678
672
665
659
652
644
637
631
Loop stopped.
