Output started
30000
462
456
451
449
448
447
448
450
451
453
454
456
457
459
461
464
465
467
468
469
470
471
471
473
473
477
478
481
481
484
484
486
486
490
491
496
501
509
517
527
535
543
549
556
562
567
569
570
570
568
565
563
560
556
553
549
545
542
539
536
532
528
523
519
515
513
511
507
505
503
501
500
497
495
494
491
491
489
489
485
485
483
481
477
476
474
473
470
469
469
470
469
471
469
469
468
468
468
472
476
480
481
483
481
481
479
479
478
476
475
475
474
473
473
472
474
476
478
480
479
478
479
480
481
484
489
496
503
509
516
522
528
530
534
534
538
539
542
541
542
540
540
537
535
533
531
527
525
521
518
515
510
505
501
497
495
492
491
488
487
483
480
476
475
476
477
478
479
480
481
482
484
485
486
487
488
489
487
484
481
478
475
473
470
468
466
464
462
461
460
461
463
464
465
467
468
469
469
470
470
471
472
473
473
475
475
476
477
478
479
480
478
479
478
478
478
482
486
491
497
505
512
520
527
533
538
542
544
543
542
540
536
532
530
528
528
526
526
526
525
523
522
519
516
514
511
509
507
505
505
503
502
500
499
497
497
495
495
492
492
489
488
487
485
483
481
479
478
476
475
472
472
470
471
470
469
468
468
468
468
469
471
473
474
475
476
476
475
475
474
473
472
473
473
473
472
474
474
476
478
479
480
482
481
481
480
480
480
482
483
487
490
498
506
514
522
527
531
535
537
539
538
538
536
534
530
529
525
523
519
518
515
512
510
508
505
503
501
500
499
497
497
496
494
494
495
496
495
495
495
494
495
493
492
489
487
483
483
482
482
480
479
476
475
472
472
472
472
471
471
470
470
469
469
469
469
467
468
468
469
469
470
470
470
469
470
469
469
471
472
473
475
477
478
478
479
480
482
487
493
498
505
514
521
528
534
541
544
549
552
554
553
554
552
550
546
544
541
539
535
533
530
527
522
520
516
514
511
508
507
506
503
503
502
501
500
499
497
496
495
494
493
493
492
490
488
486
485
483
481
480
480
478
478
476
477
475
476
475
477
477
478
477
478
479
480
480
482
482
483
483
484
484
485
485
488
487
489
488
489
489
490
490
492
495
498
502
508
514
521
529
535
539
543
545
546
547
546
544
542
539
537
533
530
528
525
523
521
519
516
515
510
509
506
505
504
504
502
503
502
503
502
503
503
504
503
504
502
501
500
500
498
498
496
495
493
491
489
488
487
487
486
486
485
483
483
483
483
482
482
482
481
484
484
486
485
486
486
486
487
488
488
488
490
490
491
491
491
491
491
493
496
499
506
512
519
525
532
537
541
544
547
546
547
545
544
541
538
534
530
526
524
522
520
517
514
510
508
506
504
503
502
500
498
497
496
496
494
495
495
497
497
498
498
498
496
495
493
492
491
492
490
490
488
488
487
487
486
486
485
486
485
486
486
486
485
486
486
488
487
488
488
489
489
490
490
491
491
492
491
493
492
492
492
493
493
492
492
494
497
499
503
509
515
521
528
533
539
544
547
547
548
546
544
542
540
534
532
530
529
525
523
520
519
515
513
509
508
505
504
501
499
497
497
495
495
494
495
494
495
494
494
492
493
493
494
493
492
490
490
489
488
487
487
488
488
488
487
487
486
486
487
488
488
488
488
487
487
488
487
489
489
490
490
491
490
492
491
493
493
493
491
492
491
494
495
495
495
496
495
497
498
503
507
513
518
525
532
540
545
549
550
553
554
555
553
551
549
545
542
539
537
534
531
528
526
524
522
519
518
514
513
510
510
508
508
507
508
507
506
507
506
505
505
504
505
502
502
500
499
496
496
495
496
494
493
491
491
490
489
489
489
488
488
486
487
486
488
487
488
487
487
488
488
488
488
488
488
488
490
490
491
492
492
493
493
494
494
495
494
494
492
492
491
494
496
501
505
512
519
527
534
541
547
552
554
556
556
557
556
555
551
549
546
544
540
537
534
531
529
527
523
520
517
516
514
513
512
511
509
509
508
508
507
507
507
507
507
505
504
503
502
500
499
496
495
493
492
490
490
488
487
485
484
483
484
482
482
481
481
480
480
480
480
479
479
478
479
478
479
479
480
480
481
481
481
482
484
483
483
484
484
484
483
483
483
486
490
494
501
508
517
524
533
541
547
553
557
560
561
562
559
558
554
551
549
546
542
541
538
537
532
531
527
525
521
519
517
516
514
513
511
511
509
510
510
510
510
510
508
506
505
504
502
502
500
499
498
496
494
492
491
489
488
488
487
485
485
485
483
482
482
482
482
480
481
480
481
480
480
480
481
480
482
481
483
482
483
482
482
482
484
483
484
484
484
483
486
487
491
495
502
509
517
526
535
542
550
555
559
560
561
561
559
557
553
551
548
545
542
538
536
531
527
524
521
518
514
512
508
507
504
504
502
503
501
501
499
500
499
500
498
498
496
497
494
494
492
492
489
490
488
487
484
483
481
480
477
476
475
475
474
473
474
473
473
472
472
471
471
472
472
472
473
474
475
475
475
477
477
477
477
477
479
478
480
479
479
480
481
482
487
493
500
508
518
527
536
541
548
552
556
557
558
556
555
552
550
547
545
542
538
535
531
527
524
520
518
514
512
508
507
506
506
506
507
507
508
508
507
506
505
504
500
499
495
493
490
489
486
483
480
479
476
476
475
475
474
474
472
473
471
471
470
469
469
469
468
467
466
468
467
468
468
470
469
469
469
470
470
473
474
474
474
475
476
477
477
477
481
485
491
498
507
516
524
533
540
546
551
553
556
556
556
552
551
547
543
539
536
532
529
525
523
518
516
512
509
506
504
502
503
502
502
500
501
499
500
499
499
497
497
496
496
494
493
491
489
488
486
484
482
481
479
477
477
475
474
474
474
473
472
473
471
471
470
472
471
473
473
475
475
478
477
479
479
480
481
483
482
484
484
486
486
487
489
492
496
504
512
521
529
538
547
554
559
563
564
567
565
564
561
558
554
550
547
543
540
535
531
527
523
519
516
514
512
509
507
505
504
502
502
501
501
499
499
498
498
495
495
493
492
489
488
486
485
483
482
479
479
477
477
475
475
474
474
474
475
475
476
476
477
477
478
479
480
481
480
482
482
481
481
482
482
482
483
482
481
482
484
487
490
497
503
512
520
529
537
545
551
558
560
563
562
563
559
556
551
547
541
537
532
528
525
522
518
515
511
509
505
502
498
497
497
496
495
495
493
494
494
494
495
494
493
493
491
490
489
487
486
484
482
480
479
479
479
478
478
476
475
473
474
472
473
472
472
472
475
474
476
477
478
477
479
480
480
479
479
478
479
479
479
478
479
479
480
483
489
495
504
512
522
531
538
545
550
554
555
556
554
551
549
546
542
539
534
531
526
522
519
514
509
506
501
498
494
493
490
489
487
486
486
486
483
484
482
482
482
483
482
481
480
480
478
477
476
476
473
474
472
472
470
469
468
468
467
467
467
467
468
467
469
469
469
469
470
470
471
473
473
474
475
476
477
477
478
477
479
478
479
477
479
480
484
488
496
504
514
523
533
539
545
549
552
554
554
553
550
547
544
541
538
534
531
527
525
521
518
514
511
506
503
499
497
495
493
492
491
490
489
488
488
488
487
487
486
485
484
482
480
479
477
476
474
473
471
471
470
469
468
469
468
468
468
469
468
469
470
471
471
471
471
472
471
472
472
473
473
474
474
475
475
476
476
476
477
477
477
478
479
479
479
481
482
484
488
493
500
508
518
526
535
541
547
549
552
552
553
550
549
545
543
537
533
529
526
523
521
517
514
509
506
502
499
496
495
492
491
488
488
487
486
486
487
486
486
485
485
484
484
483
481
481
481
480
477
476
477
476
475
475
473
473
471
471
471
471
472
473
473
475
475
476
475
477
477
479
478
480
479
482
481
483
483
485
484
486
486
486
486
487
487
489
489
489
489
490
489
490
489
489
490
492
493
498
503
508
515
523
531
538
544
550
553
555
556
556
553
550
546
543
539
536
532
527
524
520
518
514
512
508
506
503
501
498
497
494
495
494
496
495
495
494
494
494
494
492
491
491
490
488
488
487
486
483
484
483
482
481
481
480
480
479
479
478
477
478
479
480
480
481
481
481
481
481
482
484
482
484
483
484
483
484
485
487
487
488
489
491
489
490
491
491
491
491
490
492
492
492
491
493
493
493
492
495
495
498
501
507
513
519
526
534
540
546
550
552
553
554
552
550
546
543
540
536
532
529
526
523
520
516
514
511
509
506
504
503
502
501
502
500
501
500
501
501
502
500
501
500
500
499
498
497
496
495
494
493
493
491
489
488
488
488
487
485
486
486
486
486
485
485
487
487
487
486
487
488
488
489
488
489
489
491
491
492
492
492
492
493
493
495
494
496
495
496
497
497
497
498
497
498
497
497
497
501
503
508
512
518
525
532
540
547
553
559
562
564
563
564
561
559
554
552
548
546
543
539
536
534
532
529
525
523
520
518
516
513
512
511
511
511
512
510
510
509
509
506
506
504
504
501
501
499
498
495
494
491
490
488
487
485
486
484
484
482
482
481
481
479
480
479
480
479
480
480
481
481
482
482
483
483
483
483
483
485
486
487
488
489
489
489
490
490
491
491
491
492
491
494
497
502
506
514
520
528
535
544
550
558
562
565
566
568
566
565
563
561
556
553
548
546
542
540
536
534
531
529
526
525
522
521
518
518
517
516
515
515
515
514
513
513
511
510
510
508
507
505
503
500
499
497
495
493
491
489
489
488
488
487
485
484
484
483
483
483
483
483
484
483
484
484
485
486
487
486
487
486
488
488
489
487
488
487
487
487
488
488
490
493
499
503
510
516
524
532
539
544
550
554
555
555
554
552
549
547
543
540
536
535
531
529
526
523
520
520
516
516
513
512
510
509
509
509
507
508
507
507
507
507
505
504
503
502
500
498
495
493
490
489
487
486
485
483
481
480
478
476
475
474
474
473
473
473
474
474
475
475
476
475
476
477
478
478
479
480
481
481
484
483
484
484
486
488
493
498
506
513
522
530
539
545
551
555
559
559
561
559
557
553
551
547
545
541
540
536
534
531
527
526
523
522
520
520
519
517
516
514
514
514
514
513
513
513
511
510
508
508
505
504
501
500
497
497
494
493
489
488
485
484
483
483
481
480
477
477
475
475
474
475
475
475
474
475
474
476
475
475
475
476
477
476
478
478
479
481
484
488
493
499
507
514
523
531
538
544
550
551
554
553
554
552
552
548
546
542
541
537
535
533
530
526
524
522
521
519
517
515
514
512
512
510
510
510
511
509
508
507
507
503
503
501
501
498
496
494
491
489
487
485
483
481
481
480
478
476
474
473
471
471
471
472
471
471
471
471
471
473
471
472
471
472
473
474
473
474
475
476
476
479
483
488
495
502
510
520
528
537
543
550
553
555
557
557
556
554
551
548
543
541
536
534
530
526
523
520
518
516
513
511
508
507
506
506
506
505
505
504
505
503
503
500
499
497
497
494
493
490
489
485
484
482
480
477
477
475
474
473
472
471
471
469
469
469
468
468
469
469
470
470
471
471
472
473
473
473
474
474
475
476
476
477
479
483
487
493
500
509
517
524
531
538
542
546
548
548
547
547
542
539
535
533
527
525
521
517
514
510
507
504
501
500
499
499
499
500
499
500
499
500
499
500
500
501
501
500
499
498
497
495
493
490
488
485
484
482
482
480
480
479
479
478
478
477
476
476
476
477
478
477
479
480
482
482
484
482
484
484
485
484
485
485
487
489
493
497
505
512
521
530
539
546
552
556
560
560
561
560
558
552
548
543
538
533
528
524
521
519
515
511
507
504
500
497
495
494
494
494
493
493
493
493
493
494
494
494
494
494
492
492
490
489
487
486
484
484
481
481
481
480
479
480
478
478
476
477
476
478
478
480
480
481
480
480
480
483
483
483
483
485
486
485
485
486
487
492
497
503
510
518
527
535
542
547
552
556
557
557
556
551
549
545
542
536
533
527
523
519
514
510
507
503
500
496
495
492
492
489
489
487
487
487
487
486
486
485
485
484
484
482
483
481
478
477
476
476
476
475
474
473
473
474
475
476
476
476
476
478
477
479
478
480
480
482
483
483
483
485
483
484
483
484
484
484
483
485
486
488
491
497
502
510
518
526
533
540
545
550
552
554
552
550
548
545
541
538
533
530
526
524
520
515
513
508
505
501
497
494
493
491
490
488
488
487
487
486
487
487
488
487
488
487
487
485
485
483
482
481
479
478
477
476
475
475
474
474
473
473
473
472
473
472
473
473
474
474
475
475
477
478
480
481
481
483
484
484
484
484
485
485
485
485
485
485
486
488
490
495
501
508
515
524
530
537
540
545
546
548
546
545
542
540
536
533
529
526
522
520
515
513
510
507
504
501
499
498
495
494
492
491
491
491
491
491
491
491
491
491
490
488
487
486
485
484
483
482
482
480
481
479
479
479
478
478
480
479
479
480
481
480
481
481
482
482
483
484
484
485
486
485
487
486
487
488
489
490
489
490
491
491
491
490
492
491
492
492
492
491
493
495
498
502
509
516
524
530
537
543
546
550
552
553
552
550
546
543
538
534
530
527
523
519
517
515
511
509
506
504
502
502
Loop stopped.