Output started
30000
626
638
645
650
652
657
662
666
671
674
677
679
680
680
679
678
677
675
675
675
675
673
672
670
668
667
668
667
666
663
662
659
656
653
651
648
647
645
643
641
640
640
637
636
635
633
631
631
629
628
627
624
623
622
621
620
620
619
619
618
617
617
616
615
616
616
615
616
615
615
616
617
616
616
616
616
616
617
617
618
617
618
616
618
618
618
619
620
621
622
620
620
620
621
620
622
622
623
624
624
623
624
626
627
628
629
629
631
633
638
643
648
654
659
665
669
672
674
677
678
678
676
676
674
674
673
673
672
674
673
673
670
671
668
667
665
664
661
660
656
654
651
650
647
647
644
643
640
638
638
638
636
634
633
631
630
628
626
624
622
622
620
620
619
619
618
617
617
617
617
616
617
617
616
616
615
615
615
615
615
615
615
614
615
614
615
615
615
615
615
614
613
614
616
615
616
616
618
618
619
619
619
619
619
620
621
621
622
623
623
623
624
623
625
626
629
632
637
641
648
653
660
664
670
673
676
679
679
680
679
677
674
674
673
673
673
673
671
669
666
664
662
661
660
658
655
654
649
646
643
641
639
637
634
634
634
631
630
630
630
628
626
626
624
624
622
621
619
618
617
615
613
613
612
613
613
612
613
613
613
612
611
611
612
614
615
614
614
615
616
615
616
615
617
617
619
618
620
619
619
618
617
617
617
618
618
619
619
618
619
618
620
621
623
624
625
624
623
622
623
627
631
637
643
648
654
659
663
666
667
669
669
668
667
667
665
665
662
661
659
657
656
655
655
655
654
653
651
650
648
647
646
644
642
643
641
641
639
639
636
635
635
634
632
632
630
629
628
627
626
626
626
625
624
624
623
622
620
620
620
620
620
619
619
619
619
620
620
621
620
620
619
619
621
621
622
620
622
622
622
621
622
623
622
623
622
623
622
620
620
619
621
621
623
623
626
626
627
626
626
629
632
639
645
652
657
663
667
671
673
674
675
676
675
673
674
673
672
672
671
672
670
671
670
668
665
662
659
657
655
654
650
648
645
644
642
642
640
641
639
637
635
634
632
631
630
629
625
625
622
621
620
620
617
617
616
617
616
616
615
615
614
615
614
614
615
616
616
617
619
618
617
618
618
617
618
618
619
620
621
620
622
622
623
625
626
626
626
626
626
626
626
627
628
630
632
632
632
629
629
629
634
638
647
653
658
662
666
671
671
672
673
673
671
669
670
668
668
667
667
666
665
662
662
661
660
659
657
654
651
648
646
643
642
641
639
639
637
637
636
635
633
631
631
630
629
628
626
625
624
622
620
619
618
617
614
613
611
611
609
610
610
612
612
613
613
613
613
613
614
617
616
617
616
617
617
618
618
618
619
618
620
620
621
621
622
621
622
621
621
622
624
624
625
625
627
626
627
627
629
630
637
641
646
651
657
661
666
669
672
674
675
674
675
673
673
671
670
669
668
668
666
665
663
662
660
660
659
657
654
651
648
645
644
641
640
639
636
637
635
634
633
632
631
631
630
628
627
625
623
623
621
619
618
618
616
616
615
615
613
614
613
614
615
614
614
615
614
615
614
613
615
614
615
616
617
618
618
619
619
618
617
618
616
618
617
618
618
617
616
615
615
616
618
618
620
622
622
620
621
624
628
632
639
644
651
656
662
666
670
671
672
673
674
672
672
671
671
670
669
667
667
664
664
663
663
663
661
659
658
655
652
650
648
644
642
639
638
636
636
635
635
634
633
632
630
629
627
625
624
623
621
621
618
618
615
615
615
615
613
613
612
612
610
611
610
609
609
610
610
611
611
612
611
612
610
612
613
614
614
613
614
615
614
614
615
616
617
617
617
617
617
616
617
618
619
620
620
619
619
620
623
628
634
640
646
651
657
661
666
668
671
671
672
671
670
669
668
668
668
667
667
665
663
662
660
657
657
655
654
651
650
646
644
641
638
636
635
633
631
632
630
628
628
627
626
624
623
623
622
620
620
618
618
616
614
614
613
612
612
612
612
612
611
612
612
613
613
613
612
612
612
612
611
613
611
612
612
612
612
611
613
613
613
614
614
615
616
616
616
617
617
617
616
617
616
616
617
618
619
619
619
618
621
624
628
634
641
646
653
657
661
665
667
668
670
671
671
670
669
667
665
663
663
662
663
662
662
661
659
656
654
651
649
647
645
643
640
638
635
632
631
631
630
629
628
627
626
623
622
620
619
617
618
616
615
613
613
613
612
612
610
609
609
608
607
608
608
608
608
609
608
609
609
608
606
606
605
606
606
608
609
608
608
609
608
608
609
610
610
610
610
611
610
613
613
613
614
613
613
613
614
614
616
618
617
616
617
620
624
631
634
641
646
651
656
662
665
667
669
668
669
668
666
664
664
662
662
661
659
658
658
656
655
653
653
650
649
646
645
641
641
638
637
635
633
633
632
630
630
628
627
625
624
623
623
620
620
618
617
616
614
613
612
610
610
608
607
608
606
606
606
607
607
608
608
608
607
606
606
606
606
606
607
608
607
607
607
608
608
608
608
610
609
611
611
612
612
612
611
610
611
613
614
615
615
615
614
614
614
614
617
620
625
630
635
642
648
655
658
660
661
660
661
660
660
658
658
656
655
655
654
653
652
651
648
647
646
644
643
641
640
636
636
633
633
633
633
633
632
632
630
628
626
624
623
621
621
620
620
618
617
615
615
613
611
611
610
610
609
608
607
606
607
607
608
608
610
611
613
613
613
614
614
615
615
617
617
617
617
618
617
619
618
618
618
618
617
617
617
618
617
618
618
620
620
621
620
620
618
619
621
626
632
637
642
647
653
658
660
662
662
663
663
664
662
664
664
662
661
659
658
658
658
656
656
653
651
648
648
646
643
640
638
636
636
635
635
633
634
632
631
628
627
624
624
622
620
618
615
613
613
613
612
611
611
610
610
609
608
608
607
608
607
607
607
606
607
607
607
607
608
608
609
610
610
611
611
612
611
613
612
613
614
614
613
612
611
613
611
612
614
615
616
617
617
618
616
616
617
619
625
631
637
643
648
655
658
663
664
667
666
666
665
663
662
662
660
659
658
658
657
657
656
655
655
655
651
649
647
644
641
638
637
637
636
635
634
633
632
631
631
629
629
627
625
623
621
618
617
615
614
612
611
609
608
606
606
604
605
603
605
604
604
604
604
604
604
603
603
604
604
604
605
605
606
606
607
608
608
608
608
608
610
610
611
610
609
609
608
608
608
609
610
611
613
615
615
616
615
618
622
628
633
641
647
654
659
664
667
670
670
670
669
669
667
666
666
666
665
664
663
662
660
658
657
656
655
653
651
648
645
643
640
638
635
634
632
632
630
628
627
624
623
619
618
617
616
614
613
610
609
608
607
606
605
604
603
602
602
601
602
601
602
601
600
599
600
600
600
599
599
599
599
600
601
600
601
601
602
603
603
603
603
603
603
602
603
603
604
605
605
606
605
606
606
608
610
610
610
612
612
616
621
626
632
639
645
653
658
664
667
669
668
668
668
667
666
666
664
664
663
664
662
661
660
659
658
656
654
652
648
646
643
641
638
635
632
632
630
630
628
627
625
624
622
619
617
615
614
611
611
609
608
605
604
602
602
602
601
600
600
599
599
598
598
597
597
597
598
599
599
599
601
600
601
602
603
602
603
601
602
603
604
604
603
603
603
603
604
604
605
604
604
603
603
603
604
605
607
608
609
610
610
610
611
614
618
624
630
636
642
650
655
660
661
663
665
665
665
666
665
663
663
663
661
661
658
658
658
657
655
654
651
649
647
645
642
639
637
634
633
631
630
630
628
627
626
625
622
621
619
618
614
614
612
611
610
608
608
606
604
604
602
601
602
600
600
599
600
599
599
599
601
601
602
602
603
603
603
603
603
604
605
604
606
604
605
604
605
605
605
606
607
606
606
606
606
607
607
606
607
606
608
608
610
611
611
612
611
612
612
615
619
625
631
637
643
648
653
658
661
664
665
666
666
665
664
662
660
661
658
659
657
657
655
654
652
651
650
648
646
644
642
638
636
633
632
630
628
627
627
625
623
623
622
621
619
618
617
615
615
613
613
611
610
609
609
607
607
606
606
605
605
605
605
605
605
606
607
606
607
605
605
605
605
605
606
605
605
605
605
606
607
606
607
608
607
608
608
608
610
610
610
611
612
612
611
611
611
610
610
610
612
613
614
615
615
616
616
617
619
625
629
634
638
644
648
653
655
658
659
660
660
660
658
657
654
656
655
656
654
655
654
653
651
652
648
646
645
642
641
639
636
635
634
632
631
630
629
628
627
627
626
625
624
623
621
620
619
617
615
614
613
612
611
611
610
609
609
608
608
608
609
609
610
608
609
608
608
607
608
608
608
608
609
609
611
609
610
609
610
609
610
610
611
612
613
613
613
614
613
614
614
614
614
614
615
613
613
613
613
612
612
613
614
615
616
617
617
618
618
620
624
630
633
638
643
648
651
654
656
658
658
658
659
657
656
656
655
654
654
655
653
653
652
651
650
648
646
644
643
642
640
640
639
637
635
633
631
630
629
630
630
630
629
627
624
624
623
622
622
621
620
619
617
617
617
617
616
616
616
615
615
614
615
615
615
615
616
615
616
615
615
614
614
613
614
614
614
614
616
616
616
616
616
616
617
617
617
616
616
615
615
614
615
615
616
615
616
617
617
618
617
618
618
619
621
622
621
622
621
622
624
628
632
635
639
644
648
652
655
657
658
658
657
656
654
655
653
652
652
651
650
650
650
649
649
647
647
646
645
643
643
640
638
636
633
633
632
632
632
632
631
630
630
629
628
626
625
624
624
622
621
619
618
616
617
616
616
615
615
614
614
614
614
613
613
612
612
612
613
613
615
614
614
614
615
616
616
615
617
617
616
616
616
616
615
615
616
615
614
614
615
615
616
615
616
617
617
616
615
615
615
616
617
618
619
618
619
620
620
623
628
632
635
640
644
648
651
653
654
655
653
653
652
653
652
651
650
650
647
649
647
648
648
648
647
645
642
641
640
639
637
635
633
632
631
632
631
632
632
632
630
629
628
626
625
624
623
621
619
618
617
616
617
615
615
613
613
612
612
612
613
612
613
613
613
613
613
615
615
614
613
612
614
614
614
614
615
615
616
616
615
615
614
615
614
614
613
613
612
612
613
613
613
612
612
613
614
614
616
618
617
617
616
618
619
622
627
632
637
643
647
651
653
655
656
655
655
654
652
651
648
647
644
643
641
641
640
638
636
635
634
633
634
632
632
631
630
631
631
632
631
632
632
632
631
629
627
626
624
623
623
622
621
620
618
616
614
614
613
613
613
612
611
610
610
609
608
608
609
608
609
608
609
608
610
609
609
610
612
611
614
613
613
613
613
614
614
615
614
614
614
614
614
613
612
611
613
614
616
617
618
616
616
617
618
621
625
630
635
641
647
652
655
658
658
660
660
661
661
659
657
656
654
654
653
654
653
652
650
649
646
645
644
642
641
640
639
637
635
635
636
636
635
633
633
631
629
627
626
623
622
621
620
620
619
618
616
615
614
613
613
613
613
611
611
610
609
609
610
609
608
609
609
609
611
611
613
612
612
612
611
612
612
611
612
611
611
611
613
613
614
613
614
614
614
616
616
618
619
619
619
618
618
619
623
627
633
638
644
649
655
658
660
662
660
661
660
660
660
660
658
657
654
654
653
653
652
651
650
647
645
644
641
640
637
636
633
632
630
630
629
630
629
628
626
625
623
621
620
619
617
617
614
614
612
611
609
609
607
606
606
606
605
605
604
604
604
604
606
605
605
603
604
603
605
605
606
606
607
607
608
608
609
610
610
609
608
608
608
607
607
607
608
607
607
607
609
611
613
612
612
612
613
616
621
627
632
638
644
650
654
657
659
659
660
659
658
658
657
656
656
654
653
652
652
651
651
650
649
648
645
643
639
638
635
634
630
630
628
626
625
624
623
622
620
619
617
616
613
612
611
610
608
608
605
604
603
602
602
601
602
601
601
601
600
600
599
601
600
602
602
600
601
601
601
602
603
602
602
601
601
601
602
601
602
602
601
601
604
602
602
601
601
601
603
603
606
606
608
606
607
608
612
617
622
628
635
641
647
652
656
658
659
659
659
658
657
657
656
655
655
654
654
652
651
650
650
647
646
643
642
640
638
637
633
630
626
624
621
621
620
621
620
620
618
617
616
615
613
612
608
607
605
604
602
601
600
600
597
598
598
599
599
599
599
599
599
599
599
598
597
598
598
597
596
597
597
598
599
599
599
598
599
599
600
598
599
600
600
600
600
600
601
600
601
602
603
604
605
605
606
608
613
617
622
626
632
637
643
646
650
653
655
654
655
655
653
653
653
652
651
650
650
649
648
647
646
643
641
639
637
635
634
631
628
625
624
622
621
620
619
619
617
616
615
614
611
609
608
607
605
604
603
603
601
601
599
599
597
597
597
597
595
597
595
597
596
597
597
598
598
598
599
598
598
598
599
599
599
599
599
600
599
600
600
601
601
602
602
602
602
602
602
602
602
601
602
603
604
605
606
606
607
608
611
615
621
626
630
634
639
641
645
647
649
650
649
649
649
648
649
646
648
645
646
644
645
644
643
641
638
637
635
634
632
629
Loop stopped.
