Output started
30000
581
584
583
581
579
577
574
572
570
568
566
565
563
560
560
557
556
555
554
554
552
553
551
551
550
551
550
550
550
551
550
551
550
551
550
551
550
551
550
550
551
553
554
554
555
561
565
572
579
588
596
606
614
622
626
629
629
629
626
623
620
618
614
610
606
602
599
596
595
593
591
590
587
585
585
583
584
583
583
583
584
584
583
581
580
578
577
576
574
572
571
567
566
564
563
562
561
560
558
557
557
556
556
555
555
554
555
556
556
556
556
556
557
558
558
558
558
558
559
558
559
558
558
559
559
559
561
562
563
565
568
572
575
581
587
595
604
613
620
627
632
636
637
637
636
635
629
627
622
618
613
609
603
600
596
593
591
590
587
587
584
583
582
582
582
582
581
583
582
580
579
578
577
576
575
574
572
570
568
568
568
566
566
565
564
563
561
559
559
558
558
557
558
558
559
560
560
560
561
560
562
562
563
563
564
564
566
565
566
564
563
563
562
561
561
560
560
562
565
570
576
582
592
602
610
619
626
630
633
634
634
632
629
627
623
619
614
610
607
604
599
596
592
591
587
585
582
580
577
576
574
573
572
573
572
572
571
571
569
570
568
567
565
564
563
562
559
559
557
557
555
554
554
553
552
551
550
551
550
551
552
553
554
555
556
556
556
556
556
556
558
557
558
557
556
556
557
556
556
557
558
558
560
560
562
565
571
575
582
589
598
606
616
624
632
636
640
640
640
638
636
631
629
625
621
616
614
610
606
603
599
597
596
593
590
589
587
585
585
584
585
585
585
585
585
584
582
581
579
579
577
576
572
572
569
569
567
567
565
564
562
562
560
560
558
558
558
557
557
559
558
559
558
558
557
557
556
557
557
558
557
558
559
559
558
559
559
558
558
557
557
558
559
561
565
570
574
581
587
596
607
615
625
632
638
639
641
640
638
635
632
628
625
619
616
612
609
606
604
602
600
597
597
593
591
590
589
588
588
588
588
588
587
586
584
583
579
577
574
572
571
569
566
565
563
561
560
559
558
557
556
554
554
553
552
551
551
552
551
553
552
553
551
551
552
553
553
553
553
555
553
554
554
555
555
554
554
556
554
556
557
559
559
562
564
569
574
582
589
599
607
617
625
632
637
641
641
640
639
635
632
628
625
620
616
613
609
605
602
600
598
596
595
592
592
591
591
591
592
592
593
593
592
590
589
586
584
582
581
579
576
572
571
569
567
565
564
562
561
559
558
556
555
554
555
553
551
551
550
549
548
548
548
549
549
549
550
549
549
550
550
551
552
552
551
552
551
552
552
552
554
553
554
556
558
563
566
573
581
590
598
609
618
626
631
636
636
637
635
633
629
627
622
616
612
609
604
601
596
594
592
590
588
585
583
584
583
584
584
584
585
586
585
585
585
585
583
581
579
577
576
574
573
570
569
566
564
562
562
560
559
559
558
557
556
555
557
557
558
558
559
559
559
558
559
559
561
560
560
562
562
563
564
564
566
566
566
567
567
566
568
568
569
568
568
570
575
580
590
599
609
619
629
637
643
649
650
651
649
647
643
640
634
631
625
621
615
610
605
602
600
597
593
592
588
587
585
584
582
582
581
580
579
579
578
578
575
574
572
571
568
565
563
561
559
557
556
555
554
553
552
553
551
551
552
552
552
552
553
553
553
553
554
555
557
558
559
559
561
560
560
559
561
561
562
562
562
561
561
561
562
563
563
563
563
564
570
576
584
592
604
614
625
633
641
646
650
649
648
646
643
638
634
628
624
620
615
612
607
603
600
597
593
591
588
585
582
580
578
577
577
576
574
574
572
571
569
569
567
565
563
562
560
559
556
554
553
552
550
549
547
546
545
546
546
546
545
546
545
547
547
548
549
549
550
551
550
552
552
553
553
554
554
554
554
556
556
556
556
555
557
557
558
558
559
559
562
567
574
583
592
603
615
625
636
644
649
652
654
652
651
647
643
638
634
629
623
619
615
611
606
601
598
593
591
587
582
581
578
576
575
574
573
572
572
571
569
567
566
565
564
562
560
558
556
554
553
551
548
548
547
546
546
546
545
545
544
544
543
544
543
543
543
544
543
545
545
546
545
547
546
547
547
549
549
551
551
552
552
552
551
552
552
553
554
555
556
557
561
567
574
583
593
604
616
628
638
646
652
655
656
654
652
648
644
639
635
629
625
619
614
609
605
600
597
593
591
588
585
582
582
580
580
579
579
578
578
577
577
575
573
570
569
567
565
563
559
558
556
554
552
551
549
549
547
545
545
543
543
543
542
542
541
541
541
541
541
540
540
541
542
542
542
543
544
544
544
544
544
544
545
546
546
546
546
546
547
548
549
551
555
561
568
577
587
598
610
621
632
641
649
653
654
653
652
649
644
641
636
631
626
620
615
611
606
602
597
595
593
589
587
585
582
580
579
581
581
581
582
581
579
577
574
571
568
566
564
561
559
555
554
551
549
547
546
543
543
542
542
539
539
538
539
538
537
537
537
536
538
537
538
538
539
539
541
542
543
543
543
544
544
544
543
544
544
545
545
547
547
549
549
551
552
556
559
567
573
584
593
604
615
628
636
644
647
649
650
648
644
641
635
631
626
622
617
613
607
604
599
596
594
591
588
586
584
583
583
584
584
583
582
581
580
578
576
575
574
571
568
565
563
561
559
556
555
552
550
547
546
544
544
543
543
542
542
541
542
542
542
543
543
543
544
543
543
543
544
544
545
545
546
546
547
547
547
548
550
551
551
552
553
553
554
555
555
557
558
562
568
576
586
597
608
621
631
641
647
653
654
653
650
647
641
635
629
624
620
614
608
604
598
594
590
587
584
582
578
576
574
575
574
576
575
576
576
575
573
572
571
571
568
567
565
563
561
559
558
556
554
553
552
551
549
548
547
546
546
546
548
548
548
549
550
551
551
551
552
552
552
553
554
555
555
554
555
554
555
555
557
558
559
560
560
560
562
563
563
563
564
564
567
572
578
588
600
611
624
634
644
651
654
656
657
655
652
648
643
639
633
627
622
618
613
609
606
602
597
596
592
588
585
582
580
580
578
578
576
576
575
575
573
572
570
567
566
564
561
561
558
556
553
552
550
550
548
547
547
545
545
544
544
544
545
545
545
546
546
548
548
548
549
550
550
550
552
552
553
554
554
553
554
555
556
554
555
555
556
555
557
558
559
559
560
562
565
570
578
587
597
609
621
630
641
647
652
654
654
651
648
645
642
637
631
626
622
617
613
609
604
601
597
594
591
587
584
581
577
575
573
574
574
573
572
571
569
568
567
566
564
563
561
559
556
555
553
552
549
548
547
546
546
546
546
546
545
546
545
546
546
547
546
547
548
548
547
549
550
550
551
552
553
554
555
554
556
556
555
556
556
557
558
557
557
557
558
560
561
562
567
572
579
588
597
608
619
630
640
648
655
658
658
656
655
650
647
642
638
633
628
623
618
613
609
605
602
598
596
592
589
586
585
584
584
585
586
587
588
588
587
585
584
582
581
578
577
574
572
569
567
564
562
560
558
556
555
553
552
551
549
549
547
547
547
549
548
548
548
548
547
549
548
550
549
550
551
552
552
553
553
552
550
550
550
551
551
553
553
554
555
556
557
558
562
565
573
580
589
599
610
621
632
641
648
652
654
654
652
648
646
640
636
631
627
622
618
612
608
604
601
597
596
593
591
588
587
585
586
585
587
586
587
586
585
584
583
580
579
577
575
572
570
567
565
564
561
559
558
556
556
555
554
553
551
551
550
550
550
550
549
550
550
549
550
550
549
549
549
550
550
550
549
549
549
550
550
551
550
551
550
550
549
551
551
553
553
554
555
560
565
573
582
594
605
618
627
637
644
650
652
652
651
648
644
639
634
629
625
620
615
610
604
601
597
594
591
589
587
583
581
580
580
580
580
580
580
579
578
576
575
574
573
570
569
566
564
562
560
556
555
552
552
551
550
550
550
549
549
548
548
548
549
549
549
549
549
550
551
551
553
552
554
555
556
557
558
558
558
559
560
562
561
561
561
561
562
562
562
561
560
560
562
569
574
583
594
606
616
628
637
645
651
656
655
655
651
649
644
641
634
630
624
620
613
609
604
600
597
593
589
586
583
580
579
578
577
576
576
576
574
573
573
571
570
569
569
566
564
561
560
558
558
555
555
553
552
551
551
549
549
549
549
547
548
548
549
549
551
551
552
552
552
552
553
555
555
556
556
556
556
557
557
557
557
558
559
559
560
560
560
560
561
561
561
562
564
569
577
586
598
610
622
635
645
652
657
661
661
661
657
652
648
642
636
631
624
620
616
612
608
604
600
596
592
589
584
580
578
576
574
574
573
573
572
571
570
569
568
566
563
559
558
556
554
551
550
547
545
543
542
542
540
539
538
539
539
539
541
541
541
541
542
541
542
541
541
541
543
543
544
543
545
546
546
547
549
547
549
549
551
551
553
551
553
551
552
552
553
555
561
568
578
590
603
616
630
642
651
658
663
665
664
663
659
653
648
640
634
628
623
619
613
608
604
599
594
590
584
581
576
574
571
570
568
569
567
565
565
564
562
562
559
557
553
552
549
547
543
543
540
539
537
536
535
535
534
535
533
533
532
533
533
534
535
535
536
536
537
537
538
539
540
540
541
542
543
543
544
545
546
546
546
547
548
547
547
548
549
549
550
550
553
557
564
574
587
599
614
627
640
651
658
662
665
664
662
658
655
648
642
637
631
625
619
613
606
601
595
591
586
582
579
577
572
570
568
567
566
566
566
564
564
563
561
559
557
556
553
551
549
547
545
544
542
542
539
539
537
537
535
535
536
536
535
534
534
535
536
536
536
537
537
537
538
540
541
542
543
543
543
545
545
544
545
546
546
548
548
548
548
548
548
549
552
554
561
571
580
591
605
617
631
643
654
661
666
667
668
666
663
657
652
646
640
633
627
620
614
609
603
596
592
587
583
579
577
575
574
572
573
574
574
573
572
571
569
568
566
563
561
559
557
553
551
549
546
544
542
541
540
539
537
536
534
535
534
534
533
533
532
533
533
534
534
536
535
537
536
538
538
540
539
539
538
539
538
540
539
541
540
541
542
543
543
544
545
548
552
559
567
577
589
603
616
628
640
651
659
664
666
666
665
659
655
647
642
635
630
624
619
611
607
601
597
593
589
586
583
580
579
577
577
577
578
578
578
576
575
573
570
568
566
563
561
558
555
552
550
548
546
544
543
542
540
538
537
536
535
533
534
534
535
534
534
535
535
535
535
536
535
535
536
538
538
539
538
540
540
541
541
541
542
544
543
544
543
545
546
548
550
554
559
567
576
588
599
613
626
638
648
657
660
663
663
661
656
652
647
641
635
628
621
615
610
604
599
595
591
588
585
582
580
579
578
578
580
580
582
582
582
581
579
576
575
572
570
567
565
562
561
558
556
554
552
550
550
548
546
544
542
541
541
539
540
539
540
539
540
541
543
543
544
544
544
544
544
544
544
544
546
546
546
547
547
546
546
547
549
551
551
552
552
552
555
561
568
578
589
602
615
628
640
650
656
661
660
660
657
654
650
646
640
635
629
623
616
611
604
598
592
588
582
579
576
573
572
571
570
570
571
572
573
573
573
572
571
570
568
565
563
561
559
557
556
554
553
551
549
548
549
547
546
546
547
546
547
548
549
548
549
549
551
553
553
553
554
554
556
554
556
555
556
556
557
557
556
555
557
558
558
559
559
561
560
560
560
562
567
573
583
594
607
619
631
642
651
657
661
663
661
658
654
649
643
636
630
625
619
615
608
604
598
594
588
586
581
579
575
573
570
571
570
572
571
573
573
574
572
571
570
568
566
564
561
559
557
553
551
550
548
546
545
543
542
541
541
541
541
542
542
541
542
543
544
546
547
546
548
549
550
550
552
553
554
553
555
555
555
554
554
553
554
554
554
553
553
552
553
554
557
563
573
583
595
606
621
632
645
654
661
664
664
662
658
654
648
642
638
632
626
619
613
607
601
598
592
588
584
582
577
576
573
571
570
571
569
571
569
568
565
564
563
562
560
558
555
553
551
549
546
545
542
540
539
537
536
536
535
535
534
536
537
537
538
539
540
541
541
542
543
543
544
545
546
548
549
549
549
549
549
549
550
549
550
549
551
550
551
552
554
554
558
562
568
579
591
602
616
629
642
652
662
667
671
670
670
667
662
656
650
642
638
632
626
620
616
611
605
600
597
593
590
586
583
581
579
580
580
579
579
580
578
577
576
574
571
569
567
565
562
560
557
555
552
550
548
547
545
543
542
541
540
540
539
540
540
542
542
542
540
541
540
541
541
540
541
541
541
542
542
542
542
542
541
541
541
541
542
542
542
544
544
546
548
553
559
567
575
586
599
612
628
640
651
658
666
668
668
667
663
657
651
645
639
632
626
621
615
609
604
599
597
594
590
588
586
583
583
584
585
584
586
583
582
580
578
576
574
571
567
563
561
558
555
553
549
545
544
541
540
539
538
536
533
533
531
531
530
532
531
532
530
530
530
531
531
533
532
533
533
534
534
535
534
536
537
537
536
536
537
539
539
539
540
541
542
546
550
559
569
581
594
608
622
636
648
657
664
667
668
666
663
659
653
647
640
635
628
621
615
Loop stopped.
