Output started
30000
529
528
526
525
524
522
521
520
520
519
518
518
517
517
516
516
516
515
515
516
516
516
516
516
516
516
518
518
518
518
518
518
519
520
520
521
521
523
522
523
523
524
525
526
529
531
531
536
540
549
558
570
580
591
600
610
617
623
625
629
628
629
628
628
627
627
625
624
622
618
616
612
608
604
599
594
591
587
582
578
573
570
567
564
561
558
557
554
553
550
548
545
543
540
538
534
533
529
527
524
524
520
519
517
516
515
514
513
513
512
513
512
513
511
512
512
513
512
511
512
512
511
513
514
514
515
514
515
515
516
516
516
516
518
518
520
520
522
522
522
522
523
524
526
527
530
531
534
538
547
555
568
579
591
601
611
618
626
629
633
634
634
634
632
631
629
627
627
624
622
617
614
608
603
597
591
587
581
576
573
569
565
562
558
556
553
550
550
547
544
542
539
536
534
531
529
527
524
523
521
520
517
516
513
513
511
511
509
508
507
507
506
507
506
506
506
506
506
508
508
509
509
509
509
509
511
511
512
512
513
513
513
514
513
515
516
518
519
522
522
522
522
522
523
525
527
528
530
532
538
544
553
563
574
585
596
605
615
621
626
629
631
629
630
629
629
627
626
623
621
617
614
609
604
596
591
585
580
575
572
568
564
561
558
556
553
551
548
545
543
541
538
536
533
531
529
526
524
522
520
520
517
517
516
516
514
513
512
512
510
509
510
510
510
510
510
511
510
511
510
512
512
514
514
514
515
515
516
518
517
517
518
519
519
520
521
521
523
524
525
526
526
526
527
528
528
529
531
533
534
536
538
542
551
559
569
578
588
597
605
611
617
618
620
621
621
619
619
616
616
614
613
609
608
604
600
596
593
588
584
580
578
574
571
567
565
562
561
558
557
554
551
549
546
545
542
541
538
535
533
531
529
528
525
524
521
520
518
517
517
516
514
515
513
514
514
514
513
513
514
514
514
514
514
515
515
515
515
516
516
517
516
518
518
519
519
520
520
523
524
526
527
526
527
529
529
530
531
532
534
535
536
537
539
544
550
558
568
577
588
596
605
611
617
619
621
622
622
621
620
619
619
616
616
613
613
609
607
602
599
595
593
588
585
581
577
573
572
569
567
565
565
563
562
560
559
557
555
552
550
548
546
543
542
539
537
536
535
534
532
530
529
528
527
526
524
525
524
524
523
525
524
525
525
525
524
525
526
526
525
525
526
526
526
526
526
526
527
527
527
527
527
528
528
529
529
531
531
532
532
532
534
536
538
540
541
543
546
552
559
568
577
588
598
607
615
620
624
625
627
626
626
625
624
623
621
619
617
615
614
611
609
605
602
599
596
591
589
585
583
580
579
576
574
571
571
567
566
563
562
559
557
555
553
550
548
546
544
543
541
538
537
536
534
533
532
530
529
528
528
528
528
529
528
528
527
528
527
528
528
529
529
530
529
529
529
530
530
530
530
530
530
531
531
532
532
533
533
535
535
536
536
537
537
537
538
539
541
541
543
545
549
555
562
570
581
591
600
609
616
621
624
627
629
628
629
628
628
626
625
623
622
619
618
613
611
607
604
600
597
592
590
586
583
580
578
575
574
571
569
567
566
564
562
559
558
555
554
551
549
547
545
542
541
538
537
535
533
533
531
530
529
529
528
528
527
527
526
527
526
527
527
528
527
529
530
531
530
530
530
530
530
530
531
531
531
531
532
532
532
533
532
533
533
534
534
534
535
536
537
539
539
541
544
548
554
562
571
581
592
603
612
620
625
630
633
634
634
634
634
633
631
630
630
627
625
623
620
615
612
607
604
599
595
590
587
583
580
576
574
572
570
566
565
561
558
556
553
550
548
544
542
539
538
535
534
532
531
528
527
525
523
523
521
521
521
521
521
521
520
519
520
520
519
519
520
520
518
519
519
519
520
520
521
522
522
523
522
524
524
525
525
526
525
526
526
527
528
529
529
528
530
531
533
535
535
538
542
549
557
568
580
592
603
614
623
629
634
637
638
638
637
635
633
631
629
627
625
623
621
616
612
605
603
597
594
589
585
580
577
574
572
569
567
565
563
561
559
556
555
552
550
546
544
540
539
535
534
531
531
528
527
524
523
521
520
519
518
518
517
517
516
516
515
515
515
515
515
516
515
516
515
516
516
517
518
518
517
518
518
519
520
522
522
523
523
524
525
527
528
529
529
530
529
530
531
533
534
536
537
541
547
556
566
578
589
601
612
623
632
636
640
642
641
640
638
637
634
632
630
627
625
622
617
612
607
602
597
592
588
583
579
575
572
568
566
563
561
559
558
554
552
548
546
542
541
537
535
533
530
528
526
523
522
519
517
515
514
513
512
512
512
512
511
511
511
512
512
512
512
513
512
513
513
514
516
516
516
516
516
517
518
520
519
521
520
522
522
522
522
523
524
525
525
526
526
527
528
529
530
533
534
537
538
543
548
557
566
578
590
602
612
622
629
636
639
641
641
640
639
636
634
631
629
626
623
619
616
611
605
599
595
589
585
581
578
573
571
567
566
563
562
560
558
556
555
552
551
547
545
542
540
538
537
535
533
530
529
527
527
524
524
520
520
519
518
516
516
515
515
514
515
516
516
516
516
518
519
519
520
520
522
523
524
525
525
527
526
528
528
529
529
530
530
531
532
533
534
535
534
535
535
538
538
542
541
542
542
546
552
560
569
579
589
600
609
617
623
627
629
632
630
629
628
625
623
621
618
614
611
608
605
601
596
593
589
586
584
580
578
575
574
572
571
570
568
567
565
563
561
558
556
554
551
548
546
542
542
540
538
536
536
534
533
530
530
528
528
527
526
525
526
525
525
524
524
525
525
525
525
525
526
526
526
526
527
527
528
529
529
530
531
532
531
533
533
534
534
536
536
537
536
538
538
538
539
541
542
545
545
547
549
555
563
572
582
593
604
613
620
626
630
632
633
634
633
632
630
629
627
625
623
622
620
618
614
609
606
602
598
594
590
587
585
582
580
577
576
574
572
570
568
565
563
560
558
555
553
549
547
544
542
539
537
534
534
532
529
528
528
526
527
525
525
524
524
523
524
524
524
523
524
524
524
525
526
527
527
526
527
526
527
528
529
529
530
531
532
533
534
535
536
537
538
539
538
539
539
540
541
543
545
547
550
554
560
570
580
591
602
612
620
627
632
635
638
638
637
637
635
633
631
631
627
625
622
621
618
615
611
606
602
598
594
590
586
582
579
576
574
571
567
565
562
560
558
556
554
552
550
546
544
541
540
537
535
532
532
529
528
525
524
523
522
522
522
521
522
522
522
521
522
520
521
522
523
523
523
522
523
524
524
523
523
523
523
523
523
524
525
524
525
526
526
527
528
529
529
531
531
531
532
536
537
539
540
543
545
553
562
572
583
595
605
616
624
632
636
640
640
642
641
639
638
637
635
633
630
627
624
621
616
611
605
601
595
590
585
581
577
574
571
568
566
564
563
560
557
556
553
550
548
546
543
539
538
536
534
532
530
528
528
526
525
523
522
521
520
519
519
518
517
516
516
516
516
516
516
515
516
516
517
517
518
518
520
519
520
521
521
522
522
522
524
524
525
526
528
528
529
530
530
530
530
531
532
534
536
538
540
544
551
561
572
585
598
610
620
630
636
642
643
644
643
643
640
639
637
636
633
632
628
625
621
618
611
606
601
597
591
586
580
576
572
569
567
563
562
560
557
554
551
548
546
543
541
538
535
532
530
527
525
522
522
519
518
516
515
513
513
512
512
511
512
511
512
512
513
512
514
514
515
516
516
517
518
518
519
519
520
520
521
521
522
523
524
525
525
525
525
528
528
529
529
529
530
530
530
530
531
532
534
536
536
540
543
553
562
575
587
601
612
624
631
636
641
644
644
644
642
640
636
634
632
630
626
623
619
615
609
605
598
592
588
584
579
575
571
569
565
562
560
557
554
551
549
546
542
539
536
533
530
528
526
523
521
519
518
516
515
512
512
510
510
509
509
508
509
508
509
508
509
509
511
510
512
512
513
514
515
516
517
517
518
519
519
518
521
521
522
522
524
525
526
527
529
530
531
532
533
533
532
532
534
535
537
539
541
544
548
557
566
578
590
604
614
626
634
640
644
646
647
646
644
641
638
637
633
630
626
623
619
616
609
604
598
593
588
584
580
578
574
572
569
568
566
565
562
560
556
554
550
548
546
543
543
540
538
534
531
528
525
522
521
519
519
518
519
518
519
519
520
519
519
518
519
518
520
519
519
519
521
521
522
522
523
522
524
523
525
525
526
526
527
528
529
529
532
530
532
533
533
534
534
535
535
537
539
541
543
545
550
557
567
578
589
600
610
620
628
634
638
640
639
638
635
634
629
629
625
623
620
618
614
610
606
602
596
592
588
586
581
579
575
574
572
571
569
568
565
563
561
560
558
554
553
550
547
544
541
539
536
535
533
531
530
528
528
527
526
525
524
524
524
523
523
523
524
524
525
525
526
525
527
526
528
527
527
527
528
528
529
529
530
531
533
533
535
534
536
535
536
536
537
538
540
540
542
545
549
556
564
573
582
594
602
612
620
625
629
632
633
632
630
628
625
624
621
619
616
615
611
608
603
600
596
592
588
586
581
579
576
574
571
570
568
568
565
564
563
561
559
558
554
552
550
547
544
543
539
537
536
535
534
533
532
531
530
530
528
527
527
527
526
525
526
526
527
527
528
527
528
528
529
530
531
532
533
533
534
533
535
535
535
536
537
538
538
537
538
538
539
538
540
541
544
545
550
554
563
571
583
592
602
612
619
626
630
633
634
634
634
633
631
630
628
626
624
622
619
616
612
607
602
599
594
591
587
584
580
578
574
572
571
570
567
565
562
561
558
556
553
552
549
547
544
543
539
537
533
532
530
529
528
527
526
526
524
524
525
526
527
526
527
528
527
528
527
527
528
527
527
528
527
528
529
529
529
529
529
529
531
530
531
532
533
533
533
533
535
536
538
538
540
540
545
549
558
566
576
587
598
608
617
623
629
633
634
634
634
631
631
629
627
624
622
620
617
614
610
607
602
598
595
591
588
585
583
580
577
577
575
573
570
569
566
564
562
559
556
555
550
549
546
545
541
540
537
535
532
531
529
528
526
526
524
524
523
524
522
522
521
522
522
524
523
523
523
524
524
525
525
525
526
526
527
527
528
528
529
530
531
530
532
531
533
532
533
534
535
535
537
538
543
550
561
572
584
596
608
618
628
633
639
641
642
640
639
637
635
633
632
630
628
625
622
617
613
608
603
597
593
589
585
580
576
574
571
569
567
565
563
560
558
554
551
547
544
542
539
538
534
533
531
529
527
526
524
524
521
522
520
520
518
518
517
519
518
518
517
517
515
516
514
514
514
514
514
515
515
517
517
519
519
520
520
520
521
522
524
524
524
523
524
525
527
530
531
533
536
542
551
562
576
588
601
612
622
630
636
639
642
642
642
639
638
636
635
633
630
627
624
619
615
609
604
596
590
584
579
574
570
566
563
559
557
554
551
548
546
544
541
538
535
532
528
525
522
519
516
515
513
511
509
508
507
507
505
505
504
504
504
504
503
504
503
505
503
506
505
506
506
507
508
509
509
511
511
512
512
513
514
517
518
521
521
522
522
523
522
523
527
528
530
531
533
538
545
554
567
580
593
606
617
627
634
639
644
645
645
645
644
643
643
641
639
636
633
628
623
616
611
604
597
590
583
576
572
566
563
559
556
552
549
546
543
539
536
533
530
527
525
521
518
515
514
511
509
506
504
502
500
499
499
498
497
497
496
496
497
497
496
497
497
498
499
501
500
502
502
504
504
507
508
509
510
512
512
515
515
516
517
518
518
520
520
521
521
522
523
526
528
530
534
541
549
560
571
584
595
606
613
621
625
629
631
631
630
629
628
626
624
621
618
614
611
608
604
598
594
587
583
577
572
567
564
559
557
554
552
550
548
544
542
539
538
535
535
532
532
529
528
525
524
522
522
520
520
518
518
517
518
517
518
518
519
519
519
518
518
519
520
520
520
520
519
519
520
521
521
522
521
523
522
524
525
526
527
528
527
528
529
530
529
530
530
533
534
536
537
541
546
556
563
573
583
594
603
611
616
621
623
624
625
624
624
622
620
618
615
613
608
606
602
597
593
589
585
581
577
575
572
568
567
564
561
559
558
555
554
551
549
546
545
544
543
540
539
536
535
533
532
530
530
529
529
528
529
529
528
527
527
527
527
527
528
528
530
530
530
531
530
531
532
533
533
533
534
535
535
535
535
536
537
537
538
538
538
539
539
539
539
540
542
544
545
547
550
555
562
570
579
588
595
602
608
615
619
621
622
623
622
621
620
618
616
615
612
610
607
603
599
597
593
590
588
585
583
581
578
576
574
572
570
568
566
565
562
559
559
555
553
552
550
548
547
544
544
542
542
540
539
538
537
535
536
534
534
533
534
532
532
532
533
532
534
533
534
534
535
535
536
537
538
539
540
542
542
542
544
544
545
545
546
546
546
547
548
549
549
551
553
556
558
560
562
568
574
582
590
599
606
614
618
623
626
627
627
626
624
622
618
618
614
613
610
609
605
603
599
596
593
591
588
585
582
580
578
577
576
575
573
572
571
570
569
567
565
564
Loop stopped.