Output started
30000
469
462
458
458
459
459
460
459
459
459
459
459
458
456
455
453
453
453
452
450
450
450
450
448
448
447
447
446
447
447
447
447
447
447
448
447
448
449
450
450
451
452
452
452
453
454
455
456
456
457
455
454
453
454
455
459
462
470
475
482
489
497
502
509
511
513
514
513
510
508
504
501
497
494
490
489
486
484
482
481
479
477
474
473
469
467
466
464
463
464
463
464
463
463
464
464
465
464
464
462
461
460
458
457
456
454
453
451
451
448
448
446
447
445
445
444
445
444
445
445
446
445
447
447
448
447
448
448
449
449
451
452
452
451
453
453
454
456
456
455
453
452
452
451
453
458
462
468
473
482
489
495
502
507
510
511
511
511
508
507
503
500
495
493
489
488
484
483
480
479
477
475
471
470
467
465
463
461
459
460
459
460
460
460
459
458
458
458
458
458
456
456
454
452
452
450
448
448
447
446
445
443
445
444
443
443
443
442
443
443
442
442
443
442
444
444
445
444
445
445
446
445
445
445
446
446
448
449
450
452
452
450
451
449
450
452
455
459
465
471
478
486
494
500
507
509
513
513
513
511
509
505
502
499
496
493
491
489
487
485
483
481
479
477
473
471
468
465
462
460
459
459
459
460
459
459
458
459
458
459
457
457
455
453
451
452
450
449
447
447
446
444
442
443
442
442
441
442
441
442
441
441
441
441
441
442
442
443
444
444
445
446
447
447
447
447
448
448
450
450
450
450
451
451
452
454
455
454
454
452
452
451
455
457
463
467
473
480
489
497
504
509
514
517
519
518
519
515
513
509
506
501
499
496
495
494
490
488
486
483
481
480
477
474
472
470
469
466
465
465
463
464
464
464
464
464
463
464
461
461
459
459
457
456
453
452
451
451
449
450
448
448
447
447
446
447
445
446
446
446
444
446
446
446
446
446
446
447
447
448
448
449
449
449
449
449
448
449
449
449
451
450
450
450
450
450
451
452
453
452
452
451
452
454
459
462
468
473
480
488
497
504
511
516
520
520
521
519
518
515
512
509
506
502
500
498
496
493
492
488
488
484
483
480
478
474
472
470
468
467
466
465
466
466
466
466
465
465
463
462
460
460
458
457
454
454
451
451
448
448
446
446
444
443
441
442
441
442
441
441
440
441
440
441
441
441
441
441
441
443
442
443
442
443
443
444
444
445
444
446
446
446
446
445
445
446
446
445
447
448
448
448
447
447
448
450
454
459
466
472
481
488
497
504
510
513
516
516
516
513
512
507
506
501
498
494
493
489
488
485
484
480
479
476
474
470
469
466
465
463
463
463
462
462
462
461
461
460
461
460
459
458
457
456
455
453
451
451
449
447
445
444
443
443
441
441
439
439
438
438
437
438
438
438
437
438
438
439
438
440
440
440
439
440
439
440
440
441
441
442
441
442
442
443
444
447
448
447
446
445
444
445
446
449
453
458
465
473
481
490
498
504
509
512
514
514
515
512
509
504
501
495
492
488
486
483
481
478
476
472
471
468
467
463
462
460
462
460
462
461
461
462
462
462
463
463
464
462
462
461
460
459
458
455
454
452
452
451
450
448
447
446
446
446
446
445
444
445
445
445
445
446
446
447
446
448
446
447
447
448
448
450
449
450
449
452
451
454
454
456
455
455
453
453
452
453
456
460
465
472
478
488
495
503
509
515
518
521
521
519
517
514
510
504
500
496
492
489
487
483
482
479
477
474
472
469
468
464
464
461
461
460
461
460
461
461
461
461
461
461
462
460
461
459
458
455
454
452
452
450
450
449
447
446
445
444
444
444
444
443
442
442
443
442
443
443
442
442
442
442
442
444
444
446
446
447
447
448
449
451
450
452
451
450
449
451
453
457
462
469
475
484
491
499
505
512
516
518
517
517
515
513
507
504
498
495
491
489
486
484
481
479
476
473
471
468
465
462
460
459
458
457
457
457
457
457
457
456
458
458
458
457
456
455
454
451
451
449
448
447
446
444
444
443
444
442
442
442
441
440
441
440
440
440
441
440
441
442
443
442
443
443
444
444
445
445
446
446
447
449
449
449
448
448
447
448
449
452
457
463
469
477
485
493
500
507
510
513
515
516
514
512
509
506
502
499
495
492
487
486
483
482
479
477
473
472
468
465
463
462
459
459
457
458
457
458
458
458
458
458
457
457
456
456
455
453
452
450
449
448
446
446
445
444
444
443
443
442
442
441
442
441
441
439
440
440
441
441
443
442
442
441
443
443
444
443
444
443
445
444
447
447
448
449
450
448
448
447
449
451
456
460
466
472
481
488
497
503
510
513
516
516
515
514
510
508
505
502
497
495
492
490
488
486
484
482
478
477
473
471
468
466
464
463
462
462
462
462
461
462
460
461
459
459
458
458
456
456
454
453
450
449
447
446
446
445
444
444
443
443
443
444
443
443
443
443
441
443
443
445
444
445
446
446
448
447
448
448
449
448
449
449
452
451
450
450
451
450
451
452
454
454
455
454
453
452
453
454
457
461
466
472
479
487
495
501
507
510
513
513
512
510
508
505
502
497
494
490
487
485
483
481
479
477
474
473
471
469
466
464
461
460
459
460
459
460
459
460
459
460
460
460
457
457
456
455
453
453
451
450
448
448
447
448
447
448
446
446
447
447
446
446
445
446
447
447
447
448
448
449
448
449
448
448
449
450
451
452
452
451
452
453
453
452
452
452
453
453
455
454
456
455
456
454
454
453
455
456
460
462
468
473
481
488
496
502
508
510
512
513
513
509
507
503
500
497
493
490
488
485
482
480
480
477
475
474
473
470
467
466
465
463
463
464
465
466
465
466
465
465
465
465
464
464
462
461
460
459
457
456
454
455
453
453
451
451
450
451
450
449
449
449
448
450
448
448
448
449
448
448
448
449
449
450
450
450
450
450
449
450
451
451
450
451
450
450
450
451
453
454
454
454
453
453
454
455
459
461
466
472
480
485
494
500
507
510
514
514
514
511
510
507
504
500
497
494
492
490
489
485
484
482
481
478
477
475
473
471
469
467
467
467
468
467
466
466
466
465
464
464
464
463
463
463
461
459
457
457
455
455
453
452
451
451
449
449
448
449
447
447
445
446
445
446
445
445
445
446
444
445
445
447
446
446
446
448
447
448
448
448
448
448
447
449
449
449
450
451
451
451
450
449
449
450
451
455
459
465
472
479
487
495
502
507
511
512
514
513
512
508
505
500
497
492
491
487
484
482
481
478
476
474
473
470
468
466
465
464
465
465
465
465
466
466
467
467
468
467
466
466
465
463
464
462
461
458
456
455
455
453
452
452
450
450
450
449
448
447
446
446
445
446
445
447
446
447
447
447
447
449
448
449
449
450
450
453
452
453
453
453
453
455
455
455
456
456
454
454
453
454
456
460
464
470
477
485
492
500
507
512
515
518
520
519
516
513
509
505
500
495
492
489
486
483
481
478
476
472
471
468
466
464
463
461
461
460
461
461
462
462
463
463
463
463
463
461
460
459
458
456
456
453
453
451
450
449
448
446
446
444
443
444
443
443
442
441
441
442
443
443
443
444
444
446
446
447
446
447
447
448
447
449
448
450
449
452
452
453
452
454
452
451
450
452
454
459
463
471
478
486
494
502
509
514
517
519
519
518
514
512
508
503
498
494
491
489
485
483
481
479
476
474
471
470
467
465
462
461
459
458
458
458
459
458
460
457
458
457
458
457
456
454
454
453
452
450
448
447
447
444
445
443
442
441
442
441
441
440
440
440
441
440
442
442
443
442
443
443
444
445
446
445
445
444
445
446
446
446
447
449
450
451
450
451
450
449
450
453
456
462
467
476
483
493
500
507
512
517
518
520
518
517
513
511
506
503
499
496
492
490
487
486
483
481
478
475
473
471
467
465
462
461
459
458
458
457
457
457
457
457
457
455
455
454
453
452
450
449
448
447
445
443
444
442
440
439
439
439
440
438
438
437
438
436
438
438
439
439
439
439
441
441
442
442
442
442
443
443
444
442
444
443
443
444
446
446
448
449
449
447
446
447
450
453
458
463
470
479
487
495
502
508
511
514
514
513
511
510
506
503
498
495
492
490
487
486
483
483
479
477
475
473
469
466
464
463
460
459
458
458
457
458
458
458
457
456
455
456
454
454
453
451
449
449
447
446
445
443
442
442
442
441
441
441
441
439
440
440
440
439
440
439
440
440
441
440
441
441
441
441
443
442
444
443
445
445
446
444
444
443
445
444
447
448
449
447
448
446
448
447
451
453
458
462
469
477
485
492
499
504
508
509
509
508
507
505
501
499
495
493
489
488
486
484
481
481
478
477
474
473
471
469
466
464
463
463
462
462
462
463
462
462
461
463
461
460
458
458
456
455
453
452
450
449
447
447
445
445
444
444
444
444
443
443
442
442
443
443
442
442
443
442
443
442
443
443
445
444
445
445
445
444
445
444
445
445
446
445
444
444
445
444
446
447
449
447
447
446
447
447
450
452
457
462
469
476
483
491
497
501
504
506
507
506
504
501
497
494
490
488
486
484
481
480
479
478
477
476
473
471
469
468
465
465
463
464
463
464
464
464
463
465
464
464
463
463
462
461
460
460
459
458
455
454
453
453
451
451
449
449
448
448
447
447
446
445
444
445
445
446
445
445
445
445
445
445
446
445
445
446
447
447
447
447
448
448
449
449
451
451
454
451
450
449
449
449
452
453
458
462
468
474
482
487
493
498
502
503
504
503
503
499
496
491
488
485
482
479
478
476
474
472
471
470
468
466
465
463
463
462
462
462
463
463
463
465
466
466
465
466
465
465
464
464
462
461
459
460
458
459
456
457
456
456
455
454
454
455
454
454
453
454
454
454
454
456
455
456
456
457
456
457
457
458
458
459
459
460
459
460
460
460
462
462
462
462
462
460
461
460
463
464
469
473
479
484
491
497
503
506
510
511
513
511
510
506
504
499
495
492
490
486
486
484
483
481
480
478
477
475
472
469
468
467
467
466
468
467
467
467
468
468
469
469
469
468
468
466
465
464
463
460
459
459
458
458
457
456
454
455
454
454
453
455
453
454
452
454
454
455
455
456
454
455
455
454
454
456
456
456
455
456
456
458
458
460
460
460
459
459
457
457
458
460
462
467
472
478
485
492
499
504
509
512
513
512
511
509
507
502
499
494
492
490
489
486
486
483
482
480
479
475
474
471
469
467
466
465
465
463
464
462
464
463
465
464
464
464
465
463
463
461
460
459
457
455
455
453
453
452
451
450
450
449
450
449
448
448
448
448
448
450
450
450
450
451
451
451
449
450
450
451
451
452
451
453
452
453
452
453
454
455
453
453
451
453
455
457
462
468
475
483
491
499
504
509
511
514
514
514
511
508
504
500
496
494
491
489
487
486
485
483
481
478
475
473
472
468
467
466
464
464
464
462
463
461
463
461
462
461
461
459
460
458
457
455
454
452
453
450
449
447
447
444
445
444
444
442
443
443
444
443
444
444
443
443
444
444
445
444
444
445
445
446
446
446
445
446
446
448
449
449
450
452
451
452
451
450
449
450
450
454
458
464
470
479
485
496
501
508
511
514
514
515
512
509
505
501
497
494
490
488
484
483
481
479
476
475
471
470
465
463
461
459
457
457
455
455
456
457
456
457
456
456
457
455
455
454
454
452
451
448
448
446
446
444
444
441
442
440
441
440
441
440
440
439
439
439
440
440
441
441
443
443
443
444
445
444
446
446
448
447
447
447
448
448
449
450
452
452
454
454
454
453
453
452
453
456
460
465
470
477
485
492
499
507
511
515
516
517
515
514
510
507
502
499
495
491
487
485
482
481
479
476
473
471
468
466
463
461
458
458
456
456
456
456
456
456
456
457
456
456
455
454
453
452
451
450
449
448
447
445
445
444
445
444
444
443
444
442
442
441
443
442
442
443
444
443
445
444
445
445
446
447
448
448
449
448
449
448
449
449
450
449
450
450
451
452
454
454
455
453
452
451
452
452
455
457
462
468
475
483
490
497
503
507
509
510
509
509
505
503
498
495
491
488
484
483
479
477
475
475
472
471
468
466
463
462
460
460
459
459
459
459
459
460
459
460
460
461
459
459
459
458
456
456
453
454
452
452
452
451
449
449
448
447
447
447
446
447
446
446
447
446
447
446
448
448
448
447
449
448
449
449
450
449
450
450
451
450
451
449
451
451
451
450
453
452
453
451
452
453
455
456
459
462
467
473
480
486
494
499
504
506
507
506
507
505
501
498
495
492
489
486
484
482
479
479
476
475
473
472
469
467
464
464
462
462
461
463
461
463
462
464
462
463
462
462
461
461
459
459
456
455
453
453
451
450
448
449
447
448
446
447
446
447
447
446
446
446
446
447
446
446
446
447
448
448
448
448
449
449
449
450
452
451
450
450
451
450
452
452
453
453
454
453
453
452
454
455
458
461
468
473
480
487
495
501
505
507
510
509
509
506
505
501
499
495
493
490
489
486
484
481
480
479
477
475
474
471
469
468
467
467
468
468
468
469
469
469
468
468
468
467
466
466
465
465
464
463
460
460
458
456
454
453
453
453
449
448
447
448
446
446
445
445
444
445
443
444
443
444
443
444
443
444
443
443
443
443
443
443
444
444
446
447
448
448
448
Loop stopped.
