Output started
30000
372
365
362
362
363
365
368
370
373
375
375
376
378
383
387
391
396
400
403
407
410
414
416
419
422
425
429
431
434
437
439
442
446
449
452
454
456
457
457
459
459
461
462
465
469
481
501
533
573
620
663
701
731
755
769
778
778
773
761
744
724
703
683
661
638
619
599
581
564
547
530
514
494
478
460
446
434
426
417
412
407
404
403
402
402
402
404
403
403
402
401
398
397
394
391
388
387
384
381
378
376
372
372
369
369
367
368
368
370
371
373
375
379
380
382
383
387
391
394
397
402
406
410
413
417
420
424
426
429
431
433
436
439
441
443
447
449
450
451
453
453
455
456
458
458
460
463
470
484
511
544
588
633
678
716
746
766
781
787
788
779
766
748
727
704
683
659
637
616
596
577
560
542
525
509
491
474
457
443
432
422
416
410
405
402
400
400
401
402
404
405
404
405
403
403
401
398
394
392
388
388
385
383
380
379
378
377
376
375
374
375
375
376
376
379
382
384
384
384
386
389
393
397
400
405
407
412
415
418
422
425
428
432
434
438
441
445
447
450
450
453
455
457
458
461
463
466
473
486
510
544
586
628
671
709
741
764
779
786
786
780
768
751
732
709
689
666
644
621
602
582
565
547
531
513
496
478
464
449
438
427
421
413
409
405
404
403
405
405
407
407
409
408
408
407
406
404
402
400
397
396
393
391
389
388
385
384
383
382
379
380
380
381
381
384
385
387
389
391
390
392
394
398
401
406
409
413
416
421
424
428
432
436
439
443
445
447
448
450
451
453
455
457
459
464
472
488
514
550
591
634
676
711
741
761
775
779
777
769
757
739
721
700
679
655
634
612
593
573
557
537
520
501
484
467
453
441
430
420
415
410
406
403
403
403
405
408
411
411
414
414
414
414
413
411
409
408
406
404
401
400
398
397
395
394
393
393
392
393
391
392
393
394
396
398
398
401
404
401
402
406
409
412
415
420
423
427
431
434
436
440
442
444
447
449
451
453
454
456
457
461
470
486
512
547
586
628
666
702
729
752
764
769
766
758
744
728
710
689
669
649
627
607
587
569
551
533
517
500
483
467
454
441
432
423
419
412
410
407
408
408
410
410
413
414
414
415
414
413
412
410
410
408
407
404
404
401
401
400
398
396
396
395
396
394
396
396
397
398
400
401
403
404
404
406
408
412
415
418
421
425
428
432
435
439
442
445
447
450
452
453
455
457
458
460
464
473
489
516
550
591
631
671
703
732
750
761
763
761
751
739
720
701
682
661
641
620
599
580
562
545
528
512
496
479
464
450
439
429
423
416
413
410
409
408
408
409
412
413
416
416
416
415
416
413
413
411
410
407
406
404
403
400
400
397
398
395
396
396
396
396
398
399
400
402
403
405
406
406
407
409
412
416
420
424
428
431
434
437
440
442
444
446
448
450
452
454
456
460
468
483
507
539
577
617
656
691
719
741
753
760
757
749
735
720
699
680
660
641
621
602
583
566
548
532
516
499
482
467
452
440
428
421
415
410
406
406
405
407
408
410
412
414
415
416
416
416
415
413
413
412
410
407
406
404
402
399
397
397
395
395
395
394
396
397
397
397
399
400
402
407
404
405
408
410
415
418
422
424
429
432
436
438
442
444
447
448
450
451
454
454
457
460
468
482
506
538
577
618
657
691
719
740
752
757
756
749
736
720
700
680
661
641
620
602
584
567
550
535
518
502
485
470
456
445
435
428
421
418
414
412
411
412
412
416
416
418
418
418
416
416
413
413
411
410
407
406
404
402
400
399
398
396
394
393
392
392
393
394
396
397
401
402
402
403
406
409
412
415
420
423
428
430
434
436
439
441
445
446
448
449
452
452
454
455
462
471
491
520
556
594
630
663
689
706
720
724
722
715
703
688
671
652
636
615
598
579
562
547
531
516
500
484
469
456
444
435
429
425
422
421
420
421
422
425
426
429
428
429
427
427
424
423
420
419
417
414
411
410
408
407
404
403
401
401
398
399
398
400
400
402
402
405
405
410
407
408
411
416
419
422
425
428
431
433
435
437
439
441
443
446
452
463
484
513
550
590
628
661
688
707
721
725
724
716
706
690
674
655
638
620
602
583
566
549
536
521
507
492
477
461
448
436
426
418
413
409
408
406
405
405
407
408
409
408
408
405
403
402
399
396
393
391
388
387
384
382
379
378
377
376
374
376
375
377
378
380
383
386
385
386
389
392
397
402
406
411
414
419
422
425
427
430
431
433
436
439
442
454
474
506
545
591
634
671
701
725
738
745
745
738
727
712
694
674
656
639
621
604
588
572
559
545
530
514
499
482
465
451
438
427
420
412
408
402
400
397
397
397
398
397
397
394
392
390
389
386
383
381
378
375
374
371
368
366
365
364
364
363
365
365
367
368
370
373
379
374
375
379
383
387
392
397
402
406
412
416
420
424
428
431
433
436
438
440
442
447
455
474
501
541
586
634
676
712
738
757
767
770
765
758
743
725
704
686
664
647
626
611
593
579
562
547
530
514
495
476
458
441
428
417
407
401
396
393
391
390
389
388
388
386
387
386
384
382
378
375
373
369
369
366
365
363
361
360
360
359
360
361
362
364
368
369
369
368
371
374
378
380
384
388
393
396
400
403
408
411
415
419
424
427
431
432
434
436
438
440
441
443
445
446
452
463
486
521
565
613
659
700
732
757
772
782
781
775
762
746
725
702
681
662
640
623
604
587
571
556
540
523
505
487
469
453
436
423
412
403
395
389
386
384
382
383
383
383
383
384
383
382
382
380
378
376
374
372
369
367
366
364
363
362
361
361
363
363
365
366
367
368
372
369
371
374
378
382
387
390
394
398
402
406
410
412
416
418
422
425
431
434
438
440
443
443
446
445
446
446
447
448
452
456
472
498
537
584
634
681
720
751
772
784
790
789
779
765
746
727
705
685
663
643
622
604
585
568
551
534
516
498
478
460
443
430
417
409
400
395
391
389
388
389
389
391
390
391
390
389
387
386
383
382
379
377
374
374
370
370
368
366
366
366
366
366
366
367
371
372
374
375
375
375
378
381
386
389
394
397
402
405
410
412
417
421
426
428
433
436
439
440
443
443
446
447
449
450
453
456
467
487
520
560
606
650
689
719
741
754
761
760
754
741
723
703
682
662
640
619
600
582
564
548
531
514
497
479
461
445
431
421
410
406
400
397
396
397
398
400
401
403
404
405
404
404
402
402
398
396
393
391
388
387
383
381
378
378
375
376
374
375
375
376
377
379
381
383
385
382
382
384
389
392
396
399
404
408
413
417
421
424
428
431
434
436
438
440
443
445
448
453
467
490
526
569
619
664
705
736
761
774
782
780
773
759
743
723
703
682
661
640
621
600
583
565
550
532
515
497
479
461
448
433
422
413
406
400
397
395
394
395
395
396
397
397
397
397
394
394
391
389
386
384
381
379
376
374
371
370
368
368
368
368
368
371
372
374
375
378
381
376
377
381
384
389
394
399
402
406
411
416
419
424
426
429
431
433
436
437
440
442
444
448
458
477
507
549
597
645
688
723
751
769
779
781
777
765
752
732
713
691
672
651
630
610
592
574
559
541
525
506
489
471
454
440
428
417
408
402
397
394
391
390
391
390
391
392
392
390
390
388
386
384
383
381
379
376
373
372
370
371
370
369
369
369
370
371
372
373
375
377
381
376
376
380
381
386
388
392
396
401
405
411
416
420
423
427
430
434
436
438
439
442
444
447
450
461
478
509
548
597
645
690
725
753
772
782
783
778
767
750
731
709
689
668
647
626
605
585
569
551
535
516
499
480
463
445
431
417
409
398
394
388
387
385
384
386
388
390
392
392
393
391
391
391
391
389
388
385
385
383
383
380
380
378
378
376
376
376
377
376
378
379
381
383
386
382
384
386
383
386
388
393
398
402
405
410
414
418
423
428
432
435
438
441
442
447
449
452
454
459
467
485
514
554
601
648
690
726
752
771
780
783
777
769
754
735
714
695
675
654
632
612
594
577
559
543
525
507
490
473
456
441
429
419
413
406
401
398
396
395
395
395
396
396
397
396
396
394
393
391
390
386
386
384
383
379
378
377
376
375
376
375
376
378
380
380
384
385
375
393
383
383
388
391
397
401
406
410
414
418
421
424
428
433
435
440
443
445
447
450
451
454
456
462
475
498
529
568
608
647
679
705
724
736
739
738
729
715
698
679
663
649
629
610
590
574
558
542
526
509
493
476
460
447
436
426
418
412
409
408
407
409
410
412
413
413
414
415
415
415
412
410
409
407
403
399
397
394
393
391
389
389
388
387
387
387
390
390
392
393
396
403
392
399
395
399
397
401
406
410
417
420
425
428
431
433
438
440
444
447
449
444
534
581
621
659
698
731
756
775
786
789
786
778
764
746
725
703
677
655
631
609
587
568
546
529
509
493
474
455
436
420
404
392
382
376
368
365
363
363
363
365
367
369
371
372
372
372
372
373
371
370
370
368
367
365
364
363
361
362
361
362
362
362
363
364
366
368
370
372
376
378
383
386
391
395
400
405
410
413
416
419
423
425
428
431
434
436
439
441
448
458
480
512
556
603
649
689
722
745
761
768
769
761
750
733
716
695
675
654
634
611
593
573
557
539
524
507
491
473
455
440
427
415
406
400
393
388
385
385
384
384
385
386
386
386
386
386
384
383
379
378
375
374
372
370
368
367
366
365
364
365
364
365
366
369
370
374
375
377
378
381
384
388
391
395
398
402
405
409
414
418
422
425
429
432
435
438
441
443
444
445
448
453
462
478
507
546
595
643
687
721
748
766
777
779
777
766
751
733
714
692
672
649
631
610
591
572
556
538
521
501
483
463
445
429
416
406
398
390
386
382
380
380
382
383
383
384
385
384
384
382
381
381
380
381
379
378
376
376
374
372
371
371
370
371
372
374
374
377
377
380
380
383
384
387
389
394
396
400
403
406
410
414
418
421
424
428
430
434
437
440
442
444
446
448
449
451
454
460
473
498
535
580
628
672
709
737
758
768
774
770
762
749
734
714
694
673
651
629
610
590
573
556
539
521
504
486
468
451
437
424
414
405
399
394
392
390
391
391
392
393
395
396
398
396
396
395
394
392
390
387
385
382
379
378
376
376
375
375
374
375
376
378
379
383
385
386
387
390
392
396
398
402
404
410
412
417
421
425
428
431
433
435
435
440
439
442
444
447
455
473
500
540
583
627
666
699
722
738
745
747
739
729
713
695
675
656
635
613
594
574
557
542
525
508
491
475
458
440
425
411
401
393
388
383
382
380
381
383
385
387
389
389
390
390
391
391
390
388
386
386
386
383
384
382
382
380
380
379
380
381
382
381
384
384
387
388
390
391
394
397
400
403
407
410
414
417
420
424
427
430
432
435
436
438
438
441
442
448
461
485
520
566
612
657
693
722
740
754
758
758
750
738
719
701
680
660
638
619
600
582
564
548
532
516
498
482
463
448
433
421
410
403
397
393
389
388
388
389
389
390
390
390
390
390
390
389
389
387
386
385
383
380
379
376
375
373
372
372
372
371
373
374
378
379
382
382
385
387
391
393
398
402
405
409
414
417
422
425
428
429
432
434
437
437
439
441
447
459
480
512
555
603
648
687
719
741
755
764
764
759
746
732
713
694
671
651
629
610
591
575
558
543
526
510
492
475
456
441
426
414
405
399
392
389
386
385
385
387
385
387
387
387
385
385
384
384
382
381
379
378
375
374
373
372
372
371
371
371
372
373
374
375
379
380
382
384
387
390
394
396
400
403
408
411
416
419
424
426
431
434
437
439
442
444
447
447
449
451
455
462
477
502
540
583
628
667
701
725
743
751
755
750
740
726
708
689
669
648
628
607
588
570
554
537
521
504
486
467
450
435
422
412
404
401
396
394
393
393
394
397
399
401
402
403
402
404
402
400
398
398
395
393
391
389
387
386
384
384
382
382
381
382
383
386
386
387
390
392
393
395
397
399
403
407
411
415
418
422
423
426
429
432
435
437
439
442
446
455
473
502
542
587
632
671
703
725
741
748
749
742
731
715
697
676
657
635
616
596
577
558
542
526
512
496
480
463
448
434
421
410
401
393
389
384
382
380
379
379
380
380
380
380
379
379
377
377
375
374
372
372
370
369
367
368
367
368
367
368
369
372
372
375
376
376
377
380
383
386
389
393
395
401
405
407
410
414
415
419
419
420
422
423
424
428
434
450
475
513
556
603
646
681
708
728
740
746
745
739
727
712
693
672
652
631
614
594
577
560
545
528
513
496
479
461
445
427
415
402
394
386
383
379
379
378
381
382
385
385
387
385
386
384
383
380
376
374
372
370
369
367
365
363
363
363
363
364
365
367
368
371
374
375
377
380
384
387
390
394
398
401
405
409
412
416
418
422
423
425
426
428
429
431
433
438
446
466
496
540
587
634
675
710
734
751
759
762
757
749
735
718
698
678
658
638
619
602
585
570
553
537
519
500
481
460
442
427
415
405
398
392
389
386
384
384
384
385
386
386
387
385
386
384
384
382
381
379
377
375
374
372
373
371
371
370
371
371
373
373
376
378
380
381
383
385
390
393
398
400
405
408
413
418
423
426
429
432
434
436
437
438
439
439
440
441
445
457
476
506
Loop stopped.
