Output started
30000
636
650
656
660
663
669
676
684
695
706
716
726
736
742
748
751
753
752
751
746
741
737
731
725
719
712
706
699
694
688
685
678
675
670
669
665
664
663
662
662
664
663
663
662
660
660
658
657
655
654
653
650
647
646
644
642
642
641
639
639
638
638
636
636
636
638
637
637
637
637
637
638
639
641
641
642
642
643
645
648
653
662
672
684
696
708
719
729
736
742
745
747
746
746
742
740
734
729
722
716
711
706
700
694
688
682
675
671
666
664
661
659
657
656
656
655
657
657
657
659
660
660
660
659
659
658
657
655
652
651
651
649
648
647
647
644
643
642
642
642
642
641
643
643
642
641
642
642
642
642
644
646
649
656
666
676
688
700
712
722
733
739
746
748
750
748
749
746
743
737
731
725
719
714
708
703
697
690
683
678
672
668
663
662
659
658
657
657
656
657
655
657
656
656
654
652
650
649
645
646
644
643
641
642
640
640
638
636
635
632
633
633
634
635
635
635
636
639
639
641
642
642
642
643
645
650
659
669
682
694
708
719
731
738
746
750
753
753
753
750
748
743
737
731
725
719
713
707
702
695
688
682
674
668
662
657
654
650
649
646
645
643
642
642
640
640
640
640
640
639
638
636
636
635
633
631
630
629
627
625
623
623
623
623
622
621
622
622
621
621
620
621
621
622
624
626
626
629
631
636
642
651
662
677
691
708
721
734
744
753
757
761
761
761
759
759
755
751
745
737
730
722
716
709
701
694
686
679
672
667
660
656
651
649
647
647
647
647
646
645
644
644
642
641
640
638
637
634
632
630
629
626
624
622
622
621
621
620
621
619
619
619
620
619
620
619
620
619
621
622
624
626
628
630
632
636
638
640
645
651
661
674
688
704
719
732
743
752
759
761
762
763
761
758
752
747
739
733
726
720
714
706
699
692
682
675
667
662
657
652
647
645
643
642
639
640
640
640
640
639
639
638
636
635
634
634
633
631
630
628
627
625
623
622
621
620
620
620
619
619
618
618
618
619
619
620
621
622
622
623
624
626
627
628
629
630
633
637
640
643
646
651
659
671
684
697
712
725
739
749
757
761
763
762
760
756
753
749
744
737
731
724
717
709
702
695
687
680
675
668
663
657
653
649
649
646
646
645
646
644
645
645
646
644
644
643
642
643
642
640
639
638
638
638
638
643
651
658
666
670
671
669
663
657
648
644
638
636
634
634
633
633
634
634
633
634
632
631
631
630
630
631
631
631
633
637
645
657
668
682
693
703
712
719
725
732
741
747
750
747
743
737
728
719
710
703
699
694
690
684
677
668
661
652
644
635
630
627
625
626
628
629
631
632
637
642
649
654
654
654
653
652
650
647
643
639
637
635
632
630
629
628
627
627
628
628
630
632
635
637
638
638
636
635
636
639
643
648
650
651
651
649
650
650
650
652
655
662
672
687
702
718
731
743
751
758
760
759
756
752
749
745
738
729
720
713
706
700
696
693
689
683
677
670
662
655
649
645
642
642
642
645
647
649
651
651
650
649
647
646
644
644
643
642
641
640
641
640
639
636
635
634
635
635
635
633
632
631
631
629
630
630
630
630
631
630
631
632
634
635
636
638
642
648
655
658
663
667
673
678
687
696
708
721
735
745
752
757
761
763
762
758
750
744
737
729
724
721
714
708
698
691
683
675
669
665
660
656
651
649
643
640
636
633
633
634
634
639
643
648
651
655
655
656
654
653
652
653
653
654
655
654
654
651
647
646
645
646
646
647
648
649
647
646
646
648
649
648
647
645
643
639
637
635
637
643
655
669
685
702
718
733
745
754
760
761
762
759
756
751
748
741
734
727
720
712
707
701
694
686
680
673
667
661
655
653
652
653
652
651
651
649
649
649
649
649
650
652
653
652
651
651
652
650
652
653
651
650
649
646
642
638
636
635
637
640
642
642
641
643
642
640
637
635
634
634
633
632
630
629
625
625
627
634
645
659
677
694
711
727
740
750
758
761
761
759
755
753
751
747
742
736
728
720
712
703
694
685
679
675
670
665
661
656
655
652
655
657
658
658
656
654
652
647
644
642
641
639
640
639
642
642
642
639
639
638
639
640
642
643
644
644
644
644
642
642
641
640
642
642
641
640
641
641
641
640
639
641
645
656
670
686
704
722
736
749
760
770
775
780
781
778
772
765
756
748
737
727
716
708
699
692
683
677
670
663
656
652
651
648
644
643
641
640
638
638
640
642
642
643
643
643
640
639
638
637
636
633
631
629
627
626
624
621
620
618
617
616
615
616
616
616
616
616
624
643
666
707
744
762
763
757
749
736
724
711
704
699
697
695
693
690
690
687
685
681
679
676
674
673
672
669
665
662
660
656
654
651
647
643
640
637
635
634
635
634
635
638
640
642
643
644
645
648
651
653
652
650
647
640
633
628
624
623
625
628
629
630
630
631
632
634
631
632
630
632
630
632
633
634
632
630
628
627
627
628
628
629
630
633
639
647
658
672
686
704
719
734
744
754
758
761
761
760
758
753
747
736
726
715
705
694
690
686
683
679
674
668
662
655
651
647
645
644
645
645
647
647
649
648
649
648
648
647
648
647
645
642
638
634
632
631
628
628
628
628
626
624
623
620
619
618
619
619
620
621
620
619
617
616
612
611
609
612
618
622
627
629
632
636
643
654
669
685
700
712
723
729
733
735
734
734
735
737
737
736
732
727
719
712
704
697
689
683
679
673
669
664
661
658
658
660
660
662
660
661
658
657
655
654
653
653
653
653
651
648
645
641
640
638
635
632
630
630
630
630
632
631
630
628
627
626
626
629
632
633
633
632
631
628
628
628
630
629
634
636
642
645
650
658
671
685
697
708
718
729
736
742
746
747
746
741
738
733
726
718
711
704
698
694
689
686
685
684
683
680
675
672
667
663
659
656
655
657
657
660
662
663
663
662
659
657
653
650
646
643
642
642
642
642
641
640
636
634
633
631
629
630
629
631
631
633
632
631
629
627
626
626
625
627
629
631
633
634
636
640
647
656
668
680
694
706
718
726
733
738
742
744
748
749
750
746
742
737
731
723
717
713
709
705
707
712
718
724
730
732
731
729
723
716
707
701
693
686
678
671
665
663
660
656
652
647
645
641
637
633
631
630
629
627
625
623
618
614
610
607
606
605
606
605
607
608
610
612
612
614
615
617
621
625
630
638
651
673
698
722
742
762
774
782
783
781
776
769
764
758
752
744
734
724
713
703
696
689
680
672
661
651
639
627
616
609
605
602
599
598
598
598
601
604
609
612
618
623
626
628
631
633
637
642
646
648
651
653
655
654
653
652
651
648
645
640
637
632
631
629
629
631
631
633
635
636
635
634
636
638
642
652
663
674
688
701
714
727
738
747
753
757
757
755
751
747
743
740
739
737
731
724
716
711
707
702
695
688
680
672
666
662
657
654
649
647
647
647
646
646
645
647
644
644
644
644
645
644
644
646
648
649
651
650
649
647
643
639
633
631
627
625
623
621
617
616
615
618
620
623
624
625
627
627
631
640
653
668
682
696
709
720
731
743
751
756
758
757
755
752
748
742
733
722
715
710
705
699
693
686
680
675
672
668
666
660
655
652
648
644
645
644
644
641
640
640
638
638
638
636
634
632
628
626
626
627
628
627
624
621
617
618
618
621
621
623
622
622
621
623
624
626
625
625
624
625
626
633
641
654
666
680
696
712
725
734
740
744
746
746
745
744
743
739
733
728
721
715
708
702
693
686
680
673
664
653
641
630
625
625
630
632
637
641
645
648
651
653
656
656
657
656
657
656
655
653
650
644
641
638
638
636
636
633
629
625
623
623
626
628
628
626
623
620
619
618
616
617
616
615
616
619
624
629
635
642
653
666
682
697
710
722
730
737
740
741
741
741
739
736
731
727
725
720
717
711
705
698
691
686
680
672
663
657
649
643
636
632
628
629
629
629
630
633
635
635
636
635
632
629
626
621
616
613
612
613
611
609
607
605
604
604
604
603
603
604
606
610
614
614
616
615
616
618
623
627
628
627
627
628
629
634
643
654
668
681
696
710
724
734
745
750
753
753
752
749
746
741
735
728
721
717
711
706
699
692
686
678
672
666
663
662
663
662
661
659
658
659
660
660
657
655
651
649
647
645
642
638
635
634
631
631
629
629
627
625
622
620
616
615
615
617
616
616
614
614
614
616
619
622
621
620
620
619
619
620
623
626
628
631
634
643
652
668
684
701
713
724
732
738
743
746
747
744
743
739
734
727
720
712
708
704
700
695
689
680
674
665
660
657
654
651
650
649
649
648
650
650
649
647
646
645
646
644
642
641
639
640
640
640
638
635
633
629
628
628
629
628
628
628
631
633
634
637
643
649
655
663
669
671
671
669
668
669
668
668
665
661
659
664
672
682
691
702
715
728
740
750
754
754
749
745
738
730
719
708
698
691
684
678
671
662
655
649
643
638
633
631
628
626
623
622
622
624
625
627
630
632
633
632
631
631
630
630
631
630
632
632
631
630
632
631
631
628
627
623
620
617
618
619
620
620
621
620
622
624
627
627
629
629
630
630
632
635
643
651
661
674
689
702
715
727
735
742
745
745
744
741
737
734
733
729
723
716
710
706
701
697
689
682
676
671
667
665
662
660
657
654
652
652
651
651
651
651
651
652
652
654
655
654
652
651
650
648
644
642
638
637
636
637
637
634
633
631
629
628
630
631
630
630
629
630
628
629
631
634
638
643
649
656
666
680
693
707
719
729
739
745
748
748
748
746
744
740
735
730
726
720
715
708
700
692
684
675
668
661
659
656
656
654
653
652
652
653
656
657
655
653
651
649
648
646
643
639
636
633
633
633
633
631
629
627
624
620
616
612
613
617
621
624
626
627
627
627
629
632
636
640
644
652
660
669
679
690
702
716
727
736
741
743
742
743
740
739
736
736
733
729
723
716
709
703
698
692
688
685
679
674
666
663
660
660
659
659
658
657
655
653
653
655
655
657
657
656
656
654
654
651
650
649
648
647
647
645
644
641
640
637
635
631
626
621
617
617
620
624
627
630
632
634
640
650
665
682
698
711
722
732
739
748
753
754
754
751
747
742
737
735
732
725
717
711
705
698
692
686
680
675
669
666
663
660
657
655
656
657
657
658
656
655
653
651
649
648
646
646
646
645
643
642
641
642
641
640
635
630
626
622
621
619
618
619
617
617
617
615
615
616
615
615
617
626
641
658
677
696
711
724
732
735
739
743
744
742
740
736
731
725
722
718
713
706
699
690
683
678
673
668
663
656
651
646
643
642
643
643
646
645
645
644
645
646
647
647
644
639
636
635
633
631
628
624
623
624
625
625
625
623
624
625
624
620
617
615
612
613
614
616
617
616
616
617
618
628
643
661
676
692
703
714
721
727
729
731
731
731
729
727
723
718
712
708
701
698
691
685
678
673
667
663
659
655
650
645
641
642
642
643
643
643
643
645
645
645
644
642
640
637
634
630
627
625
623
621
621
618
618
616
616
617
618
619
618
618
620
620
620
619
621
620
622
621
623
628
636
644
654
667
682
694
707
719
729
736
741
742
741
739
736
731
727
721
714
706
703
698
694
687
680
673
664
658
653
649
646
643
641
639
638
638
638
637
636
635
633
631
628
626
623
622
618
616
613
613
611
609
609
609
607
607
606
606
605
606
607
608
611
613
613
614
614
614
615
616
617
619
620
622
624
631
637
646
661
677
691
705
717
726
733
735
737
738
739
738
737
733
729
723
716
710
705
699
695
688
682
674
667
663
661
658
657
654
652
649
649
648
649
649
650
649
648
644
644
643
643
641
639
637
635
632
631
630
629
629
627
624
622
620
619
619
618
619
619
619
619
620
622
623
623
622
623
624
625
627
632
638
647
659
672
687
702
716
725
732
736
740
740
739
737
735
733
729
724
717
712
705
699
693
687
681
674
667
660
654
648
643
639
637
636
637
639
641
643
643
644
644
644
643
642
640
639
636
633
633
633
634
632
631
629
626
624
623
621
617
617
619
622
621
622
621
622
623
625
625
628
628
629
630
631
634
641
650
662
675
692
704
717
726
735
737
742
742
742
741
740
738
735
731
725
718
713
708
703
698
692
687
683
684
690
697
703
707
704
699
689
678
668
660
651
644
638
634
629
628
626
624
622
622
618
618
614
613
612
611
609
610
610
609
608
609
610
611
613
616
614
614
613
615
617
618
619
622
625
631
638
648
660
672
684
696
708
716
723
730
737
740
742
740
737
733
731
728
724
717
713
707
704
697
693
687
683
679
676
673
671
670
669
669
668
667
663
660
655
650
647
644
641
637
634
629
625
623
624
628
630
631
630
632
631
631
629
627
626
626
626
627
626
628
629
627
624
622
622
623
625
628
634
645
658
673
687
701
711
720
726
730
732
735
735
736
735
733
730
726
723
719
715
710
702
693
685
681
676
672
669
665
661
660
657
655
652
650
649
647
649
650
651
650
650
647
646
644
642
640
637
636
635
634
634
632
630
629
628
629
632
630
631
627
625
620
619
619
621
622
625
626
629
636
647
660
673
686
700
712
726
735
744
748
751
750
750
747
744
738
734
729
723
717
712
708
700
691
682
673
665
660
655
652
648
644
639
636
633
Loop stopped.
