Output started
30000
599
603
603
602
601
601
599
599
598
596
595
594
592
590
591
587
586
585
583
581
580
578
579
577
578
575
576
574
573
572
571
570
571
569
570
569
570
570
571
571
572
574
575
574
574
574
575
575
576
577
578
579
580
581
583
590
595
602
609
617
624
631
637
643
647
652
655
657
657
658
655
653
652
650
648
646
641
637
634
630
626
623
619
615
612
609
607
605
602
600
599
598
596
597
595
596
594
594
592
593
591
590
589
587
585
583
581
580
577
576
575
575
574
573
571
571
570
568
568
568
568
569
569
569
570
569
569
569
570
570
571
570
571
572
572
572
571
572
574
573
574
574
575
576
578
579
587
594
601
608
617
623
632
638
643
648
652
654
655
654
653
652
651
647
646
642
637
632
629
626
622
618
615
611
607
605
602
599
597
596
594
593
592
593
593
592
591
592
591
590
588
588
586
585
583
582
581
580
578
576
576
574
572
572
569
569
568
568
568
568
568
568
568
568
568
569
568
569
569
569
570
570
572
571
572
573
574
574
575
575
576
576
578
580
585
591
596
603
611
619
627
633
641
646
649
653
655
654
654
654
652
650
647
645
642
636
631
627
624
619
617
612
609
606
602
600
598
595
594
594
595
593
593
592
592
591
590
589
588
587
585
582
581
580
578
577
576
575
573
572
570
570
569
569
566
567
566
566
566
566
565
566
565
566
564
566
566
567
567
568
569
570
570
572
572
573
574
574
575
575
575
576
578
582
589
596
603
610
620
628
636
643
648
652
654
656
657
657
656
653
653
650
647
644
640
635
632
627
625
621
618
613
611
607
604
601
598
596
596
594
595
593
593
593
593
591
590
588
587
584
583
582
579
578
576
574
574
572
570
569
568
567
566
565
564
564
563
564
563
563
563
564
563
564
565
565
565
565
565
566
566
567
567
568
568
570
570
571
572
572
572
574
576
582
589
597
602
611
619
628
635
642
646
651
653
654
655
655
653
652
652
650
648
646
642
636
632
629
624
621
616
612
608
605
602
597
595
591
591
589
588
587
586
586
585
583
582
580
578
576
575
573
571
570
569
567
566
563
562
560
560
559
559
557
557
556
557
554
555
555
554
554
554
554
556
556
557
558
559
559
560
561
561
561
562
563
563
563
564
565
566
567
567
567
569
571
571
574
581
588
593
601
610
619
628
637
643
649
653
655
657
657
657
656
655
654
652
651
649
646
641
638
634
630
625
621
617
613
609
605
602
599
597
595
592
590
589
589
588
587
584
583
581
579
578
576
574
572
570
568
566
565
564
561
560
559
557
557
557
556
555
556
555
554
554
554
555
554
555
556
557
556
558
558
558
559
560
561
562
562
562
563
564
566
566
567
568
569
570
570
570
570
570
571
573
573
575
576
583
588
595
603
611
620
628
636
642
650
654
657
659
661
661
661
659
656
654
653
651
649
644
640
635
632
628
626
621
618
614
612
608
606
603
602
600
598
598
597
596
594
594
593
591
589
587
585
582
580
578
578
575
574
572
571
569
568
568
566
567
565
564
563
561
561
561
559
560
559
560
561
561
561
561
560
561
561
561
562
564
564
566
567
569
570
572
572
577
579
579
581
581
581
581
581
581
581
580
580
581
581
583
585
590
595
602
609
617
625
632
641
647
653
657
659
661
663
662
662
659
658
656
654
650
646
641
639
635
632
629
625
621
619
615
611
607
606
604
602
600
599
597
596
597
596
595
594
593
591
589
588
587
585
584
582
580
579
578
575
574
572
570
568
567
566
566
565
565
564
564
564
564
565
565
565
565
564
566
565
565
566
568
568
569
569
569
569
571
569
572
572
573
574
573
574
574
573
575
576
576
577
578
578
581
586
592
596
603
609
617
626
633
640
647
652
654
658
659
658
657
657
655
652
649
648
645
639
635
633
628
626
621
618
615
611
609
606
601
600
598
598
595
595
593
593
592
592
591
591
590
589
588
587
585
583
582
581
580
579
577
576
575
575
572
572
572
572
570
570
568
568
568
567
567
567
567
567
569
567
568
568
569
569
571
569
570
571
571
572
572
573
574
575
576
576
577
578
579
579
580
580
582
581
582
583
590
596
602
610
617
624
632
638
644
648
652
653
653
653
652
652
650
647
644
641
635
631
627
624
620
617
613
610
608
605
603
603
600
600
598
599
599
598
598
599
598
598
596
596
595
595
592
592
591
590
588
587
585
585
583
583
583
581
580
580
579
577
578
577
576
576
575
576
575
575
575
576
575
576
576
577
577
577
578
578
579
579
579
580
582
581
583
583
584
584
585
587
589
596
603
610
617
624
631
638
645
651
655
656
658
658
658
655
654
650
648
645
639
637
634
631
629
625
622
620
615
612
610
607
605
604
603
602
602
602
600
600
599
599
597
596
594
594
592
592
590
589
588
586
585
584
583
581
581
580
579
579
578
577
576
576
575
576
576
576
576
576
575
576
576
577
578
578
578
578
578
578
580
580
581
582
584
584
583
585
588
596
601
608
615
624
632
639
645
651
656
658
660
659
660
658
657
655
653
651
649
644
639
635
633
629
626
621
619
615
612
609
606
602
602
599
599
597
597
597
596
596
594
594
593
591
590
589
588
585
584
582
579
577
576
574
573
570
570
568
568
567
566
567
566
567
566
566
566
567
566
566
565
566
566
566
566
567
567
568
568
568
570
570
571
573
573
581
586
592
600
608
616
627
634
641
647
651
655
657
659
658
658
657
656
653
651
649
647
643
639
634
631
627
623
618
614
610
607
602
600
597
595
592
591
589
587
586
586
585
584
583
581
579
578
575
573
570
569
567
567
565
564
562
561
560
559
558
558
558
558
557
557
557
558
558
558
558
558
559
560
560
562
562
563
564
564
565
566
565
566
567
567
568
569
569
571
576
582
589
596
606
614
624
632
639
645
651
655
657
658
659
659
658
656
655
652
651
648
647
640
637
633
628
625
621
616
611
607
604
599
596
594
593
591
589
587
586
585
584
581
580
578
576
575
573
570
568
567
565
563
561
560
559
557
555
554
552
552
550
551
551
550
550
550
550
551
550
551
551
551
552
553
552
555
555
556
557
558
559
560
560
560
561
562
563
563
564
564
565
567
566
569
576
581
586
592
600
608
617
626
634
642
648
651
656
657
658
658
660
657
656
654
652
651
649
645
640
634
631
626
622
616
612
607
605
601
598
595
593
592
590
589
588
587
586
585
583
582
579
577
576
574
573
572
570
569
568
567
566
565
564
562
562
561
560
560
560
559
559
559
558
559
558
559
558
559
558
558
557
559
558
560
560
561
561
563
562
564
562
564
564
564
564
565
564
565
566
567
567
569
571
578
583
589
597
605
615
624
632
640
647
653
658
660
662
663
663
662
662
659
657
655
654
652
650
641
637
633
629
624
620
615
613
608
604
602
599
595
594
593
591
590
589
587
586
584
582
579
578
577
574
573
570
569
567
566
565
564
563
561
560
559
558
557
556
555
555
555
556
556
555
556
557
556
557
558
558
558
559
558
559
560
560
561
560
560
561
562
562
563
564
566
572
577
583
591
599
609
616
626
633
640
645
651
653
655
656
656
655
654
653
652
649
646
640
635
631
629
624
620
615
611
607
603
600
596
595
592
589
587
586
584
585
584
583
581
580
579
579
576
575
572
571
568
567
565
564
562
562
560
559
558
557
556
557
556
557
556
556
556
556
557
558
559
559
559
560
559
560
561
561
561
562
562
564
564
564
565
567
568
569
574
579
584
589
598
607
616
624
634
641
648
653
657
659
659
660
660
658
657
654
653
650
647
641
639
634
630
625
622
616
613
609
605
601
599
596
594
592
591
590
589
588
588
585
584
584
582
581
579
578
576
575
573
571
568
568
566
564
563
562
560
560
558
558
558
558
557
558
558
558
558
560
560
561
560
561
560
562
562
564
563
564
565
566
566
567
567
568
570
571
572
573
575
580
586
592
599
607
617
625
634
641
648
654
658
660
661
662
661
659
657
655
652
649
647
640
637
632
629
624
620
616
612
607
604
601
599
596
595
592
592
591
591
590
590
588
588
587
586
585
584
581
579
578
576
574
573
572
570
568
568
566
565
564
563
563
563
563
561
561
560
561
561
562
563
564
564
564
564
565
564
566
566
568
569
570
569
571
571
573
573
573
573
575
575
576
582
588
593
600
608
618
627
637
644
652
657
660
662
662
661
659
658
655
651
647
640
636
632
628
623
619
614
610
606
602
599
596
595
594
593
593
593
592
593
591
591
590
590
588
588
587
587
586
586
584
583
580
579
578
577
575
574
572
572
569
569
568
569
569
569
568
568
568
569
569
570
570
571
571
573
572
573
574
575
575
576
577
578
580
580
581
580
582
582
583
586
594
600
607
615
625
633
645
651
658
663
668
669
669
669
668
665
663
659
658
650
645
640
637
632
630
625
621
617
612
608
604
602
600
599
597
596
596
595
595
594
594
593
593
590
589
588
587
586
585
582
580
580
577
577
575
573
571
571
569
569
568
567
566
567
567
568
568
568
567
568
568
568
568
569
569
571
571
572
574
575
574
576
577
578
578
578
581
582
590
596
605
613
623
634
643
652
659
665
669
671
673
673
672
669
668
665
662
658
652
647
645
640
636
632
627
622
617
612
607
604
601
597
596
593
592
591
591
590
590
589
588
587
585
583
581
579
576
575
574
571
570
569
567
565
563
562
561
559
558
557
556
555
555
554
555
554
554
554
555
555
554
554
554
556
556
557
559
560
561
562
562
564
565
567
570
574
577
584
590
601
611
622
632
642
651
659
664
668
669
671
671
671
669
668
665
663
658
654
648
645
639
636
631
626
620
615
610
605
602
598
593
590
588
587
586
586
585
584
582
580
579
576
575
573
573
569
566
563
560
557
554
551
550
548
548
546
546
544
543
543
543
543
543
543
544
544
546
547
548
550
551
552
553
554
556
557
561
563
563
564
565
565
567
566
567
568
568
572
576
583
592
604
615
628
638
649
656
663
666
670
670
671
669
669
666
664
661
658
652
649
643
640
634
630
624
619
613
608
604
599
595
592
588
585
584
581
581
579
578
577
575
574
572
571
569
567
564
562
560
559
556
555
554
553
552
551
550
548
549
549
549
547
548
547
548
548
548
547
548
548
550
550
550
551
553
553
554
554
555
556
557
558
559
561
562
563
567
570
570
571
571
574
578
585
594
606
616
628
638
649
657
665
671
675
676
676
676
675
673
671
667
665
661
655
650
646
640
635
628
622
617
611
606
602
599
596
592
590
588
587
585
585
583
581
580
579
577
576
574
571
569
567
565
562
561
559
557
556
553
553
553
552
551
550
550
549
549
547
547
547
547
546
548
548
550
550
550
551
551
551
553
553
555
555
556
557
558
559
560
561
562
562
564
568
572
575
582
589
602
612
625
636
647
656
664
671
674
677
679
679
678
676
675
673
670
666
663
657
652
648
642
636
629
623
618
612
607
602
597
595
592
590
587
585
584
582
581
579
577
576
572
570
568
565
563
561
559
557
555
554
552
551
550
549
548
547
547
546
545
546
545
543
545
544
543
543
543
544
545
544
545
546
547
548
549
550
551
552
553
554
555
555
557
558
558
559
560
560
562
563
570
575
583
591
603
614
626
637
648
656
665
670
674
676
677
677
677
674
672
670
668
665
662
657
652
648
642
635
628
622
616
612
607
603
599
597
594
589
587
586
585
584
582
581
579
576
574
571
568
566
563
561
558
557
554
552
549
548
546
544
544
543
542
542
541
540
540
540
539
540
540
541
540
541
541
542
543
544
544
545
547
548
549
550
550
552
552
553
554
556
556
556
557
558
559
561
565
568
573
578
587
597
608
620
632
643
654
661
667
672
676
675
676
675
674
672
670
668
666
662
656
652
648
642
636
630
625
619
614
610
606
602
598
594
592
589
587
586
586
584
582
581
579
575
574
571
568
567
564
562
560
558
555
555
552
552
550
547
545
545
544
544
544
544
544
544
545
545
544
544
544
545
545
546
545
547
546
549
549
551
551
553
553
554
555
555
557
558
557
558
560
565
567
567
569
570
572
575
582
591
603
614
626
637
648
656
665
670
674
675
676
674
673
671
668
664
663
658
653
647
643
637
631
625
620
614
610
604
602
597
595
593
591
589
588
586
587
586
584
582
579
578
576
574
573
572
570
568
566
564
562
561
559
558
556
555
553
553
552
552
551
550
550
550
549
550
549
550
550
550
550
551
551
553
553
554
554
556
557
558
559
560
561
562
563
563
564
566
566
567
567
568
568
569
572
580
586
595
606
616
627
639
648
656
663
667
670
673
671
671
668
665
662
659
655
648
644
639
636
630
626
621
615
611
608
604
601
597
595
593
593
591
591
590
590
588
588
586
585
582
582
580
578
575
574
571
570
569
566
565
563
562
562
561
561
559
559
559
560
560
559
559
559
559
558
558
559
559
560
560
561
561
562
563
564
565
566
569
568
569
569
570
571
572
572
572
573
573
573
575
582
587
594
604
615
627
638
649
659
666
673
677
680
680
680
678
676
673
669
666
660
655
651
648
643
640
633
629
624
619
614
610
606
602
601
598
596
594
594
593
592
592
591
589
587
585
584
581
580
577
575
572
569
567
565
563
Loop stopped.
