Output started
30000
509
498
492
489
486
483
479
476
473
470
467
466
464
462
460
459
457
457
455
456
454
455
454
455
451
451
449
448
446
446
445
444
442
442
440
439
439
439
437
437
437
437
436
437
437
438
439
439
439
440
440
441
442
442
443
444
443
444
445
446
447
447
447
447
448
449
449
449
450
450
452
452
455
456
463
469
477
485
494
502
510
515
522
524
527
527
527
525
524
520
517
513
510
507
505
501
500
496
494
489
485
481
478
475
471
468
466
464
463
462
460
458
459
458
458
458
458
458
456
454
452
451
449
448
447
447
445
445
442
443
442
441
440
441
439
440
439
439
438
439
439
440
440
441
441
442
441
441
441
443
442
444
444
445
444
444
445
448
448
450
452
457
462
471
479
486
493
500
507
511
514
516
518
517
517
514
512
508
505
501
499
497
496
492
491
487
484
480
477
474
472
469
467
464
463
461
461
461
461
458
459
458
458
457
455
454
452
451
450
448
448
447
447
445
443
442
442
441
441
441
440
440
439
439
439
440
441
443
442
443
443
443
442
444
444
446
446
447
447
448
448
449
449
450
451
454
454
459
463
472
479
487
494
501
506
512
515
517
516
517
515
513
510
508
504
502
499
497
493
490
486
483
479
476
473
471
468
466
464
462
461
460
459
457
458
457
457
455
454
454
453
452
451
450
450
448
448
446
447
445
445
444
444
443
443
442
443
441
442
441
442
442
443
443
445
444
445
445
447
446
448
449
449
450
452
452
451
452
452
453
453
454
456
459
464
470
477
485
492
500
508
515
519
524
525
526
524
523
519
518
513
511
506
505
501
500
495
493
488
486
482
479
475
473
469
467
464
463
460
459
458
459
458
458
456
456
454
453
451
451
450
449
448
445
445
444
443
442
442
440
441
440
440
439
439
438
439
439
440
439
440
440
441
440
441
442
444
443
444
445
446
447
448
448
449
448
449
450
452
453
455
457
462
469
477
484
494
501
509
514
520
522
524
524
523
521
518
515
513
510
506
505
501
499
495
492
488
486
482
478
475
473
468
467
464
462
460
460
459
459
458
458
457
457
456
455
452
451
449
449
449
448
447
446
444
444
443
442
442
442
441
442
441
441
440
440
440
441
441
442
443
443
443
443
444
445
445
446
447
447
448
449
450
451
452
450
452
451
452
453
455
455
458
462
469
476
485
491
500
507
514
518
522
525
527
526
525
522
520
516
513
510
507
504
502
498
495
491
488
484
481
478
476
473
469
467
464
463
462
462
462
462
461
461
459
458
456
455
454
454
452
452
450
448
447
447
445
445
444
444
443
443
442
443
441
442
442
443
443
444
442
444
444
445
444
445
446
448
448
449
449
450
450
452
452
453
454
453
454
455
455
454
456
457
459
460
461
464
469
475
482
490
497
505
513
519
525
527
531
530
530
529
527
522
519
514
511
507
505
500
497
493
490
485
483
479
477
474
472
469
468
465
465
463
463
462
463
461
461
461
460
459
459
458
457
455
454
452
451
451
450
449
448
446
445
444
444
444
444
444
444
445
444
445
444
445
445
447
446
448
447
449
449
450
450
451
451
452
453
454
453
454
453
454
454
455
455
457
456
457
458
460
460
464
468
475
482
490
497
505
512
518
523
528
530
531
530
528
525
522
518
513
511
505
503
498
495
490
488
484
481
476
475
471
469
466
466
463
464
462
463
462
462
461
462
461
461
461
459
458
457
455
455
453
453
451
451
450
449
448
448
446
446
445
445
445
445
445
445
445
444
446
446
446
446
447
446
448
447
449
448
449
449
450
450
452
452
454
455
455
456
457
456
458
458
459
459
461
461
466
470
478
485
494
502
510
515
522
526
529
531
532
529
528
525
521
517
514
509
505
501
496
493
489
487
483
479
474
472
469
468
466
465
463
464
462
464
463
463
463
465
464
462
461
462
461
461
459
459
457
456
454
453
450
450
448
448
447
448
447
448
448
450
449
448
447
448
447
447
447
447
447
448
448
449
450
451
452
453
454
454
455
454
455
454
457
456
458
459
461
464
470
476
484
492
502
509
516
522
528
530
532
531
531
528
527
523
520
515
512
507
503
500
496
492
490
486
484
479
477
474
472
469
467
464
462
462
462
461
461
461
461
460
459
458
457
457
456
456
454
453
450
450
446
446
444
444
443
442
441
442
441
442
441
444
443
444
443
445
444
444
444
445
445
447
447
449
449
450
450
451
452
452
452
454
455
456
458
459
462
465
471
477
487
496
505
513
521
527
532
533
535
534
533
530
528
523
519
514
512
507
503
499
495
491
489
484
482
477
474
470
467
464
462
459
457
457
457
455
454
453
454
453
455
454
452
450
450
447
446
444
443
442
442
441
442
441
441
440
439
438
437
438
436
437
436
437
436
439
438
440
441
442
443
444
443
445
446
447
446
447
448
449
449
450
450
452
453
456
459
465
471
479
488
498
505
515
520
527
529
532
530
530
527
525
522
519
515
512
509
505
501
498
495
491
487
483
480
476
473
469
466
464
462
460
459
458
458
456
456
455
455
453
453
451
451
449
449
447
446
444
444
442
442
440
441
439
440
438
439
437
438
436
438
438
439
440
440
440
440
441
441
441
441
442
442
444
443
445
445
447
447
448
449
450
449
451
450
451
451
454
454
459
463
470
478
489
497
509
515
522
527
531
531
533
531
531
526
524
519
515
511
509
503
500
495
492
488
485
481
477
473
470
467
465
463
461
461
459
458
457
457
455
454
453
452
451
451
450
449
446
446
444
444
441
441
440
440
439
439
437
437
437
437
437
438
438
439
438
439
439
440
439
440
440
441
441
442
442
445
445
446
447
447
447
448
449
449
451
452
452
452
453
453
455
455
457
458
460
463
469
474
483
489
498
506
514
520
526
529
532
531
530
528
526
521
518
513
511
506
503
498
496
492
490
485
482
477
475
471
470
467
466
463
463
461
461
459
459
459
459
458
457
456
454
453
452
451
449
449
448
446
445
444
443
442
440
439
438
438
437
438
437
438
438
439
438
439
438
439
439
441
440
442
440
442
443
446
447
449
447
450
449
450
449
449
448
449
448
449
449
451
451
454
455
457
460
465
472
480
487
495
503
511
518
523
527
529
530
530
528
524
522
518
516
512
509
503
501
496
495
490
487
483
480
477
473
469
466
464
464
462
463
461
461
459
459
458
459
459
459
457
457
455
454
453
452
448
448
446
445
445
444
444
444
444
444
445
444
444
444
444
444
443
443
443
442
444
443
445
445
447
447
448
448
450
450
452
451
452
452
452
451
455
454
455
455
454
455
458
458
460
462
465
471
479
487
495
504
510
516
523
526
528
528
527
525
523
520
517
513
509
508
503
500
496
493
489
486
483
481
476
474
471
470
467
466
463
462
461
461
459
461
460
459
459
458
457
456
455
454
452
452
450
450
447
447
447
447
445
445
444
444
443
444
444
444
444
443
444
444
445
445
446
448
449
448
449
449
450
450
451
451
452
452
453
453
455
454
455
455
456
454
456
456
458
458
460
461
465
469
476
483
492
499
506
512
517
521
525
526
527
524
523
519
517
513
509
505
503
500
497
494
491
488
487
483
481
478
476
474
472
472
470
470
468
468
465
465
463
463
462
462
461
460
457
456
455
454
452
452
450
449
448
448
446
446
444
443
442
443
442
442
443
443
441
442
443
444
444
446
445
446
445
447
447
447
448
448
448
448
449
450
451
451
452
453
453
453
455
454
456
456
458
460
465
469
478
485
494
500
508
512
519
521
524
524
525
522
521
517
514
510
508
505
503
501
499
495
493
489
487
483
481
476
475
472
471
468
467
465
464
464
463
463
462
462
462
461
460
460
457
456
454
454
450
450
448
448
446
446
445
444
443
444
442
443
442
443
442
443
442
442
442
443
442
444
443
445
445
446
446
447
447
449
448
450
450
452
452
452
452
452
452
453
453
454
455
458
459
461
465
469
476
483
493
499
507
513
519
522
527
528
532
533
534
531
529
523
519
513
511
506
503
498
495
491
488
483
480
477
475
471
469
466
466
464
463
461
462
460
460
459
459
457
456
454
454
452
451
449
449
448
447
446
446
445
444
443
443
443
443
443
443
443
442
444
443
446
446
449
448
450
450
453
453
456
457
459
459
460
458
457
455
453
451
450
448
450
450
451
451
452
451
452
452
453
455
458
462
470
476
485
493
500
506
512
516
519
521
521
522
520
518
513
511
506
504
501
500
497
496
492
491
486
484
480
478
474
472
471
469
467
467
465
465
463
464
462
462
461
462
459
459
457
456
453
453
451
450
448
447
446
446
445
445
444
443
443
444
444
444
445
445
446
446
447
446
446
448
449
450
451
450
451
452
453
453
455
454
457
457
458
457
458
458
460
459
460
459
461
462
465
468
475
481
489
497
506
513
519
523
526
527
528
526
526
522
520
516
513
510
507
504
501
499
496
494
491
489
484
481
477
474
472
470
467
467
465
466
464
465
463
463
461
461
459
458
456
455
452
451
450
451
449
447
445
445
442
442
442
442
440
441
440
441
441
441
441
442
442
445
445
447
447
447
447
448
448
450
450
451
452
452
453
452
452
452
454
454
455
455
458
461
468
474
484
491
500
507
514
518
522
523
525
525
525
523
521
517
514
511
509
506
505
502
498
494
491
488
485
481
478
475
472
468
466
464
462
461
459
457
457
457
456
455
454
454
452
450
448
447
446
444
443
443
441
441
439
439
438
438
437
439
438
439
438
438
438
439
439
440
439
440
440
442
442
444
444
445
445
447
447
449
448
447
446
448
448
449
451
454
456
460
466
473
481
491
499
507
515
520
524
526
527
526
525
522
519
515
513
509
507
504
502
498
495
491
489
485
482
476
474
471
469
465
463
459
458
456
458
456
457
455
454
453
452
450
449
447
446
445
444
441
440
438
437
436
436
436
435
435
435
436
435
436
436
436
437
437
438
439
438
439
440
442
441
443
443
444
444
445
445
447
447
448
447
448
448
449
450
451
451
455
458
465
472
482
491
501
508
515
520
525
527
527
526
524
520
517
513
510
506
503
500
497
493
489
486
482
479
476
473
470
468
464
463
460
460
458
458
456
457
456
456
455
455
453
451
450
450
447
446
444
444
443
442
441
441
440
439
438
439
438
439
438
439
439
440
440
440
440
441
440
442
442
442
444
444
445
445
446
446
448
448
449
449
450
451
452
452
452
451
453
453
456
455
458
460
467
474
483
491
502
509
517
521
527
528
530
528
527
525
523
518
515
510
508
503
500
496
492
489
486
482
480
475
473
469
466
464
462
460
460
458
458
458
457
458
456
455
454
454
452
451
449
448
446
445
443
443
441
442
440
440
438
439
437
438
438
440
439
440
439
439
439
440
440
442
442
444
444
445
445
446
446
448
449
449
449
451
452
452
452
452
452
453
455
455
455
456
456
458