Output started
30000
391
372
366
363
364
363
364
363
364
364
364
364
364
364
365
366
366
367
367
369
368
370
369
371
370
371
371
372
370
371
370
372
371
372
371
373
371
374
374
375
374
376
375
377
376
377
377
378
379
380
380
381
381
382
383
385
385
387
387
388
389
388
388
389
388
387
389
391
395
399
406
412
420
426
432
436
441
443
444
442
443
440
441
438
437
434
434
431
432
429
429
427
427
424
425
421
420
416
414
410
408
404
402
400
399
397
395
394
392
390
389
387
386
384
383
380
380
377
376
375
374
373
371
370
369
368
368
369
368
369
367
368
367
368
367
367
366
368
367
369
368
370
369
371
371
372
373
373
373
373
372
372
372
373
374
374
375
376
375
376
376
378
378
380
379
380
381
382
382
383
383
384
384
385
384
384
383
383
383
387
390
395
401
407
416
422
428
431
436
437
439
438
439
437
436
434
434
430
430
427
427
423
423
421
422
419
417
413
411
408
405
401
399
395
393
391
390
389
388
386
387
385
384
382
382
381
379
377
376
374
373
373
372
371
370
369
368
369
369
369
369
369
368
369
368
370
369
371
370
372
371
372
371
373
372
374
373
375
374
376
376
378
377
377
377
378
377
379
379
380
379
380
380
380
379
381
381
382
382
381
380
379
378
379
381
384
389
394
401
408
415
420
425
428
431
433
435
434
435
432
432
429
429
426
426
424
425
421
421
418
417
415
414
411
409
405
403
398
397
393
390
388
387
385
385
384
384
382
382
381
379
378
379
377
376
374
374
372
370
369
368
368
368
367
367
368
367
368
367
368
368
369
368
368
368
369
367
369
369
370
371
372
371
372
372
374
373
376
375
377
377
379
378
379
379
380
379
380
379
380
380
381
380
381
381
382
382
383
383
384
384
384
384
383
383
383
385
388
390
395
401
407
413
419
425
430
434
435
438
437
438
436
436
433
432
429
429
427
426
424
423
421
420
418
417
414
413
409
407
403
401
397
396
392
391
387
387
385
385
382
382
381
380
379
379
377
375
374
373
372
371
370
370
369
368
370
368
369
368
369
368
369
367
369
369
370
369
372
370
372
372
373
371
374
374
374
372
374
374
375
375
377
375
378
377
378
378
378
379
380
379
381
381
381
380
382
382
383
383
383
382
383
383
383
384
385
385
386
387
388
389
389
390
388
390
389
391
392
396
399
406
411
417
422
427
430
433
433
436
435
436
434
434
431
430
428
428
426
425
423
423
422
421
419
417
417
416
413
410
408
406
404
402
400
397
396
394
393
391
391
390
389
388
388
386
386
385
384
382
382
380
379
377
378
376
376
374
376
374
375
373
374
374
375
373
375
373
375
374
376
376
376
375
376
375
376
376
377
376
377
377
377
377
378
378
379
379
379
378
380
380
381
381
382
380
381
381
382
383
383
384
383
384
384
385
384
386
385
388
386
388
387
388
387
389
391
395
396
400
403
409
413
419
422
427
429
432
432
433
433
432
431
430
428
428
426
427
426
425
424
423
422
422
420
420
417
416
415
413
411
409
407
406
405
403
403
401
402
400
400
399
399
396
397
393
392
390
390
387
388
386
386
384
384
382
383
381
382
379
380
378
378
377
377
377
377
376
377
376
377
376
378
378
378
378
380
380
380
380
379
380
380
380
381
382
382
383
385
386
384
385
385
386
387
387
387
388
387
389
387
390
390
391
391
394
393
395
394
395
393
393
393
395
397
401
404
409
413
419
424
429
431
435
435
437
436
436
436
434
432
431
429
428
426
426
425
424
424
423
422
420
419
417
417
413
411
407
406
403
403
401
401
398
398
396
397
395
395
393
393
391
391
389
389
386
387
387
386
385
385
383
384
382
382
381
380
381
381
380
381
380
382
382
383
383
383
383
384
384
384
384
383
384
385
385
386
387
386
387
386
389
387
389
389
389
388
389
388
388
387
389
387
389
388
389
387
387
385
386
386
390
391
395
399
405
410
416
419
425
428
431
430
433
432
433
431
430
428
428
425
425
423
423
422
422
421
419
418
417
415
413
413
409
408
403
402
400
399
398
398
395
395
393
394
391
392
389
390
387
387
384
385
382
382
380
379
378
379
377
378
377
377
377
377
375
376
376
377
377
377
377
378
378
379
378
379
379
379
378
378
380
380
381
381
381
382
383
381
382
381
383
383
385
383
385
384
385
384
387
386
388
386
386
384
384
384
386
389
393
398
404
409
415
420
425
427
430
431
432
432
432
431
430
429
427
426
426
424
424
423
422
421
419
418
416
414
415
412
409
407
403
400
397
396
393
393
392
392
390
390
389
388
385
386
383
384
381
382
379
380
378
378
376
376
376
376
375
374
373
373
372
373
373
373
374
375
374
375
374
375
374
375
374
375
375
376
375
377
377
377
377
378
378
378
380
379
379
379
380
379
380
379
381
380
381
380
382
381
382
382
383
383
385
384
386
385
385
384
387
389
393
396
400
404
411
416
423
426
430
431
433
433
434
432
433
430
430
426
427
425
424
424
423
422
421
419
418
417
415
413
412
409
405
404
400
398
394
392
389
390
387
387
385
387
383
384
382
382
379
380
377
377
375
375
374
374
372
373
372
373
372
373
372
372
371
372
372
372
372
372
372
373
373
374
373
373
375
374
376
376
376
376
377
378
379
376
376
376
376
376
377
377
377
376
378
377
378
377
379
379
381
379
381
382
383
382
384
384
385
384
386
385
386
386
387
388
389
388
389
388
389
390
394
396
400
405
411
416
423
427
431
433
435
436
437
436
435
434
432
431
429
428
426
426
425
424
422
421
418
418
415
415
411
409
405
404
401
399
395
394
391
391
388
388
386
385
384
383
382
381
379
380
377
378
376
376
376
375
375
374
373
372
371
372
370
370
369
369
369
369
369
369
371
371
373
371
373
372
374
373
374
374
375
374
375
374
376
375
378
377
379
377
379
379
380
379
379
378
379
379
380
379
381
380
382
382
383
383
384
384
384
385
385
385
386
387
387
388
388
388
389
388
389
390
390
391
391
391
392
394
393
397
400
405
409
416
422
428
432
437
439
441
438
440
437
436
434
434
431
431
427
426
425
425
423
422
420
421
418
417
414
412
408
407
404
403
401
399
397
395
394
393
392
390
390
388
387
387
387
386
385
383
384
383
382
379
379
378
378
376
377
374
376
375
376
374
375
373
374
373
373
372
372
371
373
371
373
373
374
373
373
373
374
374
374
373
374
375
376
375
375
375
375
375
376
377
377
378
378
379
380
380
380
380
381
381
382
383
382
383
383
384
383
385
384
387
386
389
388
389
388
389
389
392
393
398
401
408
412
419
423
429
432
435
436
436
435
435
434
433
430
429
427
427
425
424
424
424
422
423
420
419
417
417
415
412
410
407
405
404
404
403
402
400
400
398
397
396
396
394
395
393
392
390
390
388
387
385
385
382
383
380
380
379
378
377
378
376
376
375
376
374
375
374
375
374
375
376
375
374
376
376
376
376
377
376
376
377
378
378
379
380
380
380
381
381
380
381
381
383
382
382
382
382
380
383
384
388
391
397
401
408
413
419
420
425
425
426
425
426
424
424
422
421
420
419
419
419
418
418
416
416
415
415
413
413
409
408
405
403
399
397
396
395
394
393
393
392
392
391
390
388
389
387
386
385
385
383
383
382
382
380
381
379
379
377
378
376
378
377
378
378
379
378
379
378
379
379
381
380
381
382
383
383
383
383
384
382
383
383
385
385
386
386
386
386
386
387
387
388
389
388
389
388
386
385
384
387
388
392
395
401
405
412
417
423
425
429
429
432
430
430
428
427
425
424
422
422
421
420
419
419
417
416
414
414
412
411
408
405
402
399
397
396
394
394
392
391
390
389
387
387
385
384
383
382
381
379
380
378
378
376
376
375
376
375
376
375
376
376
377
375
377
377
378
376
378
377
380
380
380
381
382
379
380
380
381
381
382
381
382
382
383
383
384
384
383
382
384
384
384
384
385
384
384
384
383
383
385
387
391
396
402
409
414
420
423
425
427
428
427
427
425
426
423
422
420
420
418
419
418
418
416
416
413
414
412
411
408
407
402
400
397
395
392
392
391
391
390
390
388
387
388
387
385
385
384
383
380
380
378
378
378
378
378
377
377
377
378
378
380
379
380
380
380
379
380
380
382
380
381
379
380
379
381
380
382
381
383
383
383
382
383
383
383
384
384
383
383
383
384
383
384
383
384
384
385
384
383
383
384
385
387
390
393
400
405
411
416
420
423
425
426
427
426
427
424
423
421
421
419
420
419
419
417
419
417
418
415
414
412
411
408
407
403
401
397
396
394
394
392
392
391
390
388
389
388
387
386
385
383
382
381
380
379
378
376
376
375
374
374
373
373
372
373
372
373
373
375
374
375
374
375
375
375
375
376
375
377
376
378
378
379
378
380
379
380
380
380
380
381
381
382
381
381
381
381
381
382
381
383
381
382
382
383
383
384
384
385
385
386
386
385
384
387
389
391
396
400
406
412
420
425
429
433
435
435
436
435
434
431
431
428
428
426
426
425
425
423
422
421
420
418
417
415
415
412
410
405
403
400
399
396
395
393
393
391
390
388
388
385
384
382
382
380
379
378
378
374
374
372
372
371
371
371
370
371
370
371
370
372
370
372
370
372
370
372
371
373
372
373
373
374
373
374
373
375
374
375
375
376
376
377
377
377
377
378
377
379
378
379
378
380
380
381
380
380
380
381
382
383
383
383
383
384
385
385
386
386
386
387
389
390
390
390
390
390
391
392
396
398
405
408
415
420
427
430
437
440
442
442
443
441
441
437
436
434
432
431
430
428
428
426
425
424
424
421
420
417
414
411
409
406
405
402
400
399
397
396
394
392
393
393
392
390
389
389
387
386
384
384
381
382
379
379
377
377
375
376
374
375
373
373
372
372
372
373
372
373
372
372
371
373
372
372
373
374
374
374
374
376
375
376
375
377
377
378
378
378
378
379
378
378
378
379
378
379
380
380
380
381
382
381
382
382
383
383
385
383
385
385
386
386
388
388
390
390
391
389
390
389
391
391
395
398
403
407
414
419
425
430
435
438
440
440
441
439
439
437
436
434
433
432
431
430
429
428
426
425
423
421
421
419
416
414
409
407
403
402
399
398
395
395
393
392
389
389
387
386
384
384
382
381
377
377
375
376
374
375
373
374
372
373
372
372
372
372
371
373
372
372
372
372
372
373
372
373
372
373
373
374
374
375
376
378
378
379
378
378
380
379
381
381
383
382
383
383
385
383
386
383
385
384
386
385
387
387
389
387
388
386
388
389
392
396
402
407
413
418
424
428
432
433
435
434
434
433
431
429
428
425
424
423
421
420
419
418
417
416
414
414
413
410
406
405
400
398
394
393
393
393
390
391
389
390
388
388
387
386
386
384
382
382
380
380
378
378
376
375
375
376
375
376
376
375
374
375
374
375
374
376
375
376
376
377
377
378
378
378
379
379
379
380
380
381
381
382
382
380
381
381
382
381
382
381
382
382
384
383
385
384
385
384
383
382
383
383
387
390
397
401
407
413
419
422
427
429
430
431
431
430
428
426
425
423
422
420
420
420
419
418
418
416
415
413
412
410
408
405
402
400
397
396
394
393
391
392
390
389
388
388
387
386
384
384
381
382
380
379
377
377
374
375
373
374
371
373
372
372
371
372
372
374
372
373
373
373
373
374
373
375
375
376
375
376
376
378
377
377
378
379
378
379
379
379
381
380
381
381
382
380
381
382
384
383
385
383
386
385
386
385
386
387
390
392
397
400
406
410
417
421
427
429
432
433
434
433
432
431
430
428
426
424
424
422
422
421
421
420
419
417
415
414
410
409
406
403
400
398
395
394
392
391
389
389
387
387
386
385
383
384
381
382
380
381
378
379
377
377
376
376
375
376
374
374
373
374
373
375
374
376
375
374
375
376
376
377
376
376
377
378
377
379
378
379
379
380
379
379
379
380
381
382
382
382
383
382
383
383
384
384
385
385
386
385
386
385
387
386
388
388
388
388
389
391
396
399
403
406
413
417
423
427
431
432
435
435
436
433
433
430
429
428
427
425
425
424
425
424
424
423
421
421
419
416
416
413
411
409
408
407
404
404
401
401
398
399
397
398
396
397
395
394
392
393
391
391
389
388
386
386
384
384
382
383
381
382
380
381
378
378
377
378
376
378
377
378
377
377
376
377
377
378
377
378
377
377
377
377
376
376
377
377
377
378
379
378
380
379
379
378
379
378
379
380
381
380
382
380
383
382
384
383
385
384
385
383
383
382
385
385
389
392
397
401
407
413
419
424
429
432
434
434
434
432
431
428
427
425
425
424
422
421
421
420
420
420
418
419
417
416
413
413
409
407
403
402
399
399
397
396
395
396
394
394
392
393
391
391
388
388
384
383
381
380
378
379
376
376
374
376
376
377
377
378
379
380
380
380
380
380
380
382
382
383
382
382
382
382
382
383
383
383
384
383
384
382
384
383
384
383
384
383
383
381
382
382
383
383
385
384
385
383
384
382
383
385
388
391
395
401
408
413
420
423
428
429
431
430
432
431
431
429
428
426
425
423
424
423
422
421
419
418
417
415
414
412
411
408
404
401
399
396
393
393
390
391
388
388
Loop stopped.
