Output started
30000
677
702
715
724
732
736
740
742
742
742
741
739
738
737
737
736
736
735
734
731
729
725
721
717
714
710
706
703
699
699
698
699
696
694
691
688
684
681
677
674
671
669
666
664
661
659
658
656
654
653
652
651
651
651
649
648
648
648
648
650
648
647
646
644
642
641
642
642
642
645
647
650
653
655
656
655
655
653
652
651
652
652
653
653
654
654
656
654
654
655
656
657
659
660
663
665
670
675
683
689
698
707
715
722
728
732
734
734
734
734
734
732
733
732
733
733
732
731
731
729
727
724
723
719
716
715
711
708
704
703
702
700
699
697
695
694
693
691
689
688
685
683
680
678
676
675
672
669
666
665
664
664
663
663
662
661
661
659
658
657
655
654
654
656
655
656
653
653
650
649
648
648
649
650
650
651
651
652
653
654
655
655
656
656
657
656
656
656
656
657
658
657
659
660
662
663
666
670
676
684
693
703
713
722
730
734
741
741
743
743
743
741
739
738
736
736
734
733
732
729
727
724
723
719
717
713
711
708
705
703
701
699
697
695
693
691
688
685
684
682
681
680
677
676
673
672
669
669
666
666
664
663
661
659
658
658
656
655
653
653
652
652
651
650
650
651
651
651
651
650
650
649
648
648
648
648
648
649
649
650
650
650
650
651
651
652
652
652
651
651
653
653
654
656
657
659
665
672
681
692
705
716
726
735
742
745
748
748
748
745
745
742
741
737
736
735
733
731
729
729
725
722
720
716
711
707
702
698
695
692
691
689
686
683
681
679
677
675
673
671
669
669
667
664
661
659
656
654
652
651
649
647
645
644
643
641
640
641
640
641
642
642
641
641
640
641
641
641
640
640
639
639
638
639
639
638
639
640
641
643
643
644
645
646
644
647
646
648
647
649
648
649
650
651
652
658
667
677
688
701
713
724
734
741
746
749
750
749
749
747
744
742
739
737
736
733
733
730
729
726
723
718
715
709
705
699
695
689
686
685
683
681
680
678
677
674
672
669
666
664
662
657
655
653
650
648
647
644
643
643
641
639
638
637
635
635
635
634
633
633
631
632
631
632
630
632
630
630
629
630
629
630
630
631
631
632
632
632
633
635
636
637
638
639
638
638
639
640
641
644
646
648
648
650
652
656
663
671
682
694
705
717
727
734
738
740
741
742
742
740
738
735
733
731
729
727
726
725
725
721
719
716
712
707
705
699
695
691
688
685
684
681
680
677
675
671
669
667
665
663
661
659
658
656
655
651
650
647
645
643
642
640
639
639
637
635
635
635
634
635
636
636
637
637
638
638
638
639
638
637
637
638
638
639
639
640
639
640
640
641
642
643
642
643
642
644
644
645
647
648
649
649
650
649
650
652
657
662
669
678
687
699
709
719
725
732
737
739
740
740
739
737
735
732
730
729
727
726
723
723
721
718
716
712
709
705
702
699
694
690
686
683
681
677
675
672
671
668
667
665
664
661
660
658
657
655
654
652
650
649
648
646
645
643
642
640
640
638
639
637
638
638
638
639
640
640
641
642
642
643
642
643
642
643
642
642
642
643
643
643
643
644
646
647
647
648
648
650
650
650
649
649
650
652
652
654
653
656
660
665
672
680
690
698
708
717
723
729
734
736
737
738
737
736
734
734
733
732
731
729
729
728
725
723
721
718
715
711
708
704
700
697
694
691
688
687
686
684
684
682
680
678
676
674
672
671
670
668
667
666
664
662
661
658
657
657
657
655
654
652
651
652
651
650
650
650
651
650
651
651
652
651
652
652
652
653
652
653
653
652
654
654
655
655
657
658
658
660
660
661
663
663
662
662
663
663
664
665
665
666
667
670
672
679
684
692
699
708
715
724
731
738
742
744
745
746
745
745
744
743
742
741
739
739
737
736
734
731
729
726
724
721
717
715
711
708
705
703
702
700
700
699
696
694
692
691
690
686
684
682
681
678
677
675
674
671
670
668
667
665
665
663
663
663
663
662
662
660
659
659
658
659
659
658
659
658
659
659
658
659
658
658
658
657
657
658
658
658
658
658
658
658
659
661
661
661
662
663
663
663
662
664
663
665
665
666
667
669
671
677
682
690
698
708
716
725
731
739
743
747
748
748
748
748
747
747
745
744
743
742
741
742
739
738
735
732
731
727
726
723
720
717
714
711
709
707
705
703
702
699
696
694
691
689
687
684
681
679
677
675
672
670
668
667
667
666
665
662
663
661
660
661
661
659
658
659
658
658
658
658
658
657
658
657
658
658
657
657
657
658
657
658
659
659
658
657
658
657
658
660
660
661
661
662
662
662
662
663
661
661
661
662
663
666
667
671
675
682
689
699
708
719
727
735
740
745
747
749
749
749
748
747
745
744
742
741
740
739
736
734
730
729
727
724
722
717
714
711
709
707
705
703
702
699
698
697
695
692
691
688
686
683
681
678
675
672
672
671
670
667
666
663
662
661
660
659
658
655
655
654
654
655
654
655
655
654
655
653
652
651
652
652
652
651
651
651
651
652
653
653
653
653
653
654
653
654
656
657
657
658
658
659
657
657
657
657
657
659
660
662
662
665
667
673
678
688
696
707
716
725
731
738
742
745
747
746
747
745
745
743
741
739
737
736
733
731
728
727
723
719
716
714
710
707
704
703
701
699
698
697
695
693
690
687
685
683
681
679
676
674
673
670
668
666
665
662
662
659
657
656
654
652
652
650
650
650
649
650
649
650
650
650
650
650
649
650
650
649
648
647
648
648
650
650
650
651
651
651
651
651
651
652
653
654
655
655
655
654
654
653
652
653
654
656
657
658
659
661
665
669
675
683
691
701
710
720
728
736
739
743
742
744
743
743
742
741
739
737
735
733
730
728
724
724
719
718
715
713
708
704
702
700
698
695
693
692
690
688
685
684
681
679
678
676
675
673
672
670
669
667
666
663
662
660
660
659
659
657
656
655
655
654
654
652
654
653
655
656
656
655
655
655
656
655
653
652
652
653
654
654
655
654
655
655
655
656
657
659
660
660
660
660
660
660
659
659
658
658
659
660
662
664
665
667
672
678
685
694
703
714
722
730
735
740
741
742
742
742
739
738
736
733
731
729
727
725
725
722
720
719
716
715
712
709
706
705
703
703
703
703
703
700
697
695
693
690
686
684
681
679
677
674
673
671
671
669
669
667
665
664
663
662
661
661
661
660
659
658
659
658
659
658
659
659
659
659
658
659
659
658
659
660
660
660
660
659
662
663
665
665
666
667
667
666
667
666
667
666
666
667
668
669
669
670
670
673
676
681
687
696
705
715
722
729
734
738
740
740
740
739
735
733
730
728
724
722
721
720
718
717
714
712
710
708
707
705
703
703
699
698
696
694
692
693
691
689
688
686
686
686
684
682
682
681
678
677
677
675
674
671
669
668
665
665
664
663
664
663
663
663
664
663
663
662
663
662
663
662
662
662
663
662
663
664
664
664
665
667
668
671
675
675
676
677
678
676
676
676
675
675
675
673
672
672
672
674
676
682
688
696
705
714
723
730
734
737
738
740
739
738
737
737
735
735
733
733
731
729
727
726
725
723
720
718
713
710
709
706
704
701
701
700
698
697
695
694
692
691
690
689
687
686
683
683
680
678
676
676
673
671
670
669
669
667
666
664
662
662
660
660
661
661
662
662
663
663
663
662
662
662
663
662
662
662
662
660
661
660
660
661
662
663
664
665
666
666
665
665
666
666
668
667
670
670
670
671
677
684
693
702
712
721
731
738
744
748
751
752
752
751
750
748
747
746
745
743
741
740
738
737
736
734
731
729
725
722
718
714
708
707
703
702
700
698
698
698
696
694
693
690
689
687
684
682
679
677
674
673
670
669
667
665
663
662
662
659
659
657
658
657
658
657
657
655
655
654
653
652
652
652
652
651
653
654
653
653
652
652
653
654
655
656
657
657
659
657
658
659
659
661
664
665
667
667
668
670
674
681
690
699
711
721
731
738
745
749
752
754
754
753
753
751
750
749
749
749
749
748
747
746
744
743
739
735
732
728
724
719
713
710
705
702
700
697
694
692
689
687
684
683
679
678
677
674
670
667
664
661
658
655
655
653
652
651
651
651
649
648
647
648
646
647
644
645
645
644
645
646
645
646
646
645
646
646
645
646
646
646
646
647
648
648
650
649
651
651
651
650
651
651
653
653
656
656
658
659
666
672
681
690
700
709
719
728
736
742
746
748
749
749
750
748
749
747
747
745
745
744
744
741
738
735
730
726
721
717
713
709
704
701
695
693
690
688
685
683
678
676
672
670
666
665
662
661
658
655
653
652
650
649
647
647
646
645
643
642
641
639
639
639
638
639
639
641
640
641
641
641
641
641
642
642
643
644
644
644
643
644
645
647
647
649
650
651
652
651
652
653
653
653
656
656
657
656
659
661
664
670
676
684
692
702
712
720
728
734
738
742
743
744
744
743
742
743
742
741
740
739
737
734
734
730
727
723
720
716
712
706
702
696
692
690
688
687
684
682
679
677
674
672
669
668
666
665
664
664
662
661
659
658
656
654
653
653
651
650
649
648
648
648
649
648
648
648
648
649
649
649
649
650
649
650
650
652
651
651
651
652
653
654
655
655
656
658
660
659
660
660
662
661
660
659
660
661
662
663
665
667
669
672
678
683
691
698
708
715
723
730
737
740
743
744
745
744
744
745
746
746
746
745
743
741
739
737
734
730
728
723
720
716
713
710
706
703
700
698
696
694
692
692
690
688
686
685
683
681
678
676
674
672
670
669
666
666
662
662
661
660
658
658
657
657
655
656
656
657
655
658
657
657
656
657
655
655
656
656
657
657
657
657
658
659
658
659
660
661
661
663
663
664
665
665
666
665
665
664
664
663
664
665
667
669
671
675
680
684
690
698
706
715
723
730
737
740
745
746
747
747
748
748
749
749
749
750
750
750
747
746
743
740
738
733
730
725
722
717
716
712
710
708
706
704
703
700
698
697
693
690
687
684
684
681
678
677
675
673
671
670
669
667
665
664
663
662
661
661
660
660
658
659
659
659
658
659
658
658
658
660
660
660
660
661
660
661
662
661
661
662
662
663
662
663
664
666
666
668
668
668
668
669
669
668
669
670
670
671
673
676
678
682
686
691
697
703
710
717
725
732
738
741
744
745
748
748
749
748
748
746
747
746
746
746
746
745
742
741
737
734
730
727
725
720
719
715
715
712
710
709
707
705
703
700
697
695
693
691
688
686
683
682
680
678
676
675
672
670
668
668
668
667
666
666
665
664
663
664
663
662
662
661
660
659
658
659
661
660
659
659
659
658
659
660
660
661
660
661
660
662
663
664
664
664
664
665
664
665
664
664
665
666
667
667
670
671
674
679
684
691
702
713
724
734
743
750
755
758
761
761
761
759
757
755
754
751
752
750
751
749
748
747
743
739
735
731
725
720
717
712
709
707
705
702
700
699
697
693
691
687
685
682
679
678
675
672
670
668
667
666
664
662
660
658
655
653
651
650
649
648
648
648
647
649
648
648
647
649
648
648
648
649
648
650
649
650
650
651
652
653
653
654
655
655
654
655
656
657
656
656
657
657
657
658
659
659
660
660
662
665
673
683
695
707
722
733
745
753
759
762
763
760
757
754
752
747
746
741
740
738
737
734
733
729
726
723
720
715
711
708
704
700
697
694
691
688
684
681
678
674
672
669
667
664
663
661
659
656
653
651
649
649
646
645
644
642
640
639
638
638
637
636
636
635
635
636
636
637
636
638
639
639
639
640
640
641
641
640
640
640
638
638
638
640
643
644
645
646
647
648
649
649
649
651
652
653
653
654
654
657
660
670
679
692
705
719
731
741
750
756
760
760
759
756
755
752
751
749
747
744
742
739
737
735
732
729
725
721
717
711
707
701
695
691
688
685
684
681
680
677
674
671
668
666
662
659
658
655
652
649
648
645
644
642
641
640
640
639
637
637
635
634
634
634
633
633
634
634
634
634
634
634
634
635
635
634
635
634
633
636
636
637
637
638
638
640
641
643
643
645
646
647
647
648
649
650
651
653
655
656
659
664
670
679
688
700
711
724
735
743
749
752
754
754
753
752
749
747
746
745
743
740
741
739
737
733
731
726
723
718
713
708
705
699
694
689
686
682
679
678
676
673
671
668
667
665
663
661
660
657
655
652
650
648
647
645
643
641
639
638
638
637
637
635
635
635
635
635
635
635
636
637
637
637
637
637
636
637
637
638
639
642
643
645
644
646
648
650
652
653
653
654
655
656
655
656
657
660
660
663
665
668
672
678
686
694
703
713
724
732
740
747
750
753
754
754
752
751
750
748
746
745
744
743
743
740
739
737
733
729
726
721
717
712
707
702
698
695
692
690
687
684
683
680
679
676
674
671
670
668
667
664
663
659
658
657
655
653
652
650
648
647
647
646
647
646
645
645
647
647
647
647
649
648
648
648
647
648
651
652
652
653
653
654
656
657
658
660
661
662
662
663
662
662
661
661
662
663
663
665
665
667
670
675
681
687
695
704
713
724
733
741
747
751
754
755
756
755
753
753
752
753
752
751
749
747
745
743
740
737
731
727
725
720
716
713
709
705
701
698
697
695
693
691
689
687
686
684
683
681
680
679
678
675
674
671
670
669
670
668
667
Loop stopped.
