Output started
30000
605
613
614
612
610
609
607
605
602
599
596
593
589
585
582
579
577
572
571
568
567
564
564
561
561
560
561
561
562
562
562
563
564
565
566
567
569
569
572
573
574
576
580
581
583
584
585
587
588
589
589
590
590
592
596
604
616
634
657
683
708
732
753
773
787
799
804
809
806
802
794
785
773
762
750
738
725
713
699
687
673
661
650
639
630
622
615
609
606
602
599
598
597
595
595
594
593
593
591
589
587
584
580
577
575
572
569
566
564
561
561
558
557
555
555
554
554
555
556
556
557
558
559
561
562
564
566
568
572
574
577
580
582
584
587
589
591
592
593
595
595
596
597
598
600
605
613
628
646
669
694
719
742
762
777
789
797
802
802
798
791
781
770
756
742
730
716
704
691
678
665
653
642
633
624
616
610
606
602
599
597
597
597
598
597
598
597
597
596
595
594
592
589
587
584
583
581
577
574
572
570
568
565
565
564
565
564
565
565
567
567
568
567
568
570
570
572
574
575
577
580
582
586
587
590
592
594
596
596
597
599
600
600
600
604
607
617
630
651
674
700
725
750
770
788
802
811
815
816
812
806
797
787
774
762
749
736
724
711
698
685
673
660
647
637
628
619
613
607
603
600
597
596
595
593
593
592
592
589
588
586
583
580
578
574
572
570
569
567
566
563
562
560
560
559
560
559
560
561
561
562
563
565
566
567
570
571
574
575
577
579
581
582
583
585
586
588
588
590
591
593
593
594
597
601
608
623
641
664
689
715
738
760
778
792
801
806
806
804
798
791
779
768
756
744
731
720
707
696
683
671
659
647
637
626
618
609
605
600
597
595
592
591
591
590
589
588
586
584
582
579
577
574
573
570
568
565
564
562
560
559
558
556
556
556
556
557
559
560
562
563
564
565
567
567
568
570
573
575
577
578
579
580
582
583
584
586
588
588
588
589
590
591
592
596
603
613
629
650
676
703
728
751
770
786
798
804
808
807
803
796
786
776
764
751
737
726
714
701
687
675
662
649
636
627
618
611
604
599
595
593
591
591
589
588
587
586
584
583
581
579
577
576
573
570
567
565
561
560
558
556
556
556
555
555
556
557
556
557
558
560
562
563
566
569
570
572
574
575
577
578
581
582
584
586
588
590
593
593
595
597
600
599
600
601
603
603
605
605
610
614
626
641
663
687
713
735
757
776
792
802
808
809
808
801
793
784
773
761
749
737
725
714
701
689
677
664
652
641
632
625
618
612
608
605
602
601
599
598
596
596
594
594
592
590
587
586
582
580
579
577
573
572
570
570
568
568
567
566
566
566
567
568
569
570
572
573
573
575
576
577
579
581
584
586
587
589
589
591
593
594
595
596
598
599
600
601
602
602
604
604
606
606
608
611
617
629
646
668
691
716
738
759
775
788
798
803
805
802
796
789
780
768
757
746
734
723
710
699
687
675
663
652
642
633
626
619
614
611
608
605
605
603
603
603
602
602
601
600
598
597
593
591
588
585
582
580
577
574
573
571
569
569
568
568
567
568
567
569
569
570
570
572
573
574
575
577
579
581
584
587
589
590
591
593
596
598
599
601
601
603
602
604
606
606
606
607
608
612
619
633
649
669
693
717
739
759
775
788
797
802
801
798
793
785
776
764
753
738
727
714
703
691
681
669
659
648
640
632
624
618
614
611
609
607
606
605
605
604
603
602
603
600
600
596
595
592
590
589
586
584
581
579
577
576
575
574
574
574
574
573
573
574
573
575
575
576
575
577
579
581
582
585
584
586
587
591
593
595
595
597
599
602
603
604
604
605
605
607
608
612
619
630
648
669
692
715
737
756
771
784
793
797
797
793
788
780
770
760
750
738
727
715
705
692
681
668
658
649
641
631
626
622
618
616
614
612
612
611
611
610
610
608
606
604
602
599
596
592
589
587
585
583
580
579
577
575
573
573
572
571
571
570
571
571
572
573
573
574
576
578
579
580
581
585
586
588
590
592
593
596
597
598
598
599
600
602
602
605
607
614
622
637
657
681
706
731
754
773
789
801
809
813
812
808
801
794
784
772
760
747
736
726
713
700
687
676
663
653
643
634
627
621
616
612
608
606
603
601
599
598
596
594
592
589
587
584
582
578
576
573
570
567
565
563
560
558
558
557
557
556
557
557
558
558
559
559
561
562
566
567
569
572
575
578
581
581
582
584
586
587
588
589
590
590
591
592
594
598
604
617
636
660
685
712
738
762
780
795
806
812
812
811
803
796
784
774
762
752
740
729
718
707
694
682
669
658
645
636
626
618
610
607
602
599
597
594
592
591
590
588
586
584
581
579
576
573
569
566
562
559
557
555
554
552
552
551
550
550
551
551
553
554
556
556
559
560
563
565
567
570
572
572
571
569
568
566
566
565
567
568
571
573
576
578
583
589
600
616
637
663
691
719
744
767
785
799
807
811
811
807
801
792
783
772
761
750
737
726
713
701
686
673
659
647
635
626
616
611
604
600
595
593
590
589
586
584
583
581
579
578
575
572
570
568
566
564
561
559
556
556
554
553
552
552
551
552
553
552
553
555
555
558
560
564
567
570
572
574
576
579
581
583
585
587
589
590
591
593
593
594
595
596
597
599
604
612
625
644
667
693
719
741
761
778
791
797
801
800
795
787
778
767
756
744
732
722
710
699
687
674
662
650
639
628
620
612
606
601
596
594
591
589
588
586
586
584
583
583
582
580
579
575
573
571
568
567
564
563
561
559
558
558
558
559
560
562
564
565
566
568
569
571
573
577
578
581
582
586
587
589
591
592
594
596
596
598
600
600
600
600
600
602
601
602
603
605
608
617
630
649
672
696
719
740
759
773
784
791
794
791
787
779
771
760
750
738
727
716
706
695
685
673
662
652
643
633
626
619
616
611
608
605
604
602
601
601
600
599
598
596
595
592
590
587
584
581
579
577
575
574
572
570
570
569
568
569
569
570
570
571
571
573
574
576
577
581
583
586
587
589
590
592
593
596
596
598
598
601
602
604
605
606
607
608
607
609
609
610
613
619
630
646
667
688
711
733
752
770
783
792
798
799
796
790
781
771
761
748
738
725
716
704
694
682
671
659
650
641
632
625
620
616
612
610
607
605
604
603
603
601
601
600
598
596
595
592
590
587
585
582
580
579
577
576
574
574
573
572
572
573
574
574
574
575
576
576
579
579
580
581
582
583
585
585
586
590
592
594
596
597
599
599
601
602
602
602
603
604
605
605
607
611
618
630
648
671
695
718
740
759
773
785
793
798
797
796
789
782
772
762
750
738
727
717
706
696
685
676
663
654
645
638
632
626
623
620
617
615
613
612
610
609
608
606
605
602
599
596
595
593
590
588
587
585
583
580
579
576
576
573
574
572
572
572
573
572
574
574
576
576
578
579
581
582
584
584
588
589
591
591
593
595
598
600
601
602
602
603
605
606
607
608
609
612
617
626
641
662
686
709
730
752
768
784
792
798
799
798
793
787
777
768
756
747
734
724
712
702
690
680
668
658
649
641
634
629
624
621
619
616
616
614
612
611
609
608
607
605
604
601
599
596
593
589
586
583
582
580
578
576
576
574
573
573
574
573
575
575
576
576
578
578
580
581
582
584
586
587
588
589
591
592
595
596
598
599
601
601
603
604
603
604
605
605
608
613
623
639
661
686
713
738
759
778
794
806
811
814
812
807
801
792
780
768
756
744
733
722
711
699
688
676
664
653
643
636
627
621
616
612
609
605
604
601
600
598
595
593
590
588
584
582
578
575
572
569
566
563
561
558
558
556
555
555
554
555
555
557
557
558
559
560
562
564
565
568
570
572
574
575
576
578
580
582
585
587
588
590
591
592
593
595
596
597
599
601
606
615
631
653
679
706
735
759
782
798
812
819
822
820
815
806
796
784
772
759
748
734
725
712
701
688
676
662
652
641
630
622
614
608
603
600
596
594
592
590
589
587
585
583
580
577
574
571
567
565
561
560
557
556
554
553
551
552
551
552
551
553
553
555
556
558
558
560
562
565
567
568
571
573
574
577
578
581
582
585
587
589
590
591
594
595
595
596
598
601
607
617
634
656
684
710
737
759
780
795
807
812
815
812
807
798
788
777
767
754
744
730
720
707
697
682
669
656
644
633
623
615
607
601
596
593
590
588
586
586
585
584
582
580
577
574
571
568
565
564
561
559
556
556
553
554
552
552
551
552
552
554
555
557
558
560
561
563
564
567
569
572
573
573
575
575
576
579
582
585
588
590
593
594
597
599
601
602
605
607
612
621
638
659
684
712
737
760
780
794
805
810
811
809
804
796
785
774
760
748
737
723
712
700
688
677
666
654
642
631
623
615
608
604
601
598
595
593
593
592
591
589
588
587
586
584
582
581
578
576
575
572
571
568
567
566
567
566
566
565
565
565
567
567
568
570
572
572
574
575
577
578
580
584
586
587
589
590
591
594
596
596
598
598
597
599
598
600
599
601
602
607
614
629
648
673
699
724
745
766
780
792
799
802
800
796
788
780
769
758
746
735
724
713
703
693
680
670
658
649
639
631
625
620
616
613
611
608
607
604
603
600
599
596
595
592
590
587
584
581
578
574
572
568
567
565
564
562
563
562
563
562
564
564
566
567
568
570
572
574
575
576
577
580
582
583
584
586
588
589
591
593
594
595
596
597
598
598
598
599
599
602
604
612
622
640
661
686
711
736
756
775
788
798
801
803
799
794
787
779
768
757
746
735
724
713
701
691
679
668
658
648
639
631
626
620
615
612
609
607
604
604
603
602
601
599
597
595
594
591
589
584
582
578
577
574
573
572
571
570
570
569
570
570
569
570
570
570
570
571
573
573
576
576
579
581
584
586
587
588
589
591
593
595
598
600
599
601
601
602
602
602
604
606
611
620
635
654
678
703
727
749
768
783
793
800
802
800
796
788
779
769
758
747
735
724
713
703
692
681
670
660
650
641
634
627
621
617
613
611
608
608
606
603
602
600
598
597
597
595
593
591
588
585
582
580
579
578
575
575
573
573
571
571
570
571
572
573
574
575
575
577
578
578
581
583
584
587
589
591
592
593
596
597
599
600
601
601
603
603
604
604
606
607
613
621
637
657
682
705
729
748
766
779
789
793
794
792
788
780
771
761
750
739
728
717
706
695
684
673
662
652
643
635
628
623
618
616
613
611
609
609
607
606
604
604
601
599
596
594
591
591
586
585
582
580
577
575
573
573
571
571
569
570
570
570
572
573
573
574
575
577
579
580
581
582
583
587
590
590
592
593
594
595
597
598
600
600
601
601
603
603
605
611
623
639
662
686
712
735
758
774
788
797
802
803
802
795
789
780
771
759
749
738
729
719
709
698
688
677
667
656
647
639
631
625
621
618
614
611
608
608
607
605
603
602
599
596
592
588
584
583
579
577
573
572
570
568
567
567
566
566
566
568
568
569
570
570
571
572
573
574
575
576
578
579
582
585
587
589
590
592
592
592
594
595
595
596
596
598
602
608
619
638
660
685
711
737
758
777
790
800
804
805
801
794
787
778
768
758
749
740
730
720
708
697
686
675
663
652
643
634
626
619
613
609
606
602
600
597
595
592
590
586
585
581
580
574
572
568
566
563
561
559
558
557
555
555
556
555
556
557
558
558
561
561
563
564
567
570
572
574
576
578
579
581
583
585
587
590
590
591
591
593
593
594
594
598
602
613
627
650
674
701
726
751
769
787
796
802
804
803
796
790
781
772
761
750
739
729
719
708
696
684
670
657
643
633
622
613
605
600
594
591
588
586
584
581
580
578
576
573
572
568
566
563
561
558
557
555
555
552
552
551
550
549
549
549
550
550
552
553
554
556
559
562
566
568
571
574
577
580
581
584
586
587
590
592
593
595
596
597
597
599
599
601
603
608
618
635
657
684
709
735
756
775
787
797
799
799
794
787
779
770
760
749
738
728
716
706
694
682
670
658
647
636
626
619
611
605
599
596
596
593
591
589
588
585
583
581
579
576
573
571
568
566
562
560
557
557
556
555
554
555
555
556
556
557
558
559
560
560
562
563
565
567
570
572
575
576
579
580
581
583
585
586
586
587
589
588
590
590
592
590
593
593
597
603
616
634
656
682
706
730
751
766
779
786
791
791
788
782
774
764
753
741
731
720
711
701
691
679
667
656
646
637
628
621
615
610
606
603
600
598
596
594
592
591
589
588
587
586
582
579
577
575
572
572
569
569
568
567
566
566
565
566
567
568
570
571
571
574
574
576
578
580
581
583
583
585
586
588
590
592
593
595
597
597
599
599
602
602
604
603
604
604
608
611
621
635
654
677
702
724
745
761
776
784
790
790
788
783
777
767
758
748
737
726
716
704
695
683
671
660
648
639
629
623
616
612
608
605
603
601
599
598
597
597
595
595
592
592
589
587
584
583
580
579
577
577
574
575
573
572
571
571
572
573
573
574
574
576
576
577
579
581
582
585
588
589
591
593
594
595
597
597
598
599
599
599
600
600
601
601
602
603
606
611
621
636
656
679
704
725
745
762
775
784
789
790
788
783
778
768
759
748
737
728
719
708
699
689
678
668
657
647
638
631
624
620
617
614
611
609
608
607
605
604
603
602
600
597
596
593
591
589
588
585
583
582
580
578
Loop stopped.
