Output started
30000
423
412
409
410
411
413
414
414
415
415
417
418
420
422
426
429
435
442
453
462
476
487
500
509
518
522
526
524
522
516
512
505
499
492
487
481
478
473
470
465
462
459
457
453
451
450
448
446
445
444
444
442
442
441
441
439
437
435
432
430
427
425
422
419
415
414
411
409
406
405
403
401
399
399
396
396
395
396
395
395
395
397
395
397
397
400
400
402
402
403
404
406
407
409
410
412
412
413
413
414
414
414
414
416
417
418
419
422
426
432
441
450
462
474
487
498
508
514
518
518
517
513
510
501
495
487
482
474
469
463
458
453
449
445
442
438
437
435
435
434
435
436
438
438
441
441
442
441
442
440
438
437
435
433
430
426
423
420
417
414
412
410
409
407
405
404
403
402
403
403
404
403
404
406
408
410
411
412
413
413
415
417
418
421
421
423
423
424
423
425
425
426
425
427
427
428
429
432
436
443
451
463
473
487
499
512
521
530
534
536
534
531
524
517
508
500
491
483
474
466
460
454
448
444
439
436
434
432
430
429
428
428
430
432
433
433
433
433
434
432
432
430
429
426
424
421
420
416
414
412
411
409
408
407
406
405
406
406
408
408
410
411
413
412
414
415
417
417
419
421
423
424
427
428
430
430
430
430
431
430
430
432
432
433
434
437
440
447
454
466
476
490
501
514
523
531
533
536
533
530
523
515
505
499
488
481
472
466
459
453
446
442
437
434
429
426
424
421
420
420
419
420
421
421
422
422
421
420
421
419
418
416
413
411
409
406
404
401
400
398
398
397
397
396
396
394
396
397
399
400
403
403
405
405
408
409
412
413
418
420
421
422
423
423
424
424
424
423
423
423
425
425
427
432
441
451
462
474
486
500
513
522
529
534
534
532
527
520
510
501
492
484
475
467
461
455
449
444
439
435
430
427
422
420
417
417
416
415
416
417
418
420
420
421
421
421
420
419
417
416
414
412
411
409
407
406
405
404
404
404
404
403
403
404
405
406
405
405
407
408
409
411
412
412
413
414
414
415
416
417
417
417
418
417
418
417
419
420
420
421
425
429
438
446
458
470
483
495
507
516
524
528
528
526
521
514
507
498
491
481
473
465
458
451
447
441
438
432
429
425
423
419
417
416
416
417
418
418
419
420
419
420
419
419
418
416
414
412
409
408
405
405
403
402
401
401
399
401
400
402
401
402
402
405
405
407
408
410
410
412
412
415
415
417
417
419
418
420
422
423
423
425
425
427
426
427
426
427
427
428
428
430
432
436
443
449
461
471
483
494
506
515
524
527
529
527
524
517
511
502
496
487
481
472
468
461
457
451
447
442
439
436
435
432
431
428
429
427
429
429
431
430
431
430
430
429
428
426
425
423
420
419
416
415
414
413
411
411
410
410
409
409
407
409
408
409
409
410
410
411
412
414
413
416
415
416
415
417
416
418
418
419
419
420
420
420
420
422
422
423
423
424
424
425
425
426
427
431
434
440
447
458
469
480
491
502
511
519
524
525
524
521
517
510
503
494
488
481
476
469
465
458
455
449
447
444
443
440
439
437
438
439
441
442
443
443
445
445
446
445
445
443
442
439
436
432
430
427
426
423
421
418
416
415
413
412
412
411
411
410
410
410
410
410
411
411
413
415
415
416
417
419
418
419
419
420
421
423
422
423
422
423
423
424
425
426
425
426
426
427
426
429
429
431
432
436
441
449
457
468
479
491
501
511
518
525
526
526
522
518
512
506
498
492
486
480
475
468
462
459
455
452
450
449
448
446
446
445
444
442
444
443
444
443
443
441
441
438
436
433
432
428
427
423
422
417
417
414
413
411
411
409
411
408
407
406
407
406
407
407
409
409
411
411
413
413
415
417
417
418
419
420
420
422
422
423
424
426
426
427
426
428
427
428
427
428
428
430
429
431
430
435
437
444
451
461
469
482
492
503
512
519
522
523
521
518
513
508
500
494
489
484
480
475
470
467
464
460
458
457
455
454
453
452
452
452
451
450
450
449
450
449
448
445
444
441
440
436
435
432
430
426
424
420
419
416
416
413
412
410
410
409
409
408
410
409
411
411
411
412
413
414
415
415
417
419
419
420
421
421
421
421
421
421
421
423
423
423
423
422
420
421
421
423
423
424
425
427
430
435
442
451
461
474
485
497
505
514
518
521
519
519
514
509
502
497
492
486
481
477
472
468
464
462
458
456
453
452
449
446
445
445
443
443
442
441
440
439
437
436
434
433
431
429
427
425
424
422
419
418
417
415
414
414
412
411
411
410
410
409
411
410
412
411
413
414
417
417
418
419
420
420
420
420
422
421
422
422
423
423
423
424
424
423
424
423
423
422
422
423
423
424
426
429
435
443
453
464
476
487
499
510
517
522
524
524
521
517
510
506
499
494
487
484
478
474
470
468
464
463
459
458
454
454
451
451
449
449
448
448
446
446
445
444
442
442
438
437
433
431
427
427
424
421
418
417
415
413
411
409
408
408
406
405
406
406
408
408
409
409
410
408
410
410
411
411
414
413
415
414
416
415
417
415
418
417
419
418
420
418
418
417
418
418
420
420
422
423
429
435
444
452
465
476
488
499
510
517
522
523
522
517
511
504
496
490
482
476
469
464
459
456
451
450
446
444
440
441
437
437
436
438
437
439
439
439
438
439
437
437
433
431
427
424
420
418
415
412
410
408
404
404
401
401
399
398
398
397
396
397
396
396
396
397
398
400
402
404
405
406
408
408
410
412
415
415
416
416
418
419
419
420
421
421
422
422
424
424
425
426
430
434
442
451
463
475
488
499
512
520
528
531
531
528
524
516
508
500
492
483
475
468
462
457
453
448
446
442
439
438
437
436
435
436
437
437
439
440
440
441
441
442
441
439
437
434
430
427
423
420
416
415
411
409
407
407
404
405
403
404
402
403
402
403
402
404
405
407
407
409
411
411
412
414
413
416
416
418
418
420
421
422
423
424
423
424
424
425
425
425
427
429
434
441
452
463
477
490
504
515
526
532
536
535
533
526
521
512
503
494
486
477
471
462
456
450
447
442
439
436
433
429
428
426
426
424
426
424
426
424
425
424
425
424
424
422
422
419
417
413
412
409
407
406
405
403
402
402
401
401
400
400
400
401
401
403
402
404
404
407
407
409
410
412
412
415
415
418
417
420
420
421
420
422
421
422
421
421
420
422
422
423
425
428
436
445
456
470
482
495
508
519
526
530
532
531
526
520
512
503
495
486
479
470
465
458
454
448
444
439
436
431
429
424
421
417
416
414
415
414
416
414
415
414
413
411
410
408
407
404
402
400
400
396
395
394
393
392
392
391
392
394
394
395
396
397
399
401
403
404
406
408
409
411
413
415
416
418
418
420
420
421
421
423
422
423
422
423
422
422
421
423
423
424
425
429
435
446
456
470
483
497
509
520
527
530
530
529
524
517
509
501
492
484
475
468
462
456
450
446
440
435
431
427
424
420
417
415
413
413
413
415
417
417
417
416
415
413
413
412
411
409
408
405
405
403
402
400
400
398
399
398
398
397
399
399
401
402
403
404
406
406
408
408
411
412
414
414
416
416
416
417
419
419
421
421
422
421
421
422
422
421
422
422
422
425
424
426
428
431
437
446
457
470
484
499
510
521
528
534
534
532
526
520
509
502
492
483
475
468
460
456
450
446
441
437
432
429
425
425
422
421
419
420
420
422
421
423
423
424
423
423
423
422
420
419
416
413
413
411
410
408
408
406
405
405
405
403
404
404
405
405
407
407
410
410
412
412
415
414
417
417
420
420
422
421
424
423
424
422
423
422
424
423
424
424
424
424
425
424
424
426
428
429
432
436
443
453
464
477
489
503
515
524
529
532
531
528
521
514
504
497
487
479
470
463
456
451
446
443
438
436
432
430
427
427
425
425
425
428
429
430
432
433
433
433
433
433
433
432
429
427
424
423
421
419
416
414
412
411
409
408
408
408
408
408
408
408
408
408
410
410
413
413
415
416
417
418
420
420
421
421
423
423
424
424
425
426
428
427
429
429
429
429
430
429
430
430
430
431
435
440
447
455
466
478
492
504
514
522
529
531
530
527
523
516
507
498
490
482
476
470
465
461
456
453
450
447
446
445
442
444
442
442
441
443
443
444
444
444
443
441
439
438
435
434
430
428
424
421
417
415
412
410
408
407
405
404
404
404
403
403
403
405
405
406
406
407
408
410
411
412
413
414
415
416
416
418
420
420
422
423
425
425
424
424
425
424
426
426
428
428
431
433
440
447
457
467
480
490
502
511
519
523
525
522
520
515
509
502
494
487
481
473
468
463
460
455
452
449
448
445
444
442
442
443
444
445
445
444
443
444
442
442
438
437
433
432
429
428
425
422
418
417
414
413
411
411
409
411
408
409
407
408
407
409
410
412
411
413
413
415
416
417
417
418
420
421
421
422
423
424
423
423
424
424
424
424
424
424
424
423
424
424
427
429
434
441
450
460
473
484
496
504
514
517
522
520
518
511
506
497
491
483
478
469
464
457
454
449
447
444
443
440
440
439
439
438
438
439
442
442
444
444
443
444
443
442
440
439
436
434
431
429
425
423
421
420
417
416
414
415
414
413
412
412
411
412
412
413
412
415
416
418
419
421
421
422
423
424
424
426
426
427
427
426
426
427
426
427
426
427
427
430
432
437
443
452
462
475
488
499
510
519
524
527
526
523
518
512
505
495
488
480
473
467
461
455
451
445
442
439
437
434
433
431
431
431
432
432
433
433
434
433
434
433
434
431
430
427
425
421
417
413
411
408
407
405
404
402
402
401
401
400
401
401
402
403
406
408
409
410
411
412
413
415
416
418
419
421
421
423
423
423
422
424
423
424
424
426
426
428
431
436
442
453
463
477
489
502
512
521
526
530
530
529
523
518
508
501
492
484
477
470
463
458
453
449
443
439
435
432
429
427
424
423
424
423
424
424
423
422
422
421
420
416
416
412
411
407
406
403
402
398
400
397
397
396
395
394
396
395
396
397
399
399
402
403
406
407
408
410
412
413
415
416
418
418
419
419
422
423
422
421
420
421
421
422
424
424
426
431
436
446
456
470
481
496
507
518
524
529
529
529
523
518
509
501
492
485
476
469
461
456
448
445
438
433
428
424
420
417
414
412
411
411
410
411
410
410
409
408
408
408
406
405
403
401
398
396
396
394
393
393
393
393
394
393
394
394
396
397
399
399
401
402
404
405
406
407
410
412
414
414
417
417
419
419
422
422
422
421
421
419
420
419
421
421
423
426
430
434
445
454
467
480
493
506
517
526
531
532
530
526
519
511
503
496
489
481
474
467
461
454
449
443
437
434
429
425
421
419
417
417
416
417
417
418
416
416
416
414
412
411
408
406
404
403
399
399
396
397
395
396
395
395
395
395
394
396
397
398
399
401
401
403
404
406
408
409
411
411
412
413
416
417
419
420
421
421
422
422
423
423
424
422
423
423
424
424
425
427
434
441
452
463
476
486
499
508
516
519
521
519
517
510
504
496
490
482
477
469
465
458
452
447
444
439
437
433
432
430
430
430
430
431
432
432
432
433
433
432
431
430
428
426
423
420
417
416
412
411
408
409
407
408
406
406
403
404
403
404
403
404
404
405
405
407
406
409
408
410
410
412
412
412
412
413
414
415
416
418
418
420
419
419
419
420
420
422
425
427
429
430
435
441
450
459
471
482
494
502
511
514
518
516
513
508
503
496
490
483
478
472
467
461
456
451
448
444
443
440
439
435
435
433
432
432
433
432
432
431
431
430
429
427
425
423
419
416
414
412
409
408
406
405
404
404
403
403
402
405
405
407
407
409
408
411
411
413
413
415
416
418
419
421
421
422
423
425
425
426
426
427
428
429
429
430
428
430
428
429
428
430
431
432
434
437
441
448
457
468
478
489
499
507
512
515
516
514
511
506
499
492
486
479
474
467
464
459
456
451
450
446
445
442
442
440
438
437
438
437
439
439
440
439
438
435
434
431
430
427
425
422
420
416
415
412
412
410
408
406
405
404
404
404
405
404
404
404
406
407
407
409
410
412
413
416
416
419
419
421
422
424
424
425
426
428
427
427
426
426
425
426
425
427
427
430
430
435
440
448
455
466
475
486
494
501
506
508
507
506
500
497
490
484
477
473
466
462
457
452
449
444
443
441
439
437
437
437
438
438
440
440
441
442
443
441
441
439
440
437
436
432
432
429
427
423
422
419
418
416
416
413
413
411
411
410
410
410
411
410
412
413
413
414
415
416
418
418
419
419
420
421
422
423
423
424
425
425
424
424
424
426
425
426
427
428
430
436
440
449
459
470
480
491
499
507
511
516
516
516
511
507
500
494
487
481
476
472
465
461
456
451
447
444
441
440
437
437
435
436
437
437
439
441
442
443
442
441
441
440
439
437
436
435
433
431
430
428
427
425
425
424
424
422
422
421
422
421
423
423
425
426
428
429
430
430
432
432
434
435
436
437
438
437
437
436
437
436
437
436
437
438
442
444
450
458
468
477
487
496
504
510
514
516
516
514
510
505
499
492
486
480
473
467
461
457
451
447
441
438
434
433
430
429
428
429
429
430
430
430
429
430
429
429
426
426
424
423
420
418
417
416
414
413
412
412
410
Loop stopped.
