Output started
30000
437
421
413
410
407
406
403
403
403
403
404
404
405
406
406
408
408
407
408
408
408
408
408
407
407
405
406
404
403
401
401
399
401
400
402
401
402
400
400
400
401
401
402
401
403
403
404
404
406
407
411
413
420
425
433
440
446
452
458
461
463
465
466
466
464
462
460
457
454
449
447
443
440
437
432
432
428
426
422
420
415
414
411
412
411
412
410
411
409
411
411
412
411
411
409
409
409
409
407
407
405
404
404
403
402
402
400
400
398
399
399
399
401
401
401
402
401
402
403
403
405
406
404
404
405
405
408
410
413
417
423
429
436
442
449
455
461
464
468
467
468
466
465
462
460
456
455
450
448
444
441
435
432
428
426
423
420
416
414
411
411
410
409
408
408
407
407
406
406
405
406
406
406
405
404
404
402
400
399
399
398
398
397
398
396
398
397
396
395
396
395
396
395
397
397
398
397
398
397
399
397
400
399
402
403
405
405
408
412
417
423
431
437
445
450
458
463
467
469
471
470
470
468
465
461
458
454
451
448
444
440
436
432
429
425
422
419
416
415
412
411
411
411
410
412
410
411
409
411
409
409
408
409
407
409
407
409
406
407
405
406
403
403
400
400
399
399
398
398
397
398
398
399
398
399
398
398
398
400
400
401
401
403
403
404
404
405
407
407
410
415
420
427
436
443
450
455
462
466
469
469
471
469
469
466
464
460
457
452
450
445
442
437
434
430
429
425
423
420
418
415
414
412
413
412
412
412
411
411
411
410
411
410
411
410
411
409
409
409
408
407
407
404
404
403
403
402
402
403
402
401
401
401
400
401
400
401
400
402
401
402
402
405
405
406
406
406
406
408
409
411
415
422
428
436
442
450
455
461
464
467
467
467
467
465
462
460
455
452
448
444
440
436
431
428
423
420
417
415
412
410
410
410
410
409
410
409
411
410
410
410
411
410
411
409
410
409
409
407
407
404
403
402
402
400
401
399
399
399
400
400
401
401
401
400
400
398
399
400
400
401
402
402
403
403
405
405
408
411
418
425
433
442
449
455
460
465
468
471
470
469
466
463
459
457
452
449
445
442
437
435
430
428
424
422
417
415
412
412
408
408
406
407
405
407
405
406
405
406
405
406
404
405
404
404
403
402
401
402
400
399
398
398
397
397
397
396
396
396
396
396
395
396
395
396
398
398
398
398
401
400
402
403
407
410
418
425
434
441
448
454
460
463
466
467
468
466
465
462
460
455
451
447
445
440
437
433
430
426
423
420
419
414
412
410
409
408
407
406
406
404
404
405
405
406
405
405
404
405
404
404
403
402
400
400
399
398
396
397
396
396
394
395
393
395
394
394
395
396
396
396
396
397
397
398
397
397
399
402
403
408
412
420
427
436
443
451
457
464
467
470
471
471
471
469
466
462
459
455
452
448
443
439
434
431
428
424
421
417
415
411
410
407
407
404
405
403
404
403
404
402
403
402
403
401
402
401
401
399
399
397
397
395
396
394
395
392
392
391
392
390
391
391
391
391
392
392
393
393
394
394
394
395
396
397
398
400
401
404
406
411
417
424
432
441
449
458
462
469
472
476
477
477
473
472
468
465
460
456
453
450
445
442
436
434
429
426
422
420
416
414
410
408
406
406
406
406
405
405
404
405
403
403
401
401
401
400
400
399
398
397
397
395
396
394
393
393
393
392
392
391
392
391
393
392
394
393
394
393
394
393
394
393
394
394
397
396
399
398
401
402
407
412
421
429
439
447
455
461
468
472
476
477
478
475
474
470
466
462
458
454
450
445
442
437
432
428
424
421
417
415
413
410
408
408
406
407
405
406
405
405
403
404
403
403
401
401
399
399
398
398
397
398
396
398
397
396
396
396
395
395
395
394
394
395
394
395
394
395
395
397
396
397
398
399
400
401
402
403
403
403
404
406
409
411
417
422
430
438
446
455
464
470
476
478
481
481
480
476
475
470
467
462
458
452
448
441
438
432
429
424
421
417
414
410
409
408
407
406
406
404
405
404
405
403
403
403
403
402
403
402
402
400
400
399
398
398
398
398
397
397
396
396
395
397
397
398
398
400
400
400
399
400
400
400
400
401
401
401
400
401
401
403
405
409
414
424
432
443
451
459
464
469
471
475
474
475
473
471
468
464
460
455
449
446
441
436
431
427
424
420
417
413
411
409
408
407
408
407
407
406
406
404
406
404
404
402
402
401
402
400
398
397
396
394
394
391
391
390
390
390
391
388
389
387
388
386
386
386
386
386
388
390
391
391
394
394
395
397
400
405
412
419
428
438
448
457
464
470
474
477
477
476
472
470
465
462
456
453
446
442
437
433
428
425
419
417
412
411
406
405
403
403
402
403
401
402
400
402
400
401
399
399
399
399
398
399
398
397
396
395
394
394
393
392
391
391
391
391
391
390
390
389
390
390
390
391
393
393
395
394
395
396
398
399
406
410
418
425
435
443
453
460
467
471
475
476
476
475
474
469
466
461
459
454
451
447
442
437
433
428
425
420
418
414
411
408
406
405
403
402
402
401
400
401
401
400
401
401
399
400
399
399
398
398
396
394
392
393
390
391
389
390
388
389
387
387
386
388
387
388
387
388
389
389
390
392
392
394
395
396
397
400
405
412
418
429
437
447
456
465
471
477
480
482
482
481
479
476
472
467
463
460
455
450
446
440
435
430
426
420
418
413
411
407
406
403
404
403
403
402
403
402
403
401
402
401
401
399
399
397
397
395
395
394
394
394
393
392
391
390
389
389
388
388
389
389
391
391
390
391
392
393
394
395
396
398
398
398
398
399
399
404
407
414
420
432
441
451
459
468
473
478
480
480
478
477
472
468
463
459
453
449
442
439
433
430
425
422
418
416
411
409
407
406
405
405
404
405
405
404
404
405
404
404
404
404
404
403
403
401
399
398
397
396
396
394
393
391
391
389
390
390
390
391
392
391
393
393
394
394
396
396
398
399
400
399
399
398
400
400
404
408
415
422
432
442
452
460
468
472
475
476
477
474
472
468
466
461
455
451
446
441
437
432
428
424
420
417
413
411
409
408
404
404
403
405
404
405
403
404
403
405
403
405
404
404
402
402
400
400
397
397
395
394
394
394
393
392
389
389
388
389
389
390
389
390
390
391
389
390
390
392
393
394
395
396
397
398
400
405
414
421
431
441
451
459
467
472
477
478
480
478
476
471
468
461
457
451
447
442
437
432
428
424
421
417
415
409
407
404
403
401
401
400
401
400
401
400
400
400
400
399
399
397
398
396
395
394
392
391
390
389
388
387
386
387
386
386
385
386
385
385
384
385
384
386
385
387
386
388
389
391
391
392
392
395
396
400
407
415
424
436
445
456
464
470
474
478
479
479
477
475
469
466
461
457
451
448
442
438
432
429
425
421
418
414
410
407
405
402
402
401
402
400
400
400
400
399
400
399
400
398
400
397
397
394
394
392
391
390
390
387
387
386
386
385
385
384
385
384
386
386
387
386
388
387
388
389
390
390
392
393
393
393
395
396
398
402
407
413
422
431
440
451
460
469
474
479
480
482
480
479
473
470
464
460
453
450
444
440
434
430
425
421
417
413
409
407
404
402
401
400
399
400
399
399
398
399
398
399
398
398
398
398
396
396
396
395
394
394
393
391
389
388
387
388
387
386
387
387
387
386
388
388
390
390
391
390
392
392
394
393
396
396
398
398
401
401
404
407
414
420
430
440
450
459
468
475
481
483
485
484
484
480
477
472
467
462
456
449
445
440
436
432
429
425
421
416
413
408
405
403
401
401
400
401
401
402
402
402
402
403
402
403
402
403
401
401
399
398
395
395
394
394
391
391
389
390
388
388
387
388
388
389
388
389
389
390
391
392
391
392
391
393
393
395
395
397
396
398
403
406
413
421
429
439
449
458
467
473
479
482
485
485
485
482
480
475
471
465
461
455
451
445
442
436
432
426
423
418
416
412
410
407
406
403
404
403
403
401
402
401
401
401
402
402
402
401
401
399
399
398
396
394
393
393
392
390
390
389
388
390
390
390
389
390
389
390
390
392
393
395
395
396
396
397
397
399
399
402
402
403
403
405
407
412
416
423
430
441
450
460
468
476
481
486
488
489
488
486
482
477
471
467
462
458
452
447
440
435
430
426
422
418
415
412
411
409
407
405
406
406
407
406
407
406
407
406
408
406
406
404
404
403
402
399
399
396
395
393
394
392
393
392
393
390
392
391
391
391
393
393
394
393
395
394
396
397
397
399
401
401
402
402
403
405
408
413
421
430
440
451
459
467
473
478
480
481
480
478
475
472
466
462
455
451
444
440
434
430
425
423
418
416
411
410
407
406
403
404
403
403
402
403
402
404
404
406
405
405
404
405
404
403
401
401
400
400
398
396
396
396
395
394
394
394
394
395
395
394
394
393
394
394
394
395
397
398
399
399
401
401
403
405
410
415
425
433
444
452
461
468
474
477
480
480
480
477
474
470
466
460
456
451
447
441
436
431
427
422
420
416
412
409
407
405
404
404
404
404
404
405
404
406
405
406
404
405
403
401
399
399
397
396
393
393
392
392
390
390
388
389
389
389
388
389
388
389
388
389
389
390
390
391
391
393
393
395
395
399
402
409
417
428
437
448
457
466
472
478
480
481
480
479
476
472
470
463
458
454
450
445
440
435
430
425
421
416
414
409
408
404
404
401
401
401
401
400
401
400
400
399
401
399
399
396
397
395
394
393
392
391
389
387
388
386
385
384
384
384
384
384
385
385
385
386
387
387
388
389
390
391
391
393
393
396
395
400
402
410
418
428
438
449
458
467
473
479
482
484
482
481
477
474
469
464
458
454
448
444
439
436
430
426
421
418
414
411
407
406
403
402
401
400
399
400
399
398
398
397
396
396
396
394
393
391
391
388
388
386
385
383
382
380
381
379
380
378
380
379
381
380
382
381
382
381
382
382
384
384
386
386
388
389
390
391
393
395
401
406
415
423
435
445
455
464
472
478
482
483
485
483
480
476
471
466
461
456
450
445
439
436
430
426
422
417
413
410
407
405
402
402
400
401
399
401
400
401
400
400
398
399
396
397
395
394
392
392
390
389
387
386
385
384
382
382
381
381
380
380
381
381
380
381
381
383
382
383
384
385
386
387
389
389
390
392
394
395
397
398
402
406
413
421
432
441
453
462
473
480
486
489
491
490
489
484
481
475
470
464
459
454
450
442
438
433
429
423
421
415
412
408
406
404
404
402
402
402
402
401
401
399
398
397
396
396
396
394
394
394
393
393
390
391
388
388
387
386
384
385
383
384
382
384
382
384
384
384
384
386
386
388
387
389
388
390
390
392
391
393
394
396
396
397
399
403
407
415
423
433
443
453
461
470
476
481
484
486
486
484
481
477
473
467
463
457
453
447
443
438
435
430
427
422
419
416
414
410
409
406
405
403
404
403
404
402
403
400
401
399
400
399
399
397
397
396
396
394
393
391
390
388
388
386
387
386
386
385
386
386
387
387
387
388
389
390
391
392
393
394
394
396
395
397
398
401
400
402
401
404
407
413
419
428
436
448
457
467
474
481
485
489
