Output started
30000
527
523
521
521
520
519
517
517
515
514
512
512
511
509
508
507
506
504
505
504
505
503
504
503
504
504
503
503
503
503
504
504
505
505
505
504
504
505
505
506
506
506
506
505
506
506
507
507
508
507
507
508
510
515
517
521
526
531
538
543
549
554
558
562
564
565
565
565
564
561
559
556
555
553
551
549
548
546
544
543
541
539
536
534
530
529
527
526
522
523
523
522
522
523
521
521
519
518
516
515
512
512
510
509
507
506
504
504
502
502
501
502
501
501
500
501
500
501
500
500
499
500
501
500
500
501
500
501
501
502
502
503
503
504
504
503
503
502
504
504
505
505
506
505
507
510
513
517
521
525
532
537
545
550
557
559
563
564
567
565
565
563
562
560
558
556
554
552
551
547
546
544
542
539
538
536
533
530
528
526
525
523
522
522
521
521
520
520
518
518
516
514
512
512
509
507
505
504
502
501
500
499
498
498
497
498
496
497
496
497
496
497
495
495
495
497
496
497
497
498
497
498
499
500
501
501
501
502
501
502
502
504
505
506
506
506
506
506
506
508
510
513
517
523
529
535
543
549
556
558
561
561
562
561
559
555
553
550
549
544
544
541
540
536
535
533
532
531
529
526
525
523
523
522
522
522
522
522
523
523
523
522
521
520
519
517
515
514
513
511
509
508
508
506
506
506
505
505
505
504
504
505
504
504
504
505
504
505
504
505
504
505
504
507
506
507
506
506
506
506
505
506
507
508
509
509
508
508
506
507
508
511
515
519
525
532
538
545
550
556
558
560
562
562
560
559
556
553
550
547
546
542
539
538
535
533
532
530
529
526
525
523
522
522
522
521
522
521
521
521
522
519
519
518
518
516
515
513
513
511
511
509
508
506
506
504
504
503
503
502
503
502
503
502
502
502
503
503
504
504
505
504
504
505
506
506
505
506
506
507
508
509
509
508
508
508
507
508
508
512
515
521
527
534
540
547
551
557
559
561
561
560
558
556
552
549
546
545
543
542
539
537
534
534
532
531
530
527
524
522
520
518
518
519
519
519
519
518
517
516
517
516
516
514
513
511
510
508
507
505
505
503
503
502
502
501
502
501
501
500
500
499
500
500
501
501
501
501
502
501
503
503
504
503
503
503
504
503
506
506
507
507
507
507
507
508
510
512
516
521
526
533
540
548
554
559
562
564
564
564
562
560
557
555
553
550
547
545
542
540
538
537
534
533
531
529
526
525
521
520
518
518
518
518
517
518
517
518
515
516
514
513
511
510
508
507
505
504
503
501
501
500
499
499
499
498
497
497
497
497
496
496
497
498
499
499
499
499
500
500
501
501
503
502
503
503
503
503
503
504
505
506
508
507
508
508
510
512
515
519
524
529
537
542
550
555
560
563
565
565
565
563
562
559
557
555
553
551
549
547
545
543
541
540
538
536
534
531
529
525
523
522
520
522
520
521
520
521
519
519
518
518
517
516
513
512
510
508
506
506
504
504
502
502
500
500
497
498
496
498
497
498
497
499
499
499
500
500
500
501
501
501
502
503
502
504
504
504
504
504
503
504
504
503
504
503
505
505
505
506
507
508
511
513
517
522
529
534
541
547
553
558
563
564
567
566
567
564
563
561
560
557
556
554
553
550
548
545
544
541
540
537
534
531
529
527
526
524
523
521
521
521
521
520
519
518
517
516
514
514
511
511
509
507
505
505
503
503
502
501
500
501
500
502
500
501
500
501
499
501
500
501
500
501
500
501
501
502
502
502
502
503
503
504
505
505
506
507
507
506
506
506
507
508
509
510
509
509
510
512
515
518
523
526
532
537
545
549
555
559
562
563
565
564
564
561
559
557
555
553
552
549
548
545
543
539
540
538
536
533
530
528
527
524
523
521
521
520
521
520
520
519
517
516
515
514
513
512
510
509
508
507
505
504
502
503
500
501
500
501
500
500
500
500
500
501
500
501
500
501
500
500
499
500
501
502
502
503
503
504
503
505
504
506
506
507
507
508
508
510
510
511
511
511
510
510
510
512
514
518
523
527
532
539
545
550
554
558
559
559
558
556
555
553
550
547
545
543
541
538
536
534
534
532
531
530
528
527
525
524
524
524
525
524
524
524
524
524
524
523
523
522
522
520
519
516
516
514
514
512
512
511
510
509
509
510
510
510
510
510
510
510
511
511
511
511
511
512
511
512
511
512
512
513
511
512
512
512
512
513
514
515
515
517
516
516
515
515
513
515
515
519
523
529
534
540
546
552
556
560
561
562
561
560
557
553
551
547
545
542
540
538
537
535
533
533
532
531
529
527
526
524
524
523
524
523
523
523
523
522
524
522
522
521
521
519
518
516
516
515
514
512
512
512
512
511
511
509
509
509
510
509
510
510
510
510
511
511
511
511
511
512
512
512
512
512
513
514
514
515
516
516
516
515
513
513
513
514
515
520
524
530
536
544
550
555
558
561
561
563
562
561
558
557
553
551
548
545
543
542
540
539
538
536
535
533
530
530
528
526
524
523
524
524
523
524
523
524
523
523
522
519
518
517
516
515
514
512
512
509
509
508
507
506
506
505
505
503
504
503
504
504
504
503
505
504
505
505
507
506
507
507
507
506
507
507
509
509
510
509
511
509
510
511
513
517
521
525
531
538
544
551
556
559
560
563
563
562
561
559
556
553
550
548
546
545
542
541
539
538
536
536
534
532
529
528
525
524
522
522
521
521
520
522
520
520
519
519
517
517
514
514
512
511
509
508
506
505
505
505
504
504
503
504
503
503
504
504
504
504
505
505
505
505
506
506
508
508
509
507
508
507
509
510
511
510
511
509
510
510
512
514
518
521
527
533
540
545
553
557
562
564
565
565
565
562
561
558
557
553
552
549
548
545
543
542
540
538
536
534
531
529
526
524
523
521
521
521
521
521
521
522
522
522
519
519
517
516
514
513
510
509
506
506
503
503
501
501
500
500
499
501
500
501
500
500
500
501
500
501
501
502
502
502
501
501
501
502
502
503
503
504
504
505
507
509
512
516
520
526
532
538
544
550
555
558
562
564
565
564
564
561
561
558
556
554
554
552
550
547
544
541
540
537
535
532
530
526
524
522
522
521
521
520
520
518
518
516
516
515
513
510
508
507
504
503
500
499
498
496
496
496
494
494
494
496
494
496
496
496
496
497
496
497
497
498
498
499
498
498
499
499
499
499
499
499
500
501
501
504
507
511
515
521
526
533
540
547
553
559
561
564
564
565
565
563
560
559
557
555
552
550
548
547
544
542
540
536
534
530
527
526
522
519
518
517
516
515
515
513
513
512
512
509
509
507
506
503
503
500
499
496
496
495
494
492
493
491
492
490
490
490
491
491
491
491
492
491
492
492
494
494
495
496
495
495
496
495
495
495
495
496
497
497
497
498
499
503
506
512
517
525
531
538
545
552
556
560
562
564
563
563
561
560
556
554
551
549
547
545
543
542
539
537
534
532
529
526
522
521
518
516
515
514
512
513
512
511
510
510
509
507
506
504
502
500
499
498
496
495
493
493
491
490
490
490
491
490
491
490
492
491
492
491
493
494
494
494
494
494
495
494
496
495
496
496
497
498
498
499
502
502
503
503
504
503
506
508
512
516
521
528
534
542
548
554
557
559
560
561
560
558
555
552
549
545
542
539
536
534
531
530
527
527
523
522
519
519
518
518
517
518
518
518
517
518
517
517
516
515
513
512
511
511
508
508
506
506
504
504
502
502
502
502
502
502
501
501
500
501
502
502
502
502
502
502
502
503
504
504
505
505
505
505
507
507
509
508
508
507
507
507
507
508
511
514
520
525
533
539
546
551
556
559
562
562
563
560
558
554
552
548
545
542
540
536
534
532
531
529
528
526
525
521
521
519
519
520
520
520
519
520
519
518
518
516
516
515
514
514
512
511
508
508
506
506
505
504
504
504
503
503
501
502
501
503
503
503
501
502
503
504
504
505
505
506
506
506
505
506
506
508
508
509
508
508
508
508
507
509
512
515
520
527
535
542
548
553
557
560
562
562
561
558
557
552
549
545
542
540
539
536
535
534
532
531
530
527
526
522
521
518
518
517
517
517
517
517
517
516
516
514
514
512
511
509
508
506
505
504
502
501
500
500
500
499
498
498
497
497
498
499
498
497
497
497
497
499
497
498
498
499
498
499
499
500
501
502
501
503
502
503
503
504
505
509
511
517
522
530
537
544
549
555
557
559
559
559
557
556
553
551
548
545
543
541
539
537
536
533
532
530
529
527
524
522
520
518
517
515
517
516
517
516
517
516
516
515
515
511
512
509
508
506
506
504
503
502
501
501
500
500
501
500
500
500
501
501
501
501
502
502
503
503
504
505
506
506
505
506
505
506
507
508
507
508
508
508
509
511
513
516
519
524
529
536
541
549
554
560
562
565
564
566
564
563
558
556
553
552
550
548
545
544
541
541
539
537
535
534
530
528
525
523
521
519
518
518
517
518
516
516
515
514
512
510
509
508
507
506
505
505
503
502
500
500
500
499
501
500
500
499
499
498
499
499
500
500
501
500
502
501
503
502
504
504
504
503
504
504
505
504
505
504
505
505
507
507
510
513
518
522
528
534
540
546
552
557
561
564
565
565
564
563
561
560
558
557
554
552
550
548
546
545
542
541
537
535
532
529
525
524
520
520
519
520
518
519
518
518
516
516
514
512
511
510
508
506
503
502
500
501
500
499
498
498
497
498
497
498
498
497
497
496
496
497
497
497
497
497
496
497
498
499
500
500
501
501
501
500
501
500
501
501
502
503
504
502
504
505
509
511
517
521
527
533
541
546
553
558
563
564
566
566
566
563
562
560
559
556
554
552
550
548
547
544
541
539
535
534
531
528
525
523
522
521
520
519
518
518
517
516
514
513
511
510
508
507
503
502
500
500
497
497
496
497
495
496
494
496
495
495
494
495
494
495
495
495
495
496
496
497
497
498
498
499
498
500
500
500
500
499
500
500
499
501
501
502
504
504
504
504
505
505
506
509
513
517
523
528
537
544
552
556
561
562
565
565
565
562
561
557
555
551
549
546
545
541
540
537
536
534
532
528
526
523
522
520
521
519
520
519
520
519
520
520
518
517
515
514
513
512
511
512
512
511
510
509
508
508
506
506
504
504
502
502
501
502
500
500
500
502
501
502
500
502
501
502
500
502
502
502
501
502
502
503
503
504
504
505
505
505
506
506
504
506
507
511
514
519
526
532
539
546
553
558
561
564
564
565
563
560
557
554
551
548
546
542
540
536
535
532
532
530
528
524
523
520
521
519
519
519
520
518
520
519
518
517
518
517
517
514
513
510
509
508
507
505
504
504
503
502
502
502
503
501
503
502
502
503
502
503
503
504
504
504
503
504
504
505
504
506
505
505
504
506
506
507
507
507
506
506
505
506
507
510
513
519
525
533
540
547
552
558
561
564
564
564
562
560
556
553
549
546
542
541
538
537
535
534
532
531
529
527
524
522
521
520
520
520
520
520
520
519
519
517
517
515
514
512
511
509
510
507
507
506
505
503
502
501
502
500
500
500
500
499
500
500
500
499
499
499
500
