Output started
30000
630
650
665
680
690
698
702
702
698
694
687
678
669
660
650
641
632
623
614
606
596
589
581
574
567
562
557
553
549
547
545
544
543
542
541
541
540
538
536
534
532
529
527
524
523
519
518
515
512
511
510
508
508
506
506
506
508
508
509
509
510
511
513
513
515
515
518
519
521
522
523
524
526
527
528
529
530
532
533
534
533
535
536
537
536
538
538
540
541
545
550
560
572
589
607
625
642
660
673
686
694
700
700
698
694
688
678
670
660
651
640
632
622
615
605
598
590
583
576
571
565
561
558
554
552
551
551
550
549
548
547
545
543
541
539
536
533
529
526
522
520
517
516
512
511
509
508
507
506
505
505
505
506
506
507
507
508
508
509
510
512
514
515
516
519
520
521
523
525
527
529
530
532
534
536
538
539
541
541
543
544
545
547
550
556
565
578
593
611
628
646
661
675
686
694
697
696
695
688
681
672
662
652
641
631
623
612
604
594
586
579
572
566
560
554
551
548
546
543
542
541
541
539
538
537
535
534
532
528
527
524
521
517
514
512
510
507
506
503
503
501
501
500
500
500
501
501
502
502
502
505
505
507
510
510
512
514
515
516
516
518
520
522
523
524
524
526
526
528
528
530
530
532
532
535
537
544
552
566
581
599
616
635
650
664
675
684
688
690
689
684
677
668
658
648
637
627
618
608
599
589
580
572
566
560
555
550
548
545
544
542
543
542
543
541
543
540
540
537
537
534
533
528
527
522
521
517
517
514
513
510
511
509
510
510
511
510
511
511
512
513
514
516
517
518
519
521
522
524
524
526
527
528
530
531
532
534
534
535
536
536
536
537
537
538
537
539
540
546
550
562
574
591
608
627
642
658
670
680
685
688
687
683
676
668
658
648
638
628
617
607
597
588
578
571
565
560
556
552
550
549
548
548
549
550
552
552
552
551
551
549
547
545
543
540
537
534
532
529
528
525
523
522
521
521
521
520
519
519
520
521
522
524
525
526
527
529
530
532
534
534
537
538
540
541
543
544
545
545
546
546
547
547
547
548
548
548
548
548
551
556
565
578
594
611
628
645
661
674
684
691
694
695
691
686
677
668
658
647
637
627
617
608
599
591
583
575
568
563
558
554
550
549
546
545
543
544
544
544
543
543
542
540
539
538
534
531
528
525
522
520
518
515
514
513
511
511
511
511
511
510
511
512
513
515
517
517
519
520
523
524
527
527
529
530
531
532
534
534
537
536
537
538
538
538
539
540
541
540
541
542
549
558
571
587
607
626
645
663
678
690
698
703
703
700
696
688
678
668
657
647
637
627
618
610
600
593
584
577
569
563
557
553
548
545
541
540
538
538
537
538
536
536
533
532
529
527
524
522
518
516
513
511
508
507
504
504
503
502
501
503
502
503
505
506
507
508
510
511
512
515
517
518
519
521
522
523
524
526
528
527
530
530
533
533
535
536
537
537
538
538
539
540
543
548
558
571
590
608
628
647
666
682
696
707
714
715
713
708
701
692
682
672
661
651
642
632
624
615
606
598
589
581
573
567
561
555
551
548
544
542
540
539
538
537
536
535
533
530
527
524
521
518
515
512
509
507
504
502
500
499
497
497
496
496
497
498
498
500
501
502
503
505
507
509
510
512
513
516
518
519
519
522
523
524
526
527
527
528
529
530
531
533
534
535
536
536
537
538
539
540
542
543
549
558
572
589
609
629
650
669
687
701
712
718
721
718
715
707
699
688
679
668
659
649
640
629
622
612
604
594
587
578
571
563
559
553
550
545
542
540
538
536
535
533
532
530
527
525
521
519
516
514
510
507
503
501
499
498
496
495
493
494
493
494
494
495
495
497
497
499
499
502
502
504
505
508
508
511
512
514
514
517
518
520
521
523
523
525
526
528
530
530
531
532
533
534
534
535
538
538
539
540
542
546
553
564
579
596
616
635
656
673
691
703
714
719
720
717
712
704
696
685
675
665
655
644
636
625
616
606
598
588
581
574
568
561
555
550
547
543
542
539
538
536
537
535
534
532
529
527
524
521
516
515
510
508
507
504
501
499
498
497
495
495
496
496
496
497
497
499
500
501
501
503
504
506
507
509
511
512
513
516
517
519
520
523
523
525
526
527
527
530
530
532
531
535
536
537
538
539
540
540
541
543
544
546
549
556
567
581
599
617
636
655
673
688
700
708
714
715
712
707
701
691
681
670
660
649
640
630
621
611
602
593
585
577
570
564
559
553
551
548
545
543
542
541
540
539
539
537
536
533
531
528
526
523
521
517
515
512
510
508
506
504
503
502
502
501
501
502
503
503
504
505
505
507
508
510
511
514
515
517
518
521
521
522
523
526
526
528
528
530
530
531
532
534
534
536
536
538
538
540
540
541
542
543
544
546
548
554
563
576
591
608
627
645
661
676
689
699
705
707
706
702
695
686
677
666
656
645
635
624
616
605
598
588
580
572
567
560
556
551
549
546
546
544
544
542
542
541
542
540
539
536
535
532
530
526
524
521
519
516
515
512
512
510
509
507
507
507
507
507
508
510
511
511
513
516
516
517
519
521
521
523
525
527
528
530
530
531
532
533
534
536
536
537
538
539
540
541
542
543
544
545
545
546
547
547
548
551
556
565
577
593
609
626
642
658
671
681
689
693
695
692
688
681
671
661
650
639
629
619
609
599
590
580
573
566
562
557
555
552
551
550
550
550
552
552
553
552
552
550
550
547
545
543
541
537
534
531
529
526
525
523
522
521
520
519
519
519
520
519
520
521
522
523
525
526
528
530
530
531
534
535
537
538
540
541
541
542
543
544
545
546
547
548
550
550
549
550
549
550
550
551
551
554
558
566
577
592
608
626
643
659
672
685
692
698
700
699
694
688
677
668
656
646
635
627
618
609
598
590
581
573
567
561
557
553
550
549
547
547
548
547
547
548
547
546
545
543
541
537
535
531
529
525
524
521
520
517
515
513
512
511
510
511
512
511
512
512
513
513
516
517
520
521
523
524
526
526
528
529
532
533
534
535
536
536
537
539
540
540
541
541
542
543
543
543
544
546
546
550
558
571
585
604
622
641
658
673
686
696
702
705
703
700
693
686
676
666
654
645
634
626
616
609
600
592
584
576
569
564
558
553
549
546
544
543
543
542
541
540
539
539
538
535
533
531
529
525
523
519
518
515
514
511
510
509
508
507
507
507
508
508
508
509
510
510
512
514
516
517
519
520
522
523
525
526
528
529
529
531
532
531
532
533
535
536
537
536
538
539
540
541
542
543
543
547
554
565
580
598
617
637
656
672
688
699
707
712
712
710
704
697
687
678
667
658
648
639
630
622
612
604
594
586
578
571
565
559
555
551
547
544
542
541
539
539
537
537
535
534
530
528
524
521
518
516
513
510
508
506
504
503
501
500
500
500
499
501
501
503
504
505
506
507
508
509
512
513
515
516
518
518
519
521
522
524
525
525
527
528
529
529
531
531
533
532
534
534
536
536
538
538
539
540
544
549
560
572
590
609
630
648
667
683
697
708
715
717
715
710
703
694
685
674
664
654
644
635
626
618
609
600
590
582
574
568
561
556
550
547
543
542
539
537
535
534
533
532
529
528
524
522
518
516
511
509
506
503
502
500
497
497
495
496
496
496
495
496
497
498
499
501
502
503
503
505
506
508
510
511
514
515
516
517
519
520
522
522
524
524
526
526
527
528
530
531
533
533
535
535
536
536
538
539
542
544
549
557
570
587
606
625
645
663
680
694
705
713
715
715
711
704
696
685
675
665
654
645
636
628
618
610
600
593
583
576
568
563
557
553
547
544
541
541
539
538
535
535
533
532
529
527
524
520
517
515
511
508
506
503
500
500
498
496
496
496
496
496
494
495
496
499
499
501
502
504
504
506
508
510
512
512
514
516
517
520
520
522
523
524
525
526
526
527
528
529
531
531
532
533
534
535
536
537
538
540
544
550
559
572
589
607
626
646
663
678
692
700
707
708
707
701
695
686
677
666
655
645
637
628
619
609
601
592
584
576
569
562
557
552
548
544
543
541
541
539
539
537
535
533
532
530
527
525
521
518
514
512
510
507
505
504
501
501
499
498
497
498
497
499
500
501
502
504
504
506
506
509
510
512
513
516
517
518
519
521
522
523
524
525
527
527
529
531
531
533
534
534
535
536
537
537
539
539
541
542
546
553
566
579
596
614
632
647
663
675
686
692
695
694
690
682
676
665
655
644
634
624
615
604
596
586
579
571
566
560
558
554
551
549
546
547
547
547
548
548
548
548
547
545
542
540
537
535
532
530
527
525
522
521
518
518
516
515
514
515
514
514
514
516
516
517
517
519
520
522
523
524
525
527
528
530
532
533
534
536
536
537
537
538
539
540
541
541
543
543
544
545
545
546
545
545
547
549
550
553
561
572
586
603
622
640
656
671
685
694
702
704
704
700
694
685
677
665
654
643
634
624
615
605
597
588
580
573
567
560
556
553
550
549
548
547
546
546
546
546
546
545
543
542
539
536
533
529
527
524
521
518
517
515
513
512
511
510
509
508
509
510
509
511
511
512
513
514
517
518
520
523
524
525
526
528
529
530
531
533
533
534
534
535
535
537
536
538
538
539
539
540
540
542
543
544
544
546
549
558
570
586
604
623
642
661
677
691
701
709
713
711
708
700
693
683
672
661
651
641
633
623
615
605
598
588
581
573
568
560
556
551
547
545
544
542
542
541
541
539
539
537
535
531
529
525
523
519
516
514
512
509
508
506
505
503
503
503
502
502
503
504
504
505
506
508
509
511
513
514
516
518
519
521
522
523
524
526
526
528
527
529
529
529
530
531
531
533
533
535
536
537
538
539
540
543
548
557
570
588
607
627
646
665
682
696
706
712
715
712
708
700
691
682
671
660
650
640
631
622
614
605
596
587
581
572
566
558
554
547
544
541
540
537
537
535
535
533
532
530
527
524
523
519
517
513
511
507
506
503
501
500
499
498
497
497
496
498
499
500
500
502
503
504
505
507
508
511
513
514
516
517
519
520
521
522
523
525
525
527
527
528
529
531
532
533
533
534
535
536
537
538
540
542
547
556
570
586
606
627
647
667
684
698
708
715
716
716
711
704
695
684
674
663
654
642
634
625
615
607
598
590
581
573
566
560
553
549
545
541
539
537
536
535
534
532
532
530
527
524
521
518
515
511
509
506
504
501
500
498
497
495
495
495
495
495
496
496
497
498
501
500
502
503
505
506
509
510
513
514
515
517
519
520
521
522
523
524
526
527
528
529
531
532
532
533
534
535
536
538
538
539
541
545
550
563
576
593
612
633
652
671
687
700
708
714
715
714
709
703
693
683
671
661
650
641
631
625
616
609
601
591
583
575
568
561
556
550
546
542
539
536
535
533
532
530
529
525
524
521
519
516
513
509
507
503
502
499
499
497
497
495
496
494
496
494
497
498
499
499
501
502
504
505
508
509
511
512
515
516
518
518
521
521
522
524
525
527
527
529
529
530
530
531
532
532
532
533
534
535
536
538
539
546
554
567
583
602
620
640
657
673
687
697
702
705
704
701
694
686
675
666
655
645
635
625
616
607
598
590
581
574
566
562
556
552
547
544
542
542
541
540
540
539
538
537
535
534
532
529
526
523
519
517
514
511
509
506
504
502
501
501
501
500
501
501
503
504
505
507
509
509
512
513
515
517
519
521
523
523
525
526
528
529
530
530
531
532
532
534
535
535
536
537
538
539
540
542
543
542
546
551
560
572
587
604
624
641
656
671
684
692
697
698
695
691
683
674
663
653
641
632
621
611
601
591
582
574
567
562
556
553
548
547
545
545
544
545
545
547
547
547
546
545
542
541
537
535
531
530
528
525
522
520
518
517
515
514
513
513
513
514
513
514
514
515
517
518
520
520
523
525
526
527
529
530
531
531
533
533
535
536
538
538
539
538
539
540
541
541
543
542
543
543
544
542
546
549
556
567
584
600
620
637
656
673
686
696
702
705
705
701
694
685
674
663
653
643
634
624
615
607
597
590
580
575
567
561
556
553
549
548
546
547
546
547
546
547
545
545
542
540
536
533
529
526
522
520
516
514
510
509
507
506
505
505
505
505
505
506
508
510
512
512
514
515
518
521
522
523
524
525
527
529
532
532
533
534
536
535
537
537
538
538
539
537
538
537
538
539
539
540
545
552
563
578
597
617
638
655
672
686
697
703
707
705
701
694
686
676
666
654
644
634
625
616
607
598
589
581
574
567
560
553
549
545
543
539
538
537
536
537
536
536
534
532
530
529
526
523
519
516
512
509
508
506
504
501
500
499
498
498
498
499
500
501
502
503
505
506
507
510
511
512
512
515
516
519
521
522
523
524
525
527
527
528
530
530
531
533
533
535
535
538
538
539
541
544
549
558
573
589
608
627
647
665
682
695
706
712
714
712
709
702
694
683
674
663
654
644
637
628
620
610
601
591
585
576
569
562
558
552
550
546
543
541
540
539
538
536
534
532
529
526
523
519
515
511
508
506
502
500
498
497
493
492
493
494
493
494
494
495
496
497
498
500
501
503
504
507
508
511
512
514
514
516
516
518
518
520
520
522
522
524
524
525
526
527
528
529
529
531
533
535
539
546
558
575
594
613
Loop stopped.
