Output started
30000
412
401
406
417
434
453
476
494
513
526
540
546
551
550
547
540
534
525
517
507
498
487
479
469
463
454
448
439
434
427
422
415
410
405
403
400
400
399
399
399
400
399
400
399
397
395
393
390
389
386
384
381
379
377
374
374
372
369
367
366
365
366
365
365
364
365
364
367
366
367
368
371
372
373
373
375
377
379
380
382
384
387
389
393
394
394
394
396
397
398
399
401
402
404
404
407
412
422
435
453
472
491
510
528
542
553
559
562
561
557
550
542
533
523
516
507
498
488
481
473
468
459
453
444
438
429
423
414
409
403
399
394
392
390
390
389
389
388
388
386
384
382
381
378
377
373
370
365
364
360
358
355
354
352
352
351
350
350
351
350
351
352
354
357
360
360
362
363
365
370
373
376
379
383
383
384
384
386
386
390
391
393
395
396
396
401
407
421
437
457
475
496
515
531
542
552
553
556
551
546
537
529
519
510
501
493
483
475
466
457
449
441
432
424
418
411
405
399
396
391
389
386
386
384
385
383
384
382
382
379
378
373
372
368
368
363
363
359
359
356
356
353
353
352
352
351
351
351
352
350
352
352
355
356
357
357
359
361
362
366
367
369
372
374
377
379
380
382
382
383
385
385
386
388
389
391
392
398
406
420
436
457
478
500
517
535
544
553
554
554
550
544
536
528
517
510
501
494
486
479
471
464
455
447
437
428
418
412
405
400
394
392
389
388
386
385
384
384
383
381
378
375
374
371
369
367
364
362
361
357
354
352
352
351
352
351
352
351
353
353
356
357
358
359
361
362
365
366
369
371
374
374
376
377
379
381
383
381
384
385
387
387
389
390
392
392
392
392
392
392
394
395
397
397
398
398
398
402
412
426
445
465
486
508
526
542
553
560
561
560
551
545
534
526
515
505
494
487
477
471
461
455
446
439
430
424
416
411
404
401
396
395
393
392
391
390
390
390
388
388
385
384
382
381
378
377
375
374
371
368
366
364
362
360
359
357
357
356
357
356
358
359
361
361
364
365
366
367
369
369
374
376
379
379
382
383
386
386
389
390
392
392
394
394
395
394
394
394
396
395
397
398
400
398
398
399
405
415
431
450
472
492
514
530
542
551
555
554
551
546
537
529
518
510
500
490
480
473
464
458
449
443
434
426
418
411
405
400
394
391
388
387
387
387
387
389
389
388
387
387
385
385
384
381
380
379
377
376
374
373
372
371
371
371
369
370
369
372
372
374
374
376
378
380
382
384
387
388
390
390
390
390
390
390
392
392
395
395
397
397
398
400
402
405
407
408
409
410
415
424
439
455
474
492
511
526
540
548
552
553
551
545
538
530
522
511
502
493
484
474
466
458
452
443
436
427
420
412
406
401
396
392
389
388
387
387
386
387
386
387
384
384
382
381
377
376
373
373
369
367
365
363
360
359
357
358
357
358
358
360
359
361
362
364
364
365
366
368
369
373
375
379
380
383
385
388
390
393
395
396
397
399
400
400
401
402
405
404
406
406
406
408
415
426
442
460
482
502
522
537
551
559
564
563
561
554
546
535
527
516
508
497
488
479
473
464
458
449
443
434
427
418
412
407
403
399
395
392
391
389
388
387
387
387
387
387
386
385
384
382
380
380
378
377
374
374
371
370
368
367
366
367
365
368
365
366
366
369
369
371
371
373
373
376
379
382
385
389
391
395
397
400
400
401
400
401
400
400
400
401
400
400
402
402
403
403
403
402
402
402
403
403
406
407
407
408
409
411
418
428
445
463
484
505
525
541
556
563
571
571
569
564
556
547
537
526
517
505
495
484
475
467
460
450
443
434
426
419
413
407
403
400
398
395
394
393
393
392
392
391
391
389
389
387
386
384
383
382
381
379
379
377
374
373
372
370
370
370
370
371
370
372
372
373
373
375
375
377
378
378
377
379
380
382
384
387
388
390
390
392
392
395
395
396
397
397
397
399
398
399
400
402
402
404
406
407
406
406
404
406
406
408
409
410
411
412
414
420
431
447
467
488
510
532
552
568
581
587
591
588
583
573
565
552
543
531
521
509
499
487
478
467
460
450
442
432
424
418
412
407
402
397
395
392
393
391
393
393
393
392
392
389
387
384
382
381
379
378
376
374
372
371
368
368
365
365
364
364
361
361
360
361
360
363
363
366
366
369
370
371
371
375
376
379
379
383
384
387
388
391
392
394
395
396
397
398
399
400
401
402
402
403
406
406
407
407
407
407
407
408
410
411
412
412
411
413
419
429
446
465
486
508
530
549
565
576
584
584
584
577
569
559
549
537
526
514
503
490
480
469
460
451
444
435
429
421
414
407
401
397
394
393
393
392
392
391
390
389
388
387
386
385
384
381
380
379
376
374
373
370
370
369
368
366
365
364
363
363
363
365
364
366
367
369
370
372
371
374
375
376
377
379
380
382
381
384
384
386
386
388
388
390
391
394
393
397
397
399
400
401
401
402
400
401
400
402
402
404
404
405
404
406
412
423
438
457
480
503
525
544
560
571
578
580
577
570
563
553
544
532
523
510
499
487
477
467
460
450
443
433
426
418
413
407
404
400
398
395
394
392
392
392
393
393
393
390
389
386
384
382
381
378
375
372
370
367
365
364
363
363
362
361
360
361
360
362
361
363
364
366
366
368
368
370
370
373
374
378
379
383
383
386
387
390
390
393
394
396
398
400
401
401
401
401
400
400
400
402
401
402
402
402
402
407
416
432
451
472
494
514
533
546
555
559
560
556
551
542
532
520
511
500
489
478
469
459
452
443
436
427
421
413
409
402
399
395
395
394
395
395
397
397
399
398
398
396
395
392
390
387
385
382
379
374
371
368
365
362
361
360
359
359
358
358
358
359
361
363
365
366
366
369
370
372
375
377
379
381
383
385
386
390
391
393
394
396
395
396
394
395
393
395
396
397
397
397
396
398
402
411
425
446
467
491
513
533
547
558
562
563
559
555
546
538
526
517
506
496
483
473
463
455
446
440
431
423
417
409
403
396
393
389
386
384
383
380
382
381
382
380
381
378
378
375
375
372
370
368
368
364
363
360
360
358
357
356
357
356
357
357
358
358
361
361
363
363
364
364
366
368
371
371
373
374
375
376
379
381
382
386
388
391
390
390
389
390
390
392
392
395
394
395
394
399
405
421
440
464
486
511
530
548
557
564
564
563
556
550
540
531
521
513
502
493
485
477
469
462
453
444
434
425
414
406
400
394
387
383
381
380
379
379
378
378
377
375
375
372
371
369
368
365
364
361
359
356
355
352
351
349
349
348
349
348
350
349
350
349
352
352
356
357
358
360
363
365
368
370
373
375
376
378
380
381
382
383
384
385
387
388
390
390
391
391
391
390
389
389
390
390
391
393
393
396
401
411
426
447
471
495
516
537
551
562
566
568
563
559
549
541
529
519
509
501
493
486
478
471
462
455
446
439
430
421
412
404
397
392
387
384
382
382
381
381
382
380
379
377
376
374
371
369
367
365
364
363
362
361
360
358
358
358
358
357
358
357
359
358
360
359
362
363
365
365
368
370
373
375
379
379
382
384
386
386
387
387
390
389
391
391
393
393
395
394
395
394
396
396
398
399
400
399
399
398
399
399
401
403
404
406
407
410
413
421
433
452
470
493
512
532
546
558
564
566
563
560
551
543
531
524
513
506
496
490
481
475
467
461
452
446
437
430
423
417
410
407
402
399
396
394
392
391
389
387
386
384
381
379
377
374
371
369
367
365
364
362
363
361
362
360
363
361
363
362
363
363
365
366
368
367
370
369
371
371
374
374
378
378
381
381
382
383
385
386
387
388
389
389
390
390
393
394
395
396
398
399
401
403
404
405
406
406
406
406
407
408
408
409
409
409
410
415
423
437
456
478
499
521
539
552
560
565
564
562
554
548
537
527
515
505
494
487
480
474
468
463
456
450
442
435
427
422
415
409
404
400
397
395
392
391
390
389
388
387
385
384
382
380
379
378
377
376
376
375
373
372
373
371
371
370
371
371
371
372
372
371
372
374
375
376
377
377
379
379
381
383
385
386
390
390
393
394
396
396
399
400
402
401
403
402
404
404
406
407
409
409
411
410
411
410
410
410
411
411
413
413
414
415
418
426
438
456
473
493
510
527
539
549
553
556
553
550
542
536
526
518
508
501
491
484
475
470
462
456
450
443
436
430
423
419
414
411
407
406
403
402
401
403
401
401
399
400
397
395
393
392
389
387
386
384
382
380
379
378
378
377
378
378
378
378
377
376
378
378
382
381
384
384
385
385
387
387
390
391
394
395
399
398
400
400
403
402
403
402
405
405
407
406
406
405
405
405
407
407
410
411
412
410
410
410
415
423
436
452
471
490
509
525
538
548
553
557
554
552
545
539
530
520
511
502
491
483
476
469
461
455
448
441
432
427
420
414
410
407
404
402
401
402
402
402
402
403
402
402
400
400
397
396
394
393
389
386
384
383
380
380
378
376
375
374
373
373
374
375
376
377
378
379
381
383
382
382
384
385
388
390
392
392
394
395
398
399
401
401
404
404
404
403
406
405
407
407
409
409
411
409
412
415
425
437
456
474
496
515
535
549
561
567
571
570
567
560
552
543
532
523
513
503
494
484
475
468
460
453
446
438
431
424
418
414
408
405
401
400
398
398
396
396
394
394
392
391
389
389
385
384
381
380
377
378
374
372
370
369
367
366
365
366
366
367
366
367
367
369
371
373
373
374
376
375
376
378
380
382
385
387
390
391
395
397
399
399
400
400
402
401
402
402
405
405
406
405
407
413
424
439
458
478
500
519
540
555
565
569
572
568
563
555
546
534
525
515
504
492
484
476
470
463
455
448
440
431
423
416
409
403
397
395
392
389
386
386
385
385
384
384
383
382
379
378
377
376
372
371
368
367
365
363
361
360
358
358
356
357
356
357
357
358
359
360
361
364
365
366
367
369
371
374
376
378
381
384
386
389
392
394
395
395
396
397
396
397
398
400
402
403
404
404
409
418
432
451
472
492
514
533
549
559
565
564
563
557
549
540
529
519
508
497
488
479
471
462
457
448
441
433
424
415
408
401
396
391
388
385
384
383
383
383
383
383
384
384
384
382
382
380
378
376
374
374
371
370
367
365
363
361
359
360
357
358
358
360
359
360
361
364
365
366
367
369
370
373
375
379
380
385
385
388
389
392
394
397
397
400
398
400
399
400
399
401
403
405
404
405
406
411
421
435
454
475
495
516
534
548
560
565
566
563
558
548
540
529
520
510
502
491
482
473
467
457
450
441
434
425
419
411
406
400
397
392
390
388
387
385
385
385
384
384
383
380
379
378
376
374
373
372
371
368
367
366
364
364
363
365
365
365
366
367
368
370
370
373
373
375
375
377
377
380
381
384
385
387
387
389
389
391
390
393
394
397
398
399
398
398
398
398
397
399
400
400
400
400
399
400
405
417
431
450
469
489
507
523
534
543
546
547
543
536
528
520
510
502
493
484
474
466
460
452
447
440
434
428
422
416
412
408
405
401
399
397
397
396
397
396
396
395
396
395
393
391
390
388
387
384
383
381
380
377
378
377
377
376
377
376
377
377
377
377
379
379
381
382
385
384
385
387
389
391
393
394
395
398
398
400
402
403
404
405
404
405
403
403
402
403
402
405
406
409
408
409
408
411
416
428
441
460
479
499
517
532
542
550
553
553
549
543
535
527
517
509
499
491
481
475
468
463
457
450
443
437
431
424
418
412
410
405
404
401
401
400
399
398
398
397
398
397
397
394
394
391
390
387
386
383
382
379
378
375
374
371
370
369
369
370
371
372
373
374
376
378
379
379
381
383
385
387
390
392
394
395
397
397
399
401
404
406
407
409
409
410
409
410
409
411
411
413
412
414
412
414
415
423
433
452
470
489
507
525
537
548
552
555
552
549
542
535
525
516
507
499
490
483
476
469
463
457
451
444
437
431
424
419
415
411
407
403
401
401
401
401
401
401
401
401
400
400
399
397
396
394
392
389
387
385
385
383
383
380
379
379
379
380
381
381
381
382
383
384
386
387
388
388
390
391
393
393
395
395
396
396
398
399
401
400
402
402
405
405
408
408
410
410
411
409
410
412
413
414
416
416
415
417
420
427
438
453
470
491
509
527
540
551
557
561
559
558
551
544
534
525
515
506
496
488
479
473
464
460
451
446
438
432
425
420
413
410
404
402
400
400
398
398
398
398
395
395
393
391
390
389
388
385
384
383
381
382
381
379
379
377
377
375
377
376
377
377
378
379
382
382
384
383
386
386
389
389
391
393
396
396
398
398
400
401
403
403
405
405
407
409
410
410
412
412
412
413
414
414
416
416
417
417
417
418
423
433
447
464
481
500
517
532
544
553
557
560
557
552
544
536
526
519
510
502
492
485
478
472
465
459
451
445
438
433
427
423
418
415
410
409
405
405
404
403
402
402
400
399
397
396
395
393
391
389
388
386
385
384
382
381
380
379
378
379
378
378
380
380
382
383
385
385
386
386
388
387
389
390
392
394
396
396
398
399
401
403
405
406
408
408
408
407
408
408
409
410
413
412
413
411
413
417
426
439
455
472
491
508
524
536
546
551
553
551
548
541
534
524
515
507
499
491
483
476
470
464
457
449
443
Loop stopped.
