Output started
30000
512
514
517
524
527
533
537
543
545
550
551
552
552
552
550
549
548
547
546
545
542
540
538
536
534
533
531
529
528
525
524
521
521
519
520
518
519
519
519
516
517
515
515
513
514
512
511
509
509
507
507
505
505
503
503
501
501
500
499
498
499
497
498
498
498
497
498
498
498
499
499
499
499
500
499
501
501
501
501
502
502
503
502
504
504
503
503
504
503
505
504
506
506
505
504
506
505
508
511
516
520
526
531
536
541
547
550
553
554
556
555
555
553
554
552
551
549
548
547
545
544
541
540
539
537
535
534
531
529
527
526
525
524
523
523
523
522
520
520
519
517
516
516
513
515
513
511
509
509
505
505
502
503
501
501
499
500
498
498
497
497
497
496
495
496
495
495
495
494
494
495
495
496
496
496
495
496
497
497
497
497
497
497
498
498
498
499
498
499
500
500
499
500
500
500
502
502
505
504
505
504
505
506
509
513
518
522
528
534
539
544
548
551
554
556
557
556
557
555
555
553
552
550
549
548
547
544
543
542
539
537
536
533
533
530
528
526
525
523
521
521
520
520
519
518
517
517
515
514
512
510
509
509
507
506
504
503
501
501
500
499
498
498
497
497
497
496
495
496
495
495
494
495
495
495
495
495
494
496
495
496
496
497
497
498
498
497
498
498
497
498
499
500
501
500
500
501
500
501
501
501
502
501
503
501
502
502
503
503
505
504
504
504
505
506
509
514
519
523
529
533
541
546
550
552
557
556
558
556
557
555
554
553
552
550
549
548
546
543
543
541
539
536
536
533
532
531
528
526
525
525
524
524
522
522
521
520
520
519
518
517
515
515
513
512
509
509
507
506
503
504
501
501
499
499
498
497
497
496
495
495
494
495
495
495
494
495
494
495
495
495
495
495
496
495
496
497
497
497
497
497
498
497
499
499
499
499
498
497
498
498
498
499
500
499
500
500
500
500
502
502
502
501
501
501
502
504
507
511
517
521
527
533
540
543
547
549
552
552
553
552
552
550
549
547
545
543
542
540
538
536
534
533
532
531
529
527
525
524
522
521
520
520
519
519
520
520
519
519
516
516
515
514
512
512
510
510
509
508
507
505
504
503
502
502
500
500
499
500
500
499
498
499
498
498
498
499
499
500
500
500
501
501
502
501
503
504
504
504
506
506
507
508
508
508
509
509
509
507
510
509
510
509
510
510
511
509
509
509
509
510
512
515
520
525
531
535
542
547
550
551
553
554
555
554
555
552
553
550
548
545
544
542
541
540
538
536
536
533
532
529
528
526
525
523
521
521
519
520
520
519
519
520
519
519
516
515
513
513
510
511
509
509
508
508
506
506
504
504
503
504
502
502
500
501
500
502
500
502
502
503
502
503
503
503
502
503
502
503
503
505
504
505
504
506
506
506
505
505
505
506
507
508
509
508
508
508
509
507
509
510
515
517
522
526
532
535
540
544
548
549
551
550
551
549
550
548
548
545
544
542
542
540
540
538
537
533
533
531
530
528
525
524
522
520
519
519
518
518
517
516
517
516
515
515
514
513
511
511
509
508
506
506
505
505
503
502
501
501
501
502
501
501
500
500
500
501
500
501
499
500
500
502
501
502
502
503
503
504
503
504
505
505
505
506
507
506
507
507
508
507
507
509
509
509
511
511
512
511
510
511
514
516
521
525
531
536
541
545
549
551
553
553
556
556
556
553
554
552
551
549
547
546
544
542
540
538
536
534
534
532
531
529
528
526
525
523
522
521
520
519
518
517
516
515
514
513
512
512
510
509
509
508
507
506
506
505
504
504
503
504
502
503
502
502
500
500
499
501
500
501
501
502
501
502
501
502
501
503
503
503
504
504
503
505
504
506
505
506
506
508
507
508
507
508
509
509
509
508
509
510
511
512
513
512
512
512
513
514
516
518
523
526
529
534
541
545
550
553
556
557
559
558
556
555
556
553
553
550
550
546
545
544
542
539
537
535
534
533
532
528
527
525
525
524
523
522
522
521
520
519
519
518
517
516
516
514
513
512
510
508
508
506
506
505
505
505
503
504
502
501
500
501
501
501
501
502
501
502
502
502
501
502
503
504
504
505
505
505
504
505
504
505
505
506
505
506
506
507
505
506
506
507
508
508
508
508
507
507
509
508
509
509
509
509
511
511
512
511
512
511
511
510
512
514
518
520
525
529
536
540
545
548
552
553
555
553
554
553
552
551
551
548
548
545
544
542
542
539
538
536
536
534
533
530
529
527
526
525
524
523
522
523
522
522
521
521
520
519
519
518
516
516
514
513
512
511
510
510
507
507
506
506
505
506
504
504
503
503
502
503
502
503
502
502
501
502
502
503
503
504
504
505
504
504
504
505
504
505
505
504
506
505
506
505
506
506
507
508
508
508
508
508
509
510
510
508
509
509
510
509
511
510
510
511
512
514
518
520
525
529
535
539
544
547
551
552
553
553
555
553
553
551
551
548
547
545
544
542
542
539
538
536
535
532
531
529
528
527
525
524
524
524
523
524
523
522
522
521
520
519
518
519
517
518
516
515
513
512
512
512
510
509
508
508
507
506
505
504
504
504
503
503
502
502
502
502
501
503
502
502
502
503
503
503
502
503
503
504
504
504
504
505
505
505
505
505
506
506
507
507
507
506
506
506
508
507
507
507
508
509
510
509
509
508
509
511
515
517
521
525
531
535
540
544
548
550
553
552
554
552
552
550
549
546
545
543
541
538
538
536
534
532
532
530
529
527
525
524
524
523
522
523
522
522
522
521
520
520
519
519
516
517
516
514
513
512
511
511
509
509
506
506
505
505
504
503
502
503
502
503
502
503
501
502
502
503
502
503
502
503
502
504
503
502
504
504
504
505
505
505
504
505
505
505
506
508
508
508
508
509
508
508
509
509
510
509
509
508
509
508
509
509
511
513
518
522
527
531
537
541
545
547
549
550
551
550
550
547
547
545
543
541
540
538
536
534
533
531
530
528
527
526
524
523
522
521
522
522
523
522
522
522
521
522
520
520
519
519
517
518
516
515
514
514
512
511
510
510
509
509
507
508
507
506
506
506
506
506
505
505
506
506
505
505
506
508
507
509
508
507
507
506
507
507
507
508
507
508
508
508
508
507
508
509
510
512
512
513
513
512
511
512
514
516
521
525
530
535
540
544
549
552
554
555
555
554
556
554
553
552
550
547
546
543
541
540
540
538
536
533
533
531
530
528
526
524
524
523
522
522
523
522
522
521
520
521
519
518
518
517
517
514
512
511
509
509
508
508
508
506
505
505
504
504
503
503
504
505
504
505
504
505
504
505
504
505
505
506
505
506
506
507
507
508
509
509
508
509
509
509
509
510
511
512
512
513
512
511
511
512
513
515
520
524
528
532
537
541
546
550
554
554
557
557
557
555
554
553
553
550
549
546
545
542
542
540
539
536
536
533
531
529
526
523
524
521
521
520
520
519
518
517
518
517
517
516
515
514
513
512
510
509
508
508
507
506
506
504
504
504
503
503
502
501
501
503
502
502
502
502
502
503
502
504
504
504
504
504
504
504
503
505
504
505
505
507
507
507
507
508
508
509
509
510
509
510
509
510
511
516
519
523
529
534
539
544
550
553
556
557
558
557
557
556
555
553
552
550
550
548
547
545
544
542
541
537
536
533
531
529
527
525
524
522
522
520
519
519
519
517
516
515
515
513
513
511
510
508
508
505
505
504
503
502
501
500
500
498
498
497
498
497
497
497
497
497
498
497
496
497
496
497
497
497
498
500
497
498
498
500
499
501
502
503
503
503
502
503
502
503
504
505
504
504
503
505
506
511
515
520
525
531
536
542
546
550
552
553
555
554
554
553
553
552
551
549
547
545
545
543
541
539
537
535
533
531
529
526
525
522
522
520
520
518
518
517
517
515
516
513
513
511
510
508
508
506
505
502
502
501
499
497
497
495
495
494
494
493
493
493
493
492
492
492
492
493
493
493
493
493
492
493
493
494
494
494
494
495
495
495
494
495
495
496
496
496
496
498
497
498
497
499
498
501
502
507
511
516
520
526
531
537
542
546
549
552
552
554
553
552
551
551
549
548
546
545
543
541
540
538
536
533
531
529
527
526
524
522
521
519
518
517
516
515
515
514
512
510
510
508
506
504
504
504
502
499
498
496
496
494
495
493
492
491
492
491
491
490
490
491
491
491
491
490
490
491
491
490
491
491
491
492
492
491
492
493
494
495
495
496
496
498
497
496
496
496
496
496
496
498
498
499
498
500
502
506
509
514
519
525
530
536
540
544
546
549
550
551
551
549
549
548
546
546
543
542
539
539
536
535
533
531
530
528
527
525
523
520
518
516
516
516
515
514
514
513
512
511
511
510
509
507
507
505
504
502
502
501
500
498
499
497
498
495
495
495
494
495
495
494
495
494
495
493
495
495
496
495
496
495
496
495
496
496
497
496
498
499
498
498
498
498
499
500
501
502
502
501
501
503
504
507
511
515
519
524
529
534
538
542
544
546
546
548
548
548
547
547
547
546
542
541
539
537
534
534
531
531
529
527
525
524
521
519
518
518
516
516
514
514
512
512
510
509
508
508
506
505
504
503
502
502
501
500
500
498
497
496
497
496
497
495
497
496
496
496
496
496
497
496
497
497
498
498
499
499
499
499
501
500
501
501
501
501
502
501
503
503
503
503
504
504
505
506
508
510
513
516
521
525
530
534
539
542
544
546
546
547
546
546
545
545
543
542
540
539
537
537
535
533
531
531
529
529
525
524
521
520
519
520
519
519
517
518
517
517
515
515
513
513
511
511
509
508
507
506
506
506
505
503
503
503
502
502
501
500
500
499
500
500
501
500
500
500
501
500
501
500
501
501
502
501
501
501
503
501
502
501
502
501
502
501
503
504
504
504
505
504
504
504
503
504
508
511
515
519
524
528
533
535
539
541
543
544
543
543
542
542
540
539
537
536
535
534
532
530
528
528
527
526
523
523
521
520
519
520
519
518
517
518
518
518
516
516
515
515
513
513
512
512
511
510
508
507
506
506
505
504
503
503
503
503
503
503
503
503
503
504
504
503
503
504
504
504
503
503
503
504
504
506
508
508
509
510
510
510
513
512
513
513
514
513
512
512
512
513
516
520
523
527
532
536
539
541
544
546
548
548
548
547
547
546
545
542
541
539
537
535
535
532
531
530
529
529
527
525
525
524
524
523
523
523
523
523
523
522
521
522
521
520
519
519
518
517
515
514
513
513
511
511
510
510
509
510
507
508
507
508
508
508
507
506
506
506
506
507
507
509
508
509
509
510
509
508
507
508
507
509
510
512
513
512
513
514
514
514
516
519
521
524
529
533
538
541
544
546
549
551
551
550
551
549
549
548
547
544
544
544
543
541
541
539
538
536
534
531
531
529
529
527
528
525
526
525
525
524
524
522
523
522
521
519
518
517
515
514
514
513
512
511
511
510
510
509
508
507
506
506
505
506
505
505
504
505
504
505
505
506
506
508
507
508
508
510
509
510
510
510
508
509
509
511
511
513
513
513
512
512
513
516
518
522
526
530
534
538
541
545
548
550
551
552
552
552
551
550
548
547
546
543
542
539
539
537
536
535
534
532
530
527
527
525
525
523
524
523
523
521
521
520
520
520
520
519
518
516
515
514
514
512
512
511
511
510
510
509
509
508
507
508
507
507
507
507
507
506
505
505
506
506
505
506
507
507
507
508
507
509
507
509
509
509
508
509
509
510
511
511
510
512
511
513
512
512
511
513
515
519
522
526
530
535
539
544
546
548
550
552
552
552
552
552
552
550
549
547
545
544
542
540
540
538
536
535
533
532
530
528
528
525
525
524
524
523
523
520
521
519
520
518
518
516
516
515
514
512
511
510
510
509
509
508
507
506
507
505
505
504
504
504
505
504
505
504
505
505
505
504
505
505
506
506
507
508
507
508
507
508
509
510
511
511
511
512
511
511
512
512
511
512
512
513
513
514
513
514
513
514
514
517
519
524
527
533
536
542
545
549
551
553
553
554
554
553
552
551
549
548
545
544
542
540
538
537
536
534
533
531
530
527
526
525
523
523
522
521
521
521
522
520
520
519
518
518
518
517
517
515
514
513
512
511
511
511
511
509
509
507
508
506
507
506
506
506
505
505
506
505
506
507
507
507
506
506
506
506
506
507
508
508
508
509
509
509
509
509
509
509
509
510
509
511
511
511
511
512
512
512
513
515
517
522
524
529
533
537
540
544
546
549
550
552
552
551
550
550
548
548
545
544
541
539
537
537
534
533
531
530
528
525
524
523
522
521
522
522
522
521
521
520
520
519
519
518
518
515
516
514
514
513
513
511
511
511
510
510
510
510
510
509
509
508
508
507
508
508
508
509
508
507
507
507
507
508
507
508
509
509
510
508
508
509
509
509
509
509
509
508
509
509
509
509
510
512
512
512
512
511
510
512
514
516
518
523
526
530
535
541
543
547
550
552
552
553
551
551
549
550
547
546
543
542
540
539
537
536
533
532
531
530
527
526
525
524
523
523
523
523
523
523
523
522
521
522
520
519
519
519
518
517
517
515
515
513
513
511
510
509
509
508
509
507
508
508
508
508
508
506
507
506
507
505
507
506
507
508
507
507
Loop stopped.
