Output started
30000
601
607
608
605
604
602
600
598
597
596
597
595
594
591
590
588
589
589
589
589
589
588
587
586
586
587
587
587
588
588
587
588
588
587
587
588
588
589
589
589
588
588
588
589
589
590
590
591
592
595
603
610
614
620
623
628
630
632
634
635
635
635
633
632
630
629
629
629
627
626
625
625
624
623
623
621
614
611
610
608
607
606
608
608
607
608
607
607
606
605
605
604
603
602
600
598
597
596
594
594
593
593
592
591
590
590
589
589
590
589
590
589
589
588
587
585
584
583
584
584
585
585
586
585
584
584
584
585
585
586
586
587
587
586
586
585
586
587
589
589
590
588
588
587
589
591
594
605
610
615
619
623
628
630
631
633
633
634
632
630
627
626
624
623
621
613
610
609
609
610
610
609
607
607
605
606
604
606
605
606
605
604
604
603
602
601
601
600
599
598
597
598
596
595
594
593
592
592
592
591
591
591
591
588
587
587
586
585
586
585
587
585
586
586
587
587
589
588
589
588
589
589
590
590
589
589
590
589
591
590
591
592
594
594
595
594
593
593
596
597
599
609
614
620
625
630
634
638
639
639
639
638
636
635
634
632
628
620
616
614
611
610
610
609
608
608
606
606
605
604
603
602
601
601
601
602
601
602
600
599
599
598
598
598
597
598
596
593
593
592
590
589
588
586
587
586
585
585
586
586
586
586
585
584
584
584
585
585
586
586
586
586
586
587
587
588
588
588
589
589
589
590
589
589
589
588
588
589
589
589
588
589
589
589
594
605
611
617
622
624
629
631
633
632
633
632
631
628
627
625
624
621
622
614
612
611
612
610
609
606
606
606
604
602
600
598
597
596
595
596
596
597
596
597
597
597
595
594
591
590
589
588
587
585
584
583
582
582
580
580
578
580
580
582
580
581
581
581
579
579
579
579
579
580
579
580
580
581
582
582
582
582
582
582
582
581
582
583
584
584
584
584
585
585
586
585
585
585
586
588
592
602
607
612
617
622
626
629
631
631
631
632
631
630
629
626
624
622
621
612
611
610
609
608
607
608
607
606
606
604
603
602
601
600
599
598
598
597
597
597
596
597
595
596
593
593
592
591
588
589
587
586
585
585
584
584
584
582
582
583
582
583
583
583
583
583
582
582
581
582
582
583
582
584
584
584
584
583
583
583
584
585
585
585
585
586
586
586
586
587
586
586
587
587
589
589
589
590
591
591
591
590
592
593
600
607
613
617
623
627
631
635
636
637
638
637
635
632
631
628
626
625
617
614
614
613
613
614
613
612
613
611
609
607
606
603
603
601
602
602
601
600
601
599
600
599
599
598
597
597
595
594
593
591
589
589
588
589
587
588
587
587
585
585
583
584
583
585
584
584
583
585
584
584
583
585
584
586
584
586
585
586
586
586
586
586
586
587
587
588
586
587
586
587
587
586
586
587
589
590
591
589
591
590
589
591
593
595
605
610
617
622
627
631
635
637
638
638
639
637
636
633
632
631
630
627
620
616
614
613
613
612
612
612
612
611
609
609
608
607
607
607
606
606
606
605
604
603
601
600
600
599
598
597
596
596
594
593
591
591
588
588
587
586
584
583
582
582
581
581
581
581
580
579
580
580
579
579
578
579
578
579
579
579
578
579
579
580
579
580
580
580
581
582
583
583
585
584
583
584
584
585
585
588
588
589
589
588
589
590
592
600
606
612
617
623
628
631
636
639
640
639
639
638
637
634
634
632
630
628
621
617
615
613
612
611
611
609
611
609
608
606
607
607
607
606
607
605
604
603
602
602
602
600
598
596
594
592
592
590
590
587
586
584
583
582
580
580
578
578
577
577
576
578
577
577
577
577
577
579
578
579
579
581
581
580
580
581
581
581
581
583
583
584
583
584
584
585
585
586
585
586
587
587
589
589
588
588
587
587
588
590
593
604
609
614
618
623
627
632
634
637
638
636
637
635
634
633
632
630
630
627
626
619
616
613
612
611
612
611
611
611
609
608
608
607
607
606
607
606
605
605
604
605
603
603
602
600
598
597
596
595
592
591
590
589
588
585
584
584
583
582
581
580
580
579
578
577
577
578
578
579
580
578
578
579
579
580
580
580
580
580
579
579
579
580
582
582
581
582
580
582
583
583
583
584
585
586
587
587
588
589
590
592
598
606
611
617
622
627
631
635
637
638
638
639
638
635
634
631
629
626
618
614
612
611
610
609
609
608
609
608
607
605
606
604
605
605
605
604
604
602
602
600
599
599
600
598
598
597
596
595
593
593
592
591
589
589
588
587
585
586
587
586
587
588
587
587
588
588
588
587
585
586
584
585
585
586
585
586
584
583
582
584
584
584
585
584
584
586
585
587
587
588
588
589
588
588
587
588
588
592
600
609
615
619
623
627
630
633
634
635
635
635
633
631
629
626
624
616
612
610
609
607
606
606
605
605
605
604
603
603
603
602
603
601
601
601
602
601
601
600
600
598
596
595
594
593
593
591
590
588
587
586
587
584
585
584
584
582
581
581
581
581
582
581
582
580
581
582
582
583
584
584
584
583
584
584
585
584
584
583
583
585
584
586
585
586
585
586
587
588
589
592
600
607
612
618
623
628
630
634
637
637
637
638
635
635
631
631
627
620
616
614
613
612
612
611
610
610
608
607
605
603
602
601
601
600
599
599
598
597
597
596
595
593
593
591
592
590
589
586
586
584
585
583
583
581
582
580
580
579
580
578
579
579
578
578
579
579
579
578
580
580
580
581
580
580
581
581
582
583
582
583
584
584
584
585
585
585
586
584
584
583
585
587
590
599
606
613
619
624
629
634
636
638
637
635
635
634
631
630
626
625
617
614
612
611
610
609
608
607
605
604
602
600
599
599
599
597
596
596
595
594
595
594
592
591
590
590
588
587
586
586
585
585
584
582
582
581
579
579
579
579
578
578
577
576
577
577
577
577
577
577
578
578
578
578
578
577
579
578
579
578
579
579
579
578
578
579
580
580
582
583
584
583
582
581
583
586
588
596
604
609
614
620
625
629
634
635
637
637
636
635
634
633
630
627
622
616
612
610
608
608
607
606
605
605
603
602
600
600
599
598
596
597
594
594
594
594
592
592
591
591
588
588
586
586
585
583
583
583
581
579
578
577
577
576
575
576
575
576
576
576
576
575
575
575
575
574
574
575
576
576
576
576
577
576
576
576
576
576
577
576
578
578
579
580
580
578
579
577
579
579
581
580
582
584
591
597
601
606
612
617
621
626
630
631
632
632
632
630
628
626
625
624
622
621
619
613
609
608
606
606
605
606
605
605
603
603
602
601
600
600
601
601
601
601
598
597
596
595
595
594
592
590
589
588
587
586
584
584
581
581
581
580
580
578
579
578
577
577
577
577
576
576
576
576
575
575
575
576
576
577
578
578
578
578
577
577
578
579
579
579
580
579
580
579
580
579
580
581
582
582
584
582
584
585
588
595
602
606
612
615
620
622
626
627
628
630
629
628
628
626
624
621
620
612
609
607
606
606
606
606
607
606
605
604
604
605
605
605
604
603
602
602
601
600
599
598
597
597
595
594
592
592
589
589
586
586
584
584
582
582
580
580
579
579
579
578
576
578
577
576
576
575
575
575
575
576
577
577
577
577
578
577
577
579
579
579
580
580
580
579
580
579
579
579
580
581
583
584
584
583
584
583
586
588
597
603
609
612
617
620
624
625
627
626
627
625
625
623
623
622
621
618
616
609
608
607
607
609
609
608
607
606
606
605
605
605
605
605
606
605
604
603
602
601
600
600
598
598
598
597
595
594
593
592
590
589
589
588
586
586
585
586
583
583
582
581
580
580
580
581
580
580
579
580
579
580
580
581
582
581
581
581
581
582
582
583
583
583
583
584
584
585
585
587
586
587
587
588
586
587
588
590
599
606
610
613
617
621
623
626
628
628
627
626
625
622
622
619
618
616
610
606
604
603
603
603
603
601
602
602
601
601
601
601
602
601
601
600
600
599
600
599
599
598
597
597
597
597
595
596
593
593
592
592
592
593
592
592
590
591
590
590
589
589
590
590
590
589
588
590
589
590
590
590
590
590
589
589
588
590
590
591
591
592
592
591
592
592
594
593
593
592
592
591
591
591
593
595
597
605
612
616
619
624
628
630
631
631
630
628
626
625
624
621
614
609
607
605
606
605
605
605
605
605
606
604
605
603
603
603
604
603
602
603
603
601
602
600
601
601
599
598
597
596
597
596
596
593
592
591
589
589
590
588
587
587
587
587
587
587
587
586
586
587
588
589
589
589
589
588
588
588
588
588
588
589
588
588
588
587
587
588
589
591
591
590
589
589
588
590
591
596
607
612
617
621
625
629
631
633
632
632
630
628
626
625
622
621
611
609
607
607
607
607
607
607
608
606
606
603
604
601
599
599
599
598
599
599
599
598
598
597
597
595
595
593
594
592
592
591
591
589
588
587
588
588
587
585
584
584
584
584
583
583
583
583
583
584
584
584
584
584
584
584
584
584
585
585
586
586
586
586
586
586
586
588
587
588
588
588
587
588
589
591
598
605
610
614
618
624
626
629
631
633
632
634
633
632
629
628
627
624
623
614
612
611
610
609
609
610
609
609
607
606
605
603
604
603
602
601
602
601
601
599
599
599
599
598
597
596
594
593
592
590
589
588
588
587
587
585
585
584
583
583
583
582
582
581
581
581
581
580
581
579
580
580
581
580
580
581
582
583
583
583
582
582
583
583
583
583
583
583
583
584
584
586
585
585
585
587
586
589
595
604
609
614
619
624
626
628
629
630
628
628
626
625
624
623
621
620
618
618
617
617
616
617
614
608
606
605
605
605
604
605
604
604
603
604
603
604
603
602
601
599
598
596
595
594
593
592
590
589
588
587
588
585
585
585
584
582
582
583
581
580
580
579
581
581
581
581
581
580
581
581
582
582
583
583
583
583
583
583
583
583
583
583
584
583
583
582
582
583
584
586
586
587
588
587
588
590
591
598
604
610
614
619
622
624
626
627
627
627
626
627
625
624
622
621
620
619
618
617
615
608
607
607
608
610
609
609
608
607
607
608
607
606
606
605
604
603
601
600
600
599
598
597
596
595
594
591
590
590
589
588
586
586
584
584
584
583
582
581
582
581
581
581
580
580
579
578
578
577
578
578
577
578
579
578
578
577
578
578
579
579
579
579
580
579
580
580
581
581
583
584
585
586
585
584
584
586
589
598
605
610
616
621
625
626
628
628
628
627
625
623
622
619
616
608
604
604
604
603
603
603
602
603
602
603
601
600
600
602
601
602
602
603
600
601
600
601
598
600
600
600
599
598
597
596
594
593
591
591
589
590
589
589
588
588
588
588
587
587
588
587
588
589
590
590
590
590
590
589
590
589
590
589
589
588
589
588
588
588
589
590
591
590
591
591
591
591
591
590
590
589
591
592
596
606
612
618
621
626
629
631
632
630
630
628
627
625
622
615
610
607
606
606
605
605
605
605
605
605
605
604
603
601
601
600
600
600
600
600
599
598
598
598
598
598
598
598
597
595
594
593
592
592
591
591
590
591
590
589
590
589
589
589
588
588
588
588
588
588
589
591
589
589
589
590
589
591
591
591
591
590
591
590
591
592
592
593
594
595
596
595
594
593
593
593
595
596
599
607
613
617
622
624
628
629
631
629
631
629
628
625
622
623
621
619
611
608
607
606
606
605
607
607
607
607
607
606
605
603
604
604
603
604
604
604
603
603
602
602
601
601
601
600
599
599
597
597
596
595
594
594
592
593
592
592
590
591
590
590
589
589
588
590
587
588
589
589
589
589
589
589
588
588
588
587
588
588
588
589
589
589
589
589
589
590
591
592
591
591
590
590
590
592
596
603
611
615
620
623
626
628
630
629
629
627
627
626
625
623
622
621
619
611
610
608
608
609
611
610
612
611
611
611
612
610
610
609
609
608
609
609
608
607
606
604
604
601
601
599
598
596
595
594
592
593
591
591
591
591
590
590
589
589
588
588
588
588
587
588
587
589
588
587
587
588
587
587
588
589
588
590
588
588
589
589
591
591
591
590
589
589
590
591
591
592
592
592
592
592
593
595
598
607
613
616
619
622
626
627
629
630
630
629
629
627
628
626
625
624
623
622
621
620
620
619
619
618
618
616
614
607
606
603
604
603
604
604
604
604
605
603
604
602
600
599
598
597
597
596
595
593
591
590
589
588
588
587
587
586
586
585
584
585
583
583
583
583
582
583
583
584
583
582
581
582
582
584
583
583
583
584
583
584
584
585
585
586
587
588
587
590
592
591
591
591
591
590
593
595
601
609
613
617
620
623
625
627
629
628
627
626
624
623
622
620
619
611
607
607
606
605
605
604
603
603
604
602
603
602
601
600
602
601
602
603
603
603
602
600
600
599
599
599
599
601
601
603
601
600
598
596
595
594
593
591
591
590
591
591
592
592
592
593
593
594
594
595
594
595
593
593
593
592
592
594
594
595
595
596
595
596
596
595
595
595
595
595
594
594
594
595
595
598
600
607
614
619
623
626
629
630
633
634
632
631
630
629
626
626
624
622
613
611
610
610
609
609
609
609
609
608
606
606
605
604
605
604
604
603
601
601
600
599
599
597
597
597
596
594
594
593
593
Loop stopped.
