Output started
30000
481
478
480
485
490
495
498
500
501
503
504
504
503
502
501
498
496
494
492
490
489
487
487
484
483
481
480
477
475
473
472
471
471
469
469
467
467
466
466
465
465
463
463
462
462
460
460
459
459
457
457
456
456
454
454
454
454
454
453
453
453
452
452
453
452
452
452
452
452
451
453
454
454
454
454
454
455
455
455
456
455
456
456
456
457
458
459
462
462
465
467
470
473
478
482
487
491
497
500
504
506
508
508
509
508
508
506
505
503
502
499
499
495
496
494
493
490
490
487
487
484
483
480
479
478
476
476
475
474
473
472
472
471
469
469
468
467
466
466
464
464
461
461
459
460
458
458
456
457
456
456
454
455
453
454
452
454
454
455
454
456
455
455
454
454
453
454
454
455
454
456
456
458
458
459
460
461
461
461
462
464
467
470
474
477
483
488
494
497
501
505
508
509
512
511
511
509
509
506
505
503
502
498
497
495
494
492
491
488
486
484
483
480
479
476
476
475
474
473
473
471
471
470
470
469
469
468
467
465
464
463
463
461
460
459
459
458
457
458
457
456
456
456
455
455
455
454
455
455
454
455
454
455
455
455
455
455
456
457
457
459
460
460
461
461
462
463
465
467
470
475
479
486
490
496
499
502
503
505
504
504
503
504
502
500
497
496
493
492
490
489
487
486
484
483
480
478
476
472
471
469
469
467
468
466
465
464
465
462
463
461
460
459
459
457
458
456
456
455
454
452
453
451
451
450
450
449
449
448
448
449
450
449
449
449
451
450
451
451
451
451
452
451
452
451
452
453
453
454
454
455
453
455
455
457
456
458
458
462
463
468
471
476
480
487
491
498
501
505
506
508
507
509
509
508
505
504
502
501
498
496
494
493
491
490
488
486
483
481
478
475
472
470
470
470
468
467
466
464
464
463
462
462
461
459
458
455
455
454
453
452
451
450
450
449
448
446
446
446
446
446
446
446
446
446
446
446
446
446
447
447
447
448
448
448
449
449
450
449
451
451
452
451
453
453
454
454
455
457
458
461
463
467
472
477
481
486
492
497
501
504
506
508
506
508
506
507
505
504
502
501
498
498
495
495
492
491
488
486
483
482
479
478
475
474
472
472
471
471
469
468
467
467
466
466
463
463
461
461
459
458
456
456
454
453
452
452
451
450
450
449
449
448
448
447
448
447
449
447
449
448
449
448
449
449
450
450
451
450
452
451
453
453
455
454
455
455
458
460
462
463
464
464
465
465
466
466
468
470
474
477
481
486
492
496
499
502
504
505
505
506
506
505
502
502
500
499
496
495
493
491
489
489
486
486
483
483
481
479
476
475
473
474
472
472
471
471
470
470
470
470
468
469
468
467
466
466
463
463
461
461
459
458
457
458
457
456
455
456
455
455
453
453
453
454
454
453
454
454
455
454
454
453
454
454
454
455
455
454
455
455
458
458
459
459
460
459
461
462
465
468
473
477
483
487
493
497
502
503
505
506
507
505
505
503
502
499
497
494
492
490
488
486
484
482
480
477
475
473
470
468
468
466
466
466
465
464
464
463
463
463
461
461
459
459
458
458
456
457
455
455
453
453
451
453
451
453
451
452
449
451
451
452
451
452
452
454
453
454
453
454
454
454
454
455
455
456
457
456
456
457
459
459
460
460
460
459
461
463
465
468
473
476
482
485
492
495
498
499
501
501
502
501
501
500
498
496
495
493
491
489
487
485
483
481
481
479
477
474
472
469
467
466
465
464
463
462
463
461
462
461
459
458
458
457
457
457
456
456
454
455
454
453
452
453
452
452
451
451
450
452
451
451
450
451
450
451
452
452
451
452
452
452
452
453
453
454
453
454
453
455
454
456
456
457
457
458
460
461
462
465
466
469
472
478
481
487
491
495
500
502
503
503
503
502
502
502
500
499
497
495
494
492
490
488
487
485
484
482
480
478
477
474
473
470
470
467
467
466
466
464
465
464
464
464
463
462
463
461
461
459
460
459
460
458
458
457
457
457
457
456
455
456
456
456
456
456
455
457
457
457
456
457
457
458
458
459
459
460
459
461
460
461
461
462
461
461
461
463
461
463
464
466
466
468
470
472
473
477
481
486
489
494
498
502
503
504
505
506
506
505
504
503
502
499
499
496
495
493
492
491
489
487
488
486
485
482
482
481
480
479
478
477
477
475
475
473
474
474
474
472
471
470
469
467
467
466
466
464
463
462
462
461
461
460
459
458
458
457
458
457
458
457
457
457
458
457
457
456
457
456
457
457
458
457
458
458
459
460
460
460
460
462
462
463
464
465
465
467
468
472
472
476
479
483
487
492
496
500
502
505
506
508
508
508
506
506
504
504
501
500
497
496
493
493
492
492
490
489
487
486
484
484
483
482
481
481
480
480
478
478
478
477
477
475
475
473
473
472
472
470
470
468
469
467
468
466
466
465
466
464
464
463
463
461
462
461
462
461
461
460
461
460
462
461
462
462
462
462
463
462
463
462
463
464
465
465
466
465
465
465
466
467
469
471
474
478
482
487
490
495
498
501
502
503
503
504
502
502
499
498
495
494
492
492
489
490
488
487
486
485
483
482
479
478
476
474
473
472
472
472
471
470
470
470
469
469
468
468
467
466
466
465
464
464
463
462
462
461
461
460
460
460
460
460
459
459
459
459
459
458
459
458
458
458
459
458
458
457
458
458
459
460
460
461
463
462
463
462
464
463
466
467
471
473
478
482
488
491
496
498
502
503
506
504
504
503
502
500
499
497
496
494
492
491
489
487
485
484
482
480
478
477
474
475
472
471
469
469
467
467
466
465
464
464
463
464
462
462
460
460
458
458
456
456
455
456
454
454
453
454
453
453
452
452
451
452
451
452
453
454
453
453
453
453
454
454
455
455
456
455
456
456
456
456
457
457
459
459
461
461
463
464
468
470
474
477
482
487
492
496
500
501
503
503
505
504
503
502
502
499
498
497
496
495
492
491
490
488
485
484
483
481
478
477
475
473
471
471
471
470
470
469
468
468
467
467
466
466
465
464
462
461
460
459
457
457
455
456
455
454
452
453
452
452
450
451
451
451
451
452
451
451
450
451
451
452
450
451
451
452
452
452
451
452
452
454
453
454
454
454
455
456
457
458
459
460
462
464
468
471
475
479
484
490
494
498
502
504
506
506
508
508
507
506
507
504
503
502
501
500
499
496
495
492
492
489
488
485
483
481
480
478
477
476
475
474
474
472
472
471
470
469
468
466
465
464
462
462
462
461
459
458
456
456
454
453
452
452
450
450
449
450
449
450
449
449
448
450
449
449
448
449
449
450
450
451
449
450
449
450
451
451
450
451
450
452
452
454
454
454
454
456
455
458
460
463
467
471
475
480
486
491
496
498
501
501
502
501
502
501
501
498
497
494
494
491
491
489
487
485
484
481
479
477
476
473
472
471
470
470
469
468
468
467
466
465
465
463
464
463
462
460
460
459
459
458
457
456
455
454
453
452
451
451
451
450
451
451
450
450
450
449
449
450
449
450
449
450
450
451
450
452
450
452
451
454
453
455
454
457
456
457
457
458
459
463
465
470
473
479
483
489
492
496
497
500
500
501
500
500
498
498
496
494
492
491
488
487
486
483
481
480
478
475
474
471
470
468
467
465
465
464
464
462
462
460
461
460
460
458
459
458
458
455
454
454
454
452
452
451
451
449
450
448
449
448
449
449
449
448
448
447
449
448
449
449
449
450
449
450
450
449
450
452
453
452
453
454
454
455
455
456
456
457
458
459
459
464
464
467
470
475
479
485
489
493
494
498
498
499
499
499
497
497
495
495
492
491
489
488
486
484
482
481
479
478
476
474
472
470
468
465
465
464
464
463
462
461
460
460
461
460
459
458
457
456
456
454
453
452
451
449
449
449
449
447
447
447
447
445
446
446
448
446
448
448
450
450
450
449
450
450
451
450
451
451
453
452
453
452
453
453
453
454
455
454
455
457
458
458
459
460
461
461
462
463
465
467
470
474
477
482
485
491
494
499
500
503
503
504
503
504
503
504
501
502
500
500
498
498
495
495
493
493
491
490
487
486
483
481
480
479
477
476
474
474
473
471
471
470
468
468
467
465
464
462
462
461
461
459
459
457
456
455
454
451
452
450
450
448
449
447
448
446
448
447
447
447
447
446
447
446
447
445
446
445
448
448
449
448
450
450
453
455
458
460
463
466
471
475
480
484
486
488
489
490
491
492
492
493
491
490
489
490
489
489
488
488
485
484
482
482
480
481
479
478
477
476
475
475
474
475
474
473
473
472
471
471
468
467
466
465
464
463
462
462
460
460
458
458
456
456
455
455
454
455
453
454
453
452
452
453
453
453
453
454
454
454
454
454
455
455
456
456
456
455
456
456
457
457
457
457
459
459
460
462
465
466
469
471
475
478
483
485
489
492
495
496
498
499
499
498
498
498
498
497
497
496
495
493
493
491
490
489
488
487
487
485
484
483
481
481
478
478
477
477
474
475
472
472
470
470
469
469
466
465
462
463
461
462
459
460
458
459
457
458
457
456
455
455
455
454
453
454
452
453
452
451
450
451
451
451
451
452
453
454
454
453
454
453
453
454
455
455
455
456
457
457
458
458
461
460
461
460
461
462
465
467
470
472
476
479
483
487
491
494
496
497
498
498
498
498
497
496
495
493
492
490
488
486
485
484
483
482
482
481
481
479
479
479
478
478
477
477
477
476
476
475
476
474
473
472
471
471
470
470
468
468
467
466
465
465
464
465
464
464
463
464
463
464
463
463
462
463
462
464
463
464
463
464
464
464
464
465
465
466
465
466
466
466
466
466
465
467
467
468
467
468
468
469
469
471
474
476
481
484
489
492
496
498
499
499
502
501
502
501
502
500
500
498
498
495
494
492
491
488
488
486
486
484
484
481
480
477
477
475
475
475
475
475
475
474
474
473
473
472
472
471
471
470
468
467
467
466
464
464
462
463
462
462
461
461
460
460
460
460
460
461
460
461
459
460
459
461
459
459
458
459
459
459
458
460
458
458
458
460
459
460
460
461
460
462
463
466
468
471
475
480
484
488
491
495
497
499
500
500
500
499
498
497
497
495
494
493
492
490
489
487
486
484
484
482
481
478
477
474
474
472
472
470
470
468
468
466
467
465
465
463
463
462
462
460
461
459
458
457
456
454
454
453
453
452
453
451
451
451
451
451
452
453
451
451
452
453
453
453
453
453
453
454
454
454
454
455
454
455
454
455
454
456
455
457
457
458
458
461
461
463
464
468
471
475
478
483
487
493
495
499
501
502
503
504
502
502
500
499
497
496
493
493
490
489
488
487
485
483
480
479
477
475
473
472
470
469
467
467
466
464
465
464
465
464
465
463
463
461
462
460
460
459
459
457
456
454
454
453
452
451
452
451
450
450
451
451
451
451
452
451
452
451
453
453
453
452
453
452
452
452
453
453
453
453
454
455
455
455
455
456
456
458
458
460
459
460
462
464
465
468
472
476
480
485
489
494
497
500
502
504
505
506
504
504
502
502
500
499
497
497
495
494
492
491
488
487
485
484
482
482
481
480
478
478
477
477
477
475
474
474
474
474
473
472
472
470
469
467
465
463
463
462
462
460
460
458
458
456
456
455
455
453
454
453
453
452
453
451
452
451
452
452
453
451
452
451
452
452
453
453
453
453
453
452
453
453
454
454
454
454
454
454
454
455
457
458
457
459
461
463
465
469
470
475
479
484
489
495
497
500
502
505
504
505
504
504
501
502
500
500
498
498
496
495
493
493
492
490
489
488
487
485
483
483
481
481
480
479
477
476
475
473
471
470
469
467
466
465
464
462
461
459
458
457
457
455
454
452
453
450
452
450
449
447
448
447
447
446
446
447
447
447
448
447
447
447
449
448
449
449
450
450
450
450
450
450
452
451
452
452
452
450
451
453
454
454
455
455
457
457
459
461
463
466
469
474
478
484
489
493
496
499
501
502
501
501
501
501
500
499
496
496
493
493
490
490
489
488
486
486
484
482
480
479
477
477
477
477
475
474
473
473
472
472
471
470
469
468
467
466
465
464
463
462
461
460
460
458
458
457
457
457
457
456
455
454
454
453
454
452
453
452
453
451
452
451
452
452
454
453
454
453
454
453
455
455
455
456
457
457
458
457
457
457
459
459
463
465
470
474
479
483
488
491
495
496
497
499
499
501
499
499
497
496
494
492
490
489
487
486
484
483
481
479
477
476
472
471
469
468
467
467
466
465
464
464
463
463
461
460
459
458
457
456
454
453
453
454
452
451
450
449
448
448
447
447
446
445
445
446
448
447
449
449
449
448
449
449
450
450
451
452
452
452
454
453
453
453
454
453
455
455
457
456
457
457
458
459
462
463
467
470
475
479
486
489
494
497
498
499
500
499
499
498
498
498
496
495
493
490
490
488
487
485
483
482
481
479
478
476
473
471
470
469
467
467
465
465
464
464
462
462
460
459
458
458
456
456
454
454
452
451
450
451
448
449
447
447
448
448
447
448
446
446
445
447
446
448
446
447
446
447
448
448
448
449
448
448
448
448
449
450
450
451
453
452
453
453
454
455
457
456
458
458
459
461
465
467
471
474
480
483
488
492
496
498
502
502
504
503
Loop stopped.
