Output started
30000
534
538
543
550
557
565
571
576
579
582
584
584
583
583
579
578
575
572
569
567
562
559
554
550
547
544
541
538
535
533
530
527
525
524
523
521
521
520
519
516
517
516
514
514
513
512
511
508
507
504
504
504
504
502
502
500
499
498
497
497
497
498
499
499
500
500
500
499
498
498
498
498
499
499
501
502
506
509
514
519
524
529
535
540
546
554
562
571
577
583
586
588
589
588
587
585
581
579
575
572
567
563
559
555
551
549
547
543
540
536
532
527
523
520
518
518
517
517
515
514
512
512
510
510
509
508
507
507
505
504
501
501
500
500
498
497
496
497
497
496
496
496
495
496
496
493
493
494
493
493
495
497
499
500
503
505
511
515
522
528
535
541
548
555
563
569
574
577
581
582
582
581
582
578
577
572
569
565
562
558
553
548
545
541
539
534
532
528
525
520
517
514
514
513
513
512
512
511
511
511
510
509
510
510
510
509
507
506
505
504
504
503
502
503
501
503
500
501
500
500
500
501
501
503
505
506
504
505
502
503
504
508
513
520
525
533
538
547
554
559
565
570
573
575
575
575
572
571
569
566
562
557
553
550
546
542
537
534
533
529
526
524
521
520
519
517
518
517
519
517
518
516
515
514
513
512
512
512
512
510
510
507
507
505
504
502
500
498
496
494
495
494
495
492
492
492
491
490
491
492
493
493
494
496
499
504
511
519
527
535
543
553
559
566
573
576
580
581
580
579
577
574
570
567
564
561
556
551
545
541
537
534
530
528
524
522
518
515
512
512
511
511
511
510
510
510
509
509
509
509
508
507
505
505
503
502
499
498
496
496
495
495
495
494
493
493
492
491
491
491
492
492
494
495
496
497
499
501
505
510
517
522
531
539
549
557
566
571
576
579
581
581
582
579
578
574
571
569
565
561
559
556
552
547
543
538
535
531
526
520
517
513
512
510
508
507
506
506
506
507
507
507
510
514
515
516
515
512
509
506
502
500
495
493
490
487
484
482
480
480
479
476
475
473
472
473
473
476
478
480
480
481
482
486
491
497
504
515
524
533
541
551
559
567
572
577
578
579
578
576
575
571
567
564
561
557
553
548
545
540
537
533
531
526
523
520
518
518
515
513
512
508
506
504
501
500
499
496
495
492
491
490
490
487
486
484
483
481
479
477
477
477
477
477
478
477
478
477
477
477
480
479
479
479
480
481
482
483
486
488
489
492
495
496
498
503
509
516
524
533
542
552
561
570
576
584
587
589
588
588
584
582
576
572
567
565
561
557
552
548
543
538
534
530
526
523
518
515
511
508
506
505
504
504
503
502
501
501
499
499
498
496
496
496
494
494
493
493
492
490
489
488
488
487
486
486
487
487
488
488
489
489
491
490
491
492
491
492
492
491
492
491
491
492
495
497
499
500
502
504
509
513
521
527
535
542
551
558
569
577
586
591
594
595
596
594
590
588
583
578
575
571
567
562
557
552
547
544
539
535
532
529
525
521
518
515
513
513
512
512
509
508
506
505
502
502
500
501
499
499
498
496
495
495
492
492
491
491
490
491
490
490
490
490
491
492
491
492
492
492
494
494
495
495
496
496
496
497
498
500
503
502
504
505
506
509
515
521
529
535
544
551
560
566
575
582
588
592
594
593
593
590
585
581
577
572
568
564
560
554
550
545
542
537
534
529
526
522
519
516
515
513
513
511
510
509
509
508
508
507
507
506
506
505
503
502
500
499
497
496
495
494
493
494
492
492
490
490
490
490
489
490
490
491
491
492
491
492
491
491
491
491
491
493
496
497
499
499
500
503
506
513
519
527
533
541
548
558
565
572
579
585
590
592
593
593
591
587
585
582
577
573
569
565
562
558
553
548
545
541
537
532
528
524
520
517
516
515
515
513
513
511
511
510
508
505
505
504
503
501
501
499
499
496
496
495
494
493
494
492
492
492
491
491
492
492
492
492
493
494
495
496
496
496
497
497
497
497
497
500
502
505
506
510
512
519
524
531
539
546
552
562
568
577
584
591
595
598
598
598
594
592
588
585
580
576
572
568
563
558
554
550
546
543
538
536
530
527
522
520
519
518
519
518
517
516
516
515
514
514
514
513
513
512
513
511
510
507
507
505
506
504
504
502
503
503
504
504
505
503
502
502
500
498
500
497
497
495
496
494
494
495
496
497
498
498
498
498
500
503
508
514
520
528
538
546
555
564
573
579
584
589
591
590
589
588
586
583
579
575
570
567
563
560
555
552
547
544
539
535
530
526
522
520
517
517
516
516
515
515
512
511
511
510
509
509
507
507
504
504
502
502
500
500
497
497
496
497
496
495
494
493
493
493
492
492
491
491
492
493
493
492
492
492
493
495
497
498
499
498
499
501
507
512
521
528
537
546
556
565
574
581
586
589
590
590
591
588
586
583
580
574
572
568
565
561
558
552
549
545
542
537
534
529
524
521
518
517
517
516
516
515
514
513
511
510
509
509
506
508
505
505
502
499
497
496
492
491
489
489
487
486
485
488
488
490
489
490
489
490
488
487
486
484
482
482
481
483
484
486
488
489
488
490
493
498
504
512
521
532
543
555
564
574
581
587
590
591
593
591
589
587
583
579
576
571
568
565
561
557
554
548
544
540
538
533
529
525
520
516
514
511
511
508
508
507
507
504
504
502
501
499
499
497
495
493
492
490
489
487
487
485
484
482
481
479
480
479
480
479
478
478
477
478
479
480
479
479
480
481
482
482
484
487
488
490
492
494
494
496
498
504
510
520
528
540
550
562
572
582
589
595
598
601
601
600
597
594
589
586
581
577
574
571
567
563
558
552
547
542
538
532
529
524
520
517
513
510
508
505
502
501
499
498
497
494
494
491
491
488
487
485
485
482
481
477
477
474
474
473
473
472
471
472
472
471
474
474
474
474
475
475
476
476
479
479
480
481
482
483
484
485
486
487
487
488
491
492
493
494
497
498
499
504
509
517
526
535
545
557
566
577
587
597
603
608
607
608
605
602
598
594
589
585
581
577
571
568
562
556
550
546
540
537
534
531
526
522
517
516
511
510
508
507
506
504
502
501
499
496
494
491
489
487
485
484
482
479
478
476
477
476
476
477
476
476
476
475
475
475
476
476
477
478
480
479
481
482
483
483
485
484
485
487
488
488
489
489
493
494
497
500
502
501
505
506
512
518
527
536
546
556
567
577
586
593
601
604
606
605
604
601
596
592
588
583
579
574
571
565
558
553
547
542
537
535
528
525
519
516
512
510
506
504
503
503
502
501
499
498
496
495
493
494
493
492
489
488
485
485
483
482
479
479
477
476
475
476
475
476
476
476
476
477
477
478
479
481
482
482
483
484
485
485
486
487
488
486
487
487
490
493
496
497
499
501
504
510
517
524
533
542
552
561
572
580
588
594
599
600
602
600
598
593
590
585
581
579
575
570
565
559
554
548
544
539
536
532
529
525
520
516
513
512
512
511
510
510
510
509
507
505
503
501
499
499
496
495
492
491
488
487
484
483
482
482
482
483
482
483
483
483
481
482
482
483
483
486
486
488
487
489
490
492
493
495
496
496
496
499
499
502
504
506
507
507
510
513
518
524
533
541
550
560
569
578
588
593
600
603
604
603
601
598
595
590
586
581
578
574
570
564
560
553
549
544
543
538
536
531
527
524
521
519
518
516
516
514
514
512
511
510
509
509
508
506
506
504
503
502
499
497
496
495
494
492
491
491
490
490
489
491
488
489
489
490
489
490
489
490
491
493
494
494
494
495
496
498
500
502
503
504
506
509
512
518
523
532
539
548
557
567
574
582
588
593
594
595
593
588
584
579
574
569
565
559
554
548
543
539
534
530
527
524
520
515
512
509
507
505
505
504
505
505
505
504
505
505
504
502
502
501
500
497
496
493
492
490
489
488
488
487
487
485
484
483
483
484
484
485
486
487
487
486
486
486
487
488
491
491
492
493
493
495
498
499
501
502
503
505
506
512
519
528
536
546
556
566
576
585
591
596
598
600
599
598
595
593
589
585
581
577
573
569
564
560
553
548
544
540
536
533
528
524
520
517
514
510
508
508
507
507
507
505
503
502
501
499
499
497
496
495
494
492
490
489
488
486
486
483
484
483
485
484
485
485
486
487
487
487
488
488
489
489
491
490
490
491
493
493
497
497
498
499
501
503
509
516
524
533
543
553
563
574
584
591
596
598
601
601
600
598
594
591
588
584
579
575
571
565
560
555
549
545
540
537
531
528
523
520
515
512
509
508
507
510
507
508
506
504
502
501
499
498
497
495
493
492
489
487
484
482
480
480
479
479
478
478
478
477
478
478
478
479
478
478
480
480
481
482
482
483
484
484
485
485
488
490
491
491
494
497
504
512
521
531
542
552
564
574
584
590
597
601
602
601
599
595
592
587
582
577
574
568
565
559
553
547
543
537
533
529
526
522
517
514
511
508
506
504
502
501
500
500
499
498
497
496
494
492
490
490
486
486
484
484
482
483
482
483
481
482
481
481
479
479
479
479
479
481
481
482
481
483
483
485
484
486
484
486
486
487
488
490
491
493
492
495
497
501
508
516
526
536
547
557
568
577
587
594
600
604
604
603
600
596
593
587
583
578
574
568
565
559
556
550
545
539
536
531
528
524
520
515
512
508
507
505
505
503
503
500
501
499
497
496
495
492
492
490
488
486
486
484
482
482
481
480
480
479
479
478
478
479
479
478
478
479
478
481
481
482
483
485
484
486
487
489
487
487
487
487
487
490
492
493
494
495
497
502
509
518
526
537
546
555
565
576
585
592
596
597
598
597
595
593
587
584
580
576
573
569
565
560
555
550
546
541
538
534
531
527
523
518
515
512
509
507
507
505
503
501
499
498
498
497
496
494
493
490
488
485
485
483
483
481
482
480
480
479
480
479
480
478
478
477
477
478
478
479
481
481
482
481
482
483
483
484
485
485
484
483
485
486
487
490
492
495
497
500
506
513
521
531
540
549
557
568
577
586
592
599
603
605
603
601
598
595
590
586
581
578
574
569
564
559
553
549
544
540
536
533
528
525
520
517
513
510
508
506
505
504
503
502
500
499
498
496
496
496
496
494
493
491
489
487
486
484
483
482
482
482
482
482
482
481
482
482
483
483
483
483
483
482
483
484
484
484
486
486
488
487
487
487
489
491
493
495
497
498
501
504
509
515
523
531
540
550
562
573
582
591
597
600
602
602
601
597
595
591
588
584
580
577
572
569
563
559
552
549
544
540
535
532
528
525
520
517
515
514
512
512
510
509
507
505
503
502
500
500
497
496
495
495
493
492
491
490
487
488
487
488
488
489
488
489
489
489
489
490
491
492
491
491
491
492
492
491
494
493
494
494
495
496
499
499
500
500
500
500
504
508
514
521
531
539
549
557
567
576
584
588
592
593
596
593
592
587
585
580
575
571
566
561
558
552
548
544
541
538
535
531
527
524
520
518
516
514
513
512
511
512
511
511
509
509
506
505
503
502
500
500
499
498
496
496
495
494
493
493
492
492
492
492
490
491
491
491
491
491
492
494
494
495
495
495
494
494
494
496
498
500
501
502
502
501
502
503
507
513
522
531
541
552
562
572
581
588
594
595
598
598
598
594
592
587
584
579
576
572
568
563
559
554
552
548
545
542
537
531
527
521
518
515
513
511
509
507
508
507
507
505
504
502
500
500
499
498
498
497
495
495
494
492
492
490
489
488
487
486
485
485
484
484
484
485
485
486
484
485
485
486
487
488
488
489
490
492
493
495
496
497
498
501
506
513
521
531
540
551
561
572
581
590
596
599
599
599
597
595
592
588
584
580
576
574
570
567
561
557
553
550
546
542
538
532
525
519
514
510
507
504
503
501
500
497
496
495
495
494
494
493
492
489
488
487
487
485
485
484
485
483
483
482
482
481
483
483
483
483
484
485
485
485
487
488
488
487
487
487
487
487
489
490
493
494
495
496
499
502
506
514
524
533
543
554
563
573
582
590
594
598
599
598
597
594
590
587
582
578
574
570
565
560
555
551
544
541
536
534
530
527
523
519
516
513
510
508
507
506
504
504
503
502
500
498
499
498
496
494
493
491
490
488
488
487
487
486
485
484
484
484
485
484
485
484
486
485
485
484
485
485
486
487
489
488
487
488
490
491
493
493
495
496
497
499
506
512
521
530
539
548
558
568
578
586
593
597
600
601
600
597
593
590
586
581
577
573
568
564
559
554
548
543
538
535
531
527
522
519
514
512
509
509
506
506
505
504
503
502
499
500
496
494
492
489
487
487
486
485
483
482
481
482
481
481
481
482
481
482
481
483
483
484
484
486
487
487
487
488
489
491
491
491
492
492
494
496
497
498
500
501
505
509
517
525
535
543
553
562
571
580
587
593
598
600
603
601
600
595
593
588
584
578
575
571
568
563
560
555
550
543
539
535
532
527
523
519
516
514
511
510
510
509
507
506
505
504
502
501
501
500
499
498
496
496
495
494
493
493
491
490
490
491
488
489
488
487
487
488
487
487
488
489
488
489
490
491
492
494
493
494
492
494
494
496
497
500
500
501
503
508
514
522
529
539
546
555
564
574
583
592
599
601
603
602
601
598
595
590
586
580
577
573
570
567
562
555
550
Loop stopped.
