Output started
30000
411
396
394
394
396
400
401
406
408
414
420
429
434
441
445
449
450
451
449
447
445
443
440
438
434
432
431
430
427
426
425
425
422
422
419
419
417
417
416
417
417
419
417
418
417
417
416
415
414
414
413
411
409
409
407
407
406
405
405
403
404
402
402
401
402
401
401
400
401
400
401
400
401
400
402
400
402
401
403
401
401
400
402
400
402
402
403
401
402
401
403
403
405
405
407
408
412
416
423
428
435
440
445
448
450
449
448
446
443
440
436
433
430
430
427
426
424
423
421
421
419
418
415
414
413
413
412
414
413
415
414
415
414
414
412
413
410
411
409
408
406
406
403
403
402
400
399
399
398
398
397
397
396
397
396
396
396
396
396
395
395
395
395
396
396
397
397
396
397
398
398
397
397
398
399
400
400
400
401
400
400
400
402
402
404
405
407
408
414
418
426
432
438
443
447
447
449
448
446
443
442
437
435
431
429
426
424
422
421
418
418
416
415
414
413
412
412
410
411
411
411
411
412
411
412
412
411
410
409
408
406
406
404
405
402
403
401
400
399
400
398
399
397
399
399
399
398
399
398
400
398
400
400
401
400
401
400
402
401
403
402
403
403
405
405
405
405
406
406
407
407
407
407
407
408
409
412
412
416
420
428
433
439
443
448
450
451
449
449
445
444
438
436
432
429
424
423
419
418
416
415
414
414
411
410
409
409
409
409
409
410
410
410
409
409
409
409
409
409
409
408
406
406
405
404
403
402
401
399
399
398
399
400
401
401
401
400
402
401
402
402
403
403
403
402
404
404
405
404
406
405
407
407
409
408
410
409
411
412
413
411
413
413
414
415
417
418
423
428
433
437
443
447
451
452
453
451
450
447
444
439
436
433
430
428
426
422
421
419
419
418
416
415
414
413
411
413
412
414
413
415
414
415
414
415
413
413
413
411
411
410
409
407
405
405
402
402
400
401
400
400
400
401
400
401
399
402
401
403
402
404
403
405
404
404
404
405
405
406
407
407
406
407
408
408
409
408
409
408
411
410
413
414
418
420
427
430
438
442
447
447
449
447
447
443
441
435
434
430
428
424
422
419
419
418
417
415
416
412
413
410
410
408
408
408
409
409
410
411
411
411
410
410
409
409
407
407
406
405
405
405
403
403
401
403
402
402
401
401
400
401
401
402
401
403
402
403
403
404
404
406
406
407
406
406
406
407
407
408
407
409
408
410
409
410
409
411
411
413
414
417
421
426
431
438
443
448
451
451
450
449
445
442
438
434
432
430
427
423
422
419
419
418
418
415
415
413
413
410
410
410
410
410
411
412
413
413
414
412
413
412
412
410
411
410
410
408
407
406
407
405
405
404
405
404
405
404
405
403
404
404
404
404
404
404
405
406
406
405
407
406
406
407
408
408
408
408
407
408
407
409
408
410
408
411
410
410
410
412
412
415
417
424
429
436
441
447
449
452
451
451
449
446
443
441
435
435
432
430
427
425
424
423
421
421
420
418
416
415
413
411
412
413
414
414
416
415
417
416
417
415
415
414
414
412
412
410
410
408
409
407
407
406
407
406
407
405
406
405
406
406
407
407
408
407
408
408
408
408
409
409
410
409
409
408
408
409
408
409
408
408
409
408
408
408
409
408
409
409
409
411
411
414
413
415
417
421
426
433
439
445
449
453
453
454
453
451
447
444
441
438
435
433
430
429
426
425
423
424
422
421
420
418
416
416
415
415
415
416
416
416
416
417
416
415
414
414
411
411
410
409
408
407
406
406
406
405
405
403
404
403
403
402
403
402
402
401
402
401
402
401
402
402
403
402
404
403
405
404
405
403
406
405
406
405
406
406
407
406
406
406
408
407
409
408
410
410
411
411
413
416
421
426
432
438
443
449
451
452
452
453
449
447
444
442
437
435
431
431
427
427
424
425
422
422
420
420
417
417
415
416
414
416
416
418
417
418
416
417
415
415
414
414
412
412
410
409
408
408
407
407
405
405
405
405
405
404
404
404
404
402
403
403
404
404
406
406
406
405
406
406
406
405
407
405
406
405
406
406
406
406
406
406
406
406
408
408
408
408
410
410
411
411
414
415
418
424
431
437
443
447
450
452
454
452
451
448
446
442
438
436
434
430
427
426
424
423
422
421
419
419
418
416
415
416
416
417
417
418
417
418
418
418
416
416
414
414
412
412
410
409
407
407
406
407
405
406
406
406
405
406
404
405
403
405
404
405
405
405
405
406
405
406
405
407
406
406
406
407
406
406
406
406
406
406
406
407
409
409
409
409
409
410
411
410
413
414
419
422
430
434
441
445
450
451
453
450
450
446
445
440
439
434
434
430
428
424
424
422
422
420
419
417
417
415
415
415
415
415
416
417
417
417
417
417
416
415
415
414
413
413
411
411
409
409
407
408
406
406
404
406
404
405
404
405
403
404
402
404
403
403
404
405
404
404
405
406
406
407
406
406
406
406
406
407
407
408
408
408
408
408
408
409
409
409
411
413
415
416
421
427
434
440
445
450
453
454
455
452
451
449
445
440
437
434
432
428
428
425
424
421
422
419
420
417
416
415
415
415
416
416
417
417
417
416
417
416
416
415
414
413
412
410
410
408
408
407
408
406
406
404
405
403
404
404
405
404
404
403
403
403
404
404
404
405
404
404
405
405
405
406
405
406
405
407
406
407
406
409
406
407
407
409
409
411
411
414
415
422
427
434
439
445
448
452
452
453
450
448
445
442
438
435
432
429
426
425
422
421
419
418
417
416
415
414
413
413
415
414
416
415
416
417
417
415
416
414
415
413
412
410
410
407
407
406
406
405
406
405
406
405
405
404
405
404
405
404
405
404
405
406
406
406
406
405
406
405
406
406
407
407
407
406
407
408
408
408
408
408
408
409
411
412
412
416
420
425
430
437
441
447
449
451
451
451
446
445
440
437
432
430
426
423
420
419
417
416
414
413
412
412
410
411
410
412
412
414
413
414
414
414
414
414
413
413
412
413
410
410
410
409
408
407
406
405
405
404
405
405
405
405
405
405
405
405
405
405
407
406
408
408
408
408
409
408
409
408
410
410
410
410
410
411
412
411
412
411
413
413
416
417
421
425
431
437
443
448
452
452
454
452
451
448
445
440
436
432
430
427
423
420
420
420
419
419
417
417
415
415
413
413
412
414
413
414
414
416
414
415
413
414
412
412
411
411
409
411
408
407
406
405
404
405
404
404
403
404
404
404
403
404
405
406
405
406
406
407
406
407
406
407
408
408
408
408
409
409
410
410
411
410
411
410
411
411
412
412
415
416
422
427
435
440
447
449
451
451
451
449
447
443
439
434
431
427
424
421
420
417
417
416
416
414
414
412
412
411
410
410
411
412
413
414
415
414
413
413
414
413
413
412
411
411
409
409
407
407
406
405
404
403
403
403
402
403
404
405
404
406
405
406
405
407
406
407
407
409
407
407
406
407
406
408
407
409
409
409
409
411
410
409
409
410
410
412
412
414
417
423
428
435
440
446
448
450
450
449
448
445
442
437
433
430
427
424
423
420
420
418
420
417
416
414
413
411
410
408
409
408
409
409
411
410
411
410
411
410
410
408
409
407
408
406
407
405
405
404
405
404
404
404
403
402
404
403
402
402
403
405
405
406
405
405
406
407
407
408
408
408
409
410
408
410
408
409
408
409
408
410
409
410
410
411
410
410
411
412
413
416
418
423
429
436
442
447
450
453
453
453
451
447
443
440
435
433
430
427
424
423
421
419
418
418
417
415
415
412
411
410
411
411
413
413
414
414
414
414
415
413
414
413
413
411
411
410
409
408
408
406
407
406
407
405
405
405
405
406
406
406
406
407
407
407
409
408
409
409
410
410
410
410
410
410
411
410
411
410
411
411
411
411
411
411
412
414
414
414
413
412
412
413
413
414
414
416
417
421
426
432
438
445
448
452
454
455
452
452
447
445
439
437
433
431
427
425
422
422
420
420
420
420
418
418
416
416
414
414
415
416
416
416
417
417
415
416
416
415
415
414
415
413
413
412
411
410
411
409
410
408
409
407
409
407
408
408
409
408
410
410
412
411
413
412
412
411
412
412
414
413
413
413
414
412
413
412
413
412
413
412
412
412
412
413
413
413
413
414
414
415
415
417
416
418
418
421
424
430
434
441
446
451
453
456
454
454
451
449
445
442
437
435
431
429
426
426
423
423
423
422
420
420
418
418
417
416
417
417
417
418
418
419
419
420
419
419
417
419
418
416
417
415
415
414
413
412
412
412
413
413
412
413
413
412
413
412
414
413
414
413
414
413
415
414
415
414
415
413
415
414
416
415
417
416
418
417
417
416
417
416
417
417
419
417
419
416
418
418
418
418
419
420
422
425
428
433
439
445
450
453
454
455
454
452
449
446
443
439
437
434
430
429
426
428
426
426
425
425
423
423
421
421
419
420
419
421
420
421
420
421
421
421
419
420
418
418
417
418
416
416
415
415
414
414
414
414
414
414
413
414
414
413
412
413
414
414
415
415
416
415
416
416
416
416
416
415
416
416
417
416
417
417
418
416
417
416
418
417
419
417
419
418
420
420
421
421
421
421
424
425
428
432
438
444
450
454
458
458
459
458
456
452
447
443
441
438
435
432
430
427
427
427
426
426
425
424
422
422
421
422
420
422
422
423
423
424
423
423
423
422
421
422
420
420
417
418
416
416
414
415
413
412
412
413
412
412
411
411
411
412
412
413
414
415
414
416
415
415
415
416
415
415
414
414
414
416
415
415
415
415
415
415
416
415
417
416
417
417
419
417
420
419
423
424
430
435
443
447
452
455
458
457
457
454
452
448
445
440
439
434
432
429
428
427
426
424
425
423
423
421
420
419
418
419
420
422
422
422
422
424
422
423
421
421
421
420
418
418
415
416
414
415
413
414
412
413
411
412
410
412
411
412
412
412
411
411
411
412
411
412
411
412
412
413
413
414
413
413
414
413
413
414
415
415
416
415
416
415
415
416
417
418
420
423
427
432
440
445
452
455
459
458
459
455
453
448
446
442
440
436
434
430
429
426
426
425
424
423
422
420
420
418
419
418
420
420
421
421
421
421
421
420
420
419
419
417
417
415
415
413
412
411
410
409
409
408
408
408
408
408
408
409
408
408
406
407
407
408
408
409
408
410
409
411
410
410
410
411
410
412
410
412
411
413
412
414
413
414
415
416
418
422
426
434
439
446
451
455
455
457
455
454
452
449
445
441
438
435
432
429
428
426
427
424
424
422
422
419
420
416
418
417
418
418
420
419
421
419
420
418
419
416
417
415
415
413
413
411
412
409
409
407
407
406
406
406
406
405
406
405
405
405
406
405
405
404
404
405
405
405
405
405
405
406
406
407
407
408
410
410
410
410
411
413
413
415
418
422
426
433
439
447
450
455
456
457
456
454
448
446
440
438
434
431
428
426
424
424
422
421
419
418
416
416
414
414
414
414
415
416
416
417
417
418
417
416
416
415
414
412
412
411
410
409
409
408
408
407
407
406
407
406
407
407
408
408
409
408
409
408
410
409
411
411
411
411
412
411
413
412
413
412
413
413
414
413
414
414
416
416
419
421
426
431
438
444
449
453
455
456
455
452
449
446
442
438
435
433
429
426
422
420
418
416
415
415
412
412
410
411
410
412
412
414
413
415
415
415
413
413
411
413
411
411
409
410
409
409
407
407
405
406
405
405
404
406
405
405
405
406
405
406
406
406
407
407
408
408
409
408
409
409
411
411
412
411
413
412
413
412
414
415
416
418
425
430
437
443
450
452
455
455
455
452
450
445
442
437
434
429
425
421
419
417
416
415
414
413
411
410
410
409
409
409
410
410
411
412
412
413
412
413
411
410
410
408
407
407
405
405
403
404
402
403
402
403
402
403
402
403
402
403
402
402
403
405
404
405
404
405
405
407
406
407
407
408
407
408
406
407
407
408
409
412
413
417
421
427
434
442
446
450
452
453
453
451
448
444
440
436
432
430
427
424
422
420
419
418
418
416
415
412
411
409
410
408
409
408
410
409
411
410
410
409
410
409
410
408
408
406
405
403
404
403
403
401
402
400
402
400
402
400
401
401
401
401
402
401
402
401
401
401
401
401
402
403
404
404
405
407
407
406
406
406
405
408
408
411
411
416
420
427
432
438
442
447
449
450
448
447
442
440
436
434
430
429
427
424
421
420
418
418
416
415
414
414
411
410
409
409
409
410
410
411
410
410
411
411
411
410
409
408
407
406
407
404
405
404
405
404
405
404
404
401
402
401
401
401
402
402
403
402
403
403
404
403
405
404
405
402
403
404
406
406
407
407
407
407
408
407
408
407
409
409
413
414
418
423
429
434
440
442
444
446
445
445
443
439
437
434
432
429
428
426
424
423
422
422
420
419
417
416
414
414
413
414
414
415
414
414
414
415
415
414
413
413
412
413
410
410
409
409
408
408
407
407
407
407
406
406
406
405
404
405
404
404
404
405
404
405
406
406
407
406
407
408
408
408
409
409
409
408
410
409
410
409
410
408
408
408
410
410
412
413
416
418
424
428
434
438
442
443
444
443
443
439
437
433
431
428
428
426
423
421
420
419
420
419
418
417
416
413
412
411
412
412
412
413
413
414
Loop stopped.
