Output started
30000
553
546
539
535
531
529
525
524
519
517
512
507
500
495
492
492
490
488
486
484
480
478
478
479
479
479
477
476
475
476
476
478
479
482
484
487
489
492
493
493
495
499
502
505
509
513
521
535
557
586
619
652
684
712
735
753
768
775
778
776
772
764
753
740
727
713
700
685
670
654
637
620
604
586
572
557
546
536
529
524
520
517
516
513
511
508
507
504
502
499
496
491
487
482
478
473
470
467
465
462
461
459
459
458
457
458
458
460
461
463
464
468
470
474
477
481
483
487
491
495
497
501
503
505
507
510
511
514
517
523
532
551
575
608
643
681
714
744
768
787
798
804
803
798
789
780
767
754
739
724
709
694
679
664
647
630
612
596
580
567
556
545
538
531
526
522
520
517
516
513
511
507
506
502
500
495
493
487
485
480
478
472
471
467
466
463
462
461
462
460
461
461
463
464
466
468
471
475
478
482
485
488
492
496
500
502
506
508
511
513
515
517
519
522
525
533
545
565
589
622
655
690
720
747
766
781
789
793
790
784
775
764
749
735
719
707
692
679
665
651
635
619
603
590
577
566
556
548
542
537
533
531
531
530
529
527
525
523
521
519
516
513
510
507
504
501
497
495
492
489
487
485
484
482
482
480
481
481
480
481
483
483
485
487
490
493
497
498
502
505
508
511
515
516
519
520
523
525
528
531
534
536
540
547
560
580
607
638
669
699
725
747
763
773
779
780
776
769
758
745
731
716
700
685
669
654
639
622
607
594
582
572
563
555
549
546
542
541
538
538
536
536
535
536
536
534
532
531
528
526
521
517
513
511
508
505
502
500
497
496
494
492
489
485
483
483
485
489
492
497
499
502
502
501
502
503
508
515
521
527
533
538
542
544
547
548
548
549
554
559
573
593
621
651
681
709
735
754
770
779
783
782
778
768
759
747
733
717
703
688
675
661
648
633
620
603
589
576
565
557
550
545
540
538
537
537
538
537
537
536
536
533
531
529
526
523
518
515
510
507
503
501
497
495
493
491
488
488
486
487
485
486
486
488
489
492
494
497
500
503
505
508
511
514
516
521
522
524
525
528
528
531
533
536
540
549
564
587
615
646
677
706
729
749
764
773
776
775
770
762
751
739
726
713
699
686
674
661
648
634
621
606
593
579
568
560
553
546
542
539
538
537
536
536
537
536
535
533
530
526
523
521
517
513
510
506
503
501
498
496
493
492
491
489
490
489
489
489
488
489
490
492
493
496
498
502
503
506
509
512
514
518
519
523
523
526
527
530
532
535
538
544
556
578
603
634
665
695
721
743
760
772
777
780
775
769
758
748
734
721
708
695
683
671
658
644
629
615
600
587
576
565
557
550
546
543
540
538
538
537
536
535
534
532
531
529
526
522
519
515
513
509
507
503
501
500
497
496
495
492
492
491
491
491
492
494
495
496
498
500
502
504
508
510
513
517
519
520
522
524
526
526
529
529
531
533
536
540
547
559
579
605
635
667
696
723
744
761
771
776
776
774
765
755
742
729
715
703
691
678
664
653
637
624
609
597
585
574
565
558
552
547
544
543
542
540
539
538
537
536
535
533
530
528
524
521
516
514
510
507
504
502
499
497
495
494
492
492
492
490
492
491
492
494
496
496
499
500
505
507
510
512
516
518
521
523
526
528
530
531
532
533
534
537
541
548
561
583
611
641
672
700
726
745
761
772
776
777
771
763
752
738
725
712
698
685
672
660
646
634
621
607
593
582
573
565
558
553
548
545
544
542
541
541
539
539
538
537
534
533
528
526
521
519
515
512
509
506
503
501
499
497
496
496
495
496
495
495
494
495
497
497
498
499
501
504
509
510
513
515
517
519
521
523
524
527
528
529
531
534
540
549
565
587
616
646
678
705
730
748
761
769
772
768
763
753
741
728
714
699
685
672
661
646
633
620
606
591
580
570
562
555
551
547
544
542
542
541
542
542
541
540
538
537
535
533
532
529
526
523
520
516
512
509
505
503
501
499
497
497
496
497
498
501
501
502
503
504
503
505
505
507
508
511
513
516
517
519
521
523
525
527
528
532
535
544
557
581
609
640
670
699
723
743
758
767
771
769
762
754
742
730
717
703
690
675
662
648
633
619
606
591
580
570
562
555
552
548
547
546
546
545
546
546
544
542
541
538
536
532
528
524
520
516
512
507
504
500
498
494
492
490
489
488
488
488
489
490
492
491
493
496
498
502
505
509
511
514
517
518
518
520
521
523
524
527
528
534
543
558
581
612
645
678
710
740
763
782
792
797
795
789
778
766
752
737
722
708
693
680
665
651
635
621
604
590
578
568
559
552
546
542
538
536
535
532
531
530
527
526
522
518
514
509
504
499
494
490
485
480
477
474
472
468
468
466
466
465
468
467
468
469
471
473
475
478
482
485
490
491
495
498
501
505
508
509
511
513
515
517
523
530
545
569
599
635
669
703
733
757
775
786
792
793
788
780
769
757
744
729
715
703
688
675
660
644
626
610
592
578
564
553
543
536
528
524
519
517
515
513
510
507
505
501
497
493
487
484
478
475
470
468
462
460
457
454
452
450
451
450
449
450
450
451
453
455
458
460
464
468
471
475
479
482
486
489
492
494
496
497
499
500
503
504
509
514
525
542
570
602
639
675
710
740
765
781
793
796
795
788
780
768
756
743
729
715
702
688
674
658
641
624
607
590
575
562
551
540
531
524
519
515
513
509
506
504
501
497
493
489
485
481
477
474
470
466
462
460
457
455
451
450
448
449
448
447
447
450
451
454
454
457
458
462
464
469
473
476
478
483
486
489
493
496
500
503
504
508
509
512
514
516
519
522
528
539
559
586
618
653
688
720
748
769
784
793
796
794
790
779
768
754
740
726
712
697
683
666
651
633
616
599
584
570
559
549
542
535
530
526
523
520
518
515
514
510
508
505
502
498
497
494
490
487
483
480
476
473
471
469
468
467
467
468
467
468
469
469
471
474
475
477
480
484
486
488
491
495
497
502
504
508
511
515
517
519
521
524
525
528
529
531
532
536
538
549
563
586
612
644
675
706
732
754
769
781
787
787
782
774
764
753
739
725
712
699
687
674
660
645
630
615
601
588
578
569
561
554
550
546
543
541
539
537
536
533
531
527
524
519
515
512
509
504
501
497
495
493
489
486
485
483
482
481
481
480
481
481
482
483
484
485
488
489
492
495
497
499
503
507
510
511
515
518
520
522
525
526
527
528
530
533
534
538
545
555
572
597
624
655
684
713
736
756
769
777
779
780
773
766
754
743
730
718
704
692
678
666
652
637
622
608
595
585
574
567
561
556
552
549
547
545
544
542
540
538
536
533
530
526
522
518
513
509
505
502
498
496
493
491
489
487
487
485
486
486
487
487
489
490
492
493
495
497
501
504
508
510
513
516
519
522
525
526
528
530
531
533
534
536
538
543
548
557
573
595
623
653
683
712
737
758
773
784
788
786
781
771
761
749
736
723
709
697
684
671
657
643
627
614
601
591
579
572
564
558
553
551
549
548
547
547
545
543
541
538
535
533
528
525
520
517
513
509
507
503
500
497
496
494
493
492
491
491
490
491
491
492
494
496
497
501
504
507
510
512
516
519
522
523
526
528
530
531
533
534
536
537
541
546
558
575
601
628
659
687
715
735
752
763
770
770
768
760
751
740
727
712
701
687
674
661
646
631
617
603
591
581
573
565
560
556
554
552
552
551
551
551
548
548
545
544
540
536
533
529
525
522
517
513
510
507
504
502
499
497
494
493
491
492
490
491
492
495
496
497
500
505
507
510
512
515
518
520
522
522
524
525
527
527
529
530
532
536
544
560
583
613
643
674
704
731
752
767
777
779
779
773
764
753
742
727
715
702
690
677
664
650
636
621
609
595
584
574
566
558
553
548
544
541
541
538
536
534
532
530
527
522
518
514
510
505
500
495
492
488
484
481
478
475
473
472
471
471
470
472
472
473
474
477
478
482
485
488
490
494
496
500
502
505
506
508
510
512
513
515
520
528
541
563
591
624
657
690
720
744
761
774
780
782
777
771
759
749
735
722
709
697
684
673
659
645
630
614
597
584
570
560
550
542
535
529
527
523
521
518
516
513
510
506
502
497
494
489
486
482
478
474
471
467
464
462
461
459
459
458
457
457
459
461
463
464
467
469
474
476
481
484
487
491
494
497
499
501
503
505
507
508
511
515
519
525
538
559
587
619
653
688
718
745
764
779
787
790
788
782
772
761
748
736
723
711
699
687
673
657
641
625
608
593
579
567
556
548
539
533
528
524
520
520
517
514
509
506
502
498
495
490
485
482
478
474
470
467
464
462
459
458
458
456
456
456
459
459
461
463
466
468
473
475
479
482
486
489
493
495
500
501
504
506
508
509
512
515
518
524
532
546
568
596
630
663
699
729
752
770
783
788
790
786
779
769
758
746
733
720
707
695
682
668
652
634
617
601
587
574
561
551
543
537
532
528
525
523
520
517
513
511
507
504
500
496
493
488
483
480
475
473
470
467
464
463
461
461
461
460
461
462
463
465
466
468
471
475
479
483
486
488
491
495
497
500
502
504
505
507
509
512
514
517
522
530
544
566
594
626
659
691
720
743
762
773
780
781
780
773
764
753
742
728
715
703
690
676
662
646
629
611
596
583
572
561
554
546
543
538
536
534
532
530
528
527
524
520
517
513
509
505
501
496
492
489
485
482
479
477
476
474
472
471
471
471
471
473
475
478
480
483
487
490
493
497
501
505
507
511
513
516
517
520
521
523
525
529
531
539
550
570
595
626
655
685
712
733
748
759
765
765
761
754
744
731
719
707
695
682
669
655
641
625
610
595
583
571
562
555
550
546
544
541
540
537
536
534
534
530
528
524
522
517
514
509
505
501
497
493
492
488
486
483
483
481
480
479
479
479
480
480
483
484
487
489
493
496
498
502
505
507
511
512
514
516
519
520
522
527
531
543
560
586
613
644
675
702
724
744
757
763
764
763
756
749
738
728
715
704
692
682
669
657
641
627
612
598
585
574
563
555
548
543
538
535
534
531
528
527
524
523
520
516
513
509
505
502
499
495
491
489
485
482
481
479
479
476
477
477
479
480
482
483
485
487
491
493
497
499
502
504
507
509
512
512
515
515
519
521
524
530
542
559
584
613
644
673
702
726
744
756
764
766
765
760
753
744
734
723
712
702
691
680
667
652
636
619
603
589
577
566
557
549
542
537
532
529
526
524
519
517
511
508
504
500
495
493
489
485
480
478
475
473
471
469
467
466
465
467
465
467
467
469
472
475
477
481
485
490
492
495
498
502
504
506
508
509
511
512
515
518
521
526
536
549
571
596
628
660
691
717
738
755
767
772
775
772
766
759
751
741
731
720
710
698
686
672
657
639
623
606
592
578
568
559
551
543
539
534
531
528
525
522
518
513
510
507
503
498
494
490
487
483
479
475
473
470
468
468
466
465
464
464
464
466
468
470
472
475
479
483
486
489
492
497
501
503
506
510
510
513
514
517
517
519
522
526
533
543
559
584
613
646
678
708
733
754
769
780
785
784
781
775
765
754
743
732
719
708
695
680
663
645
627
611
596
582
570
560
553
546
540
535
533
530
528
525
522
519
516
511
506
501
497
491
489
484
480
476
473
470
468
464
464
463
463
462
463
464
465
467
469
471
474
478
481
485
489
493
496
499
502
505
509
512
515
518
520
522
524
527
529
531
534
543
556
578
604
635
666
697
723
745
762
774
780
782
780
775
764
753
741
728
714
702
688
673
657
640
622
607
591
581
570
561
555
549
545
542
539
537
534
533
531
528
527
524
522
518
514
509
506
501
498
494
491
487
486
482
481
478
478
478
478
477
478
479
482
483
486
487
490
494
497
499
505
507
512
515
519
520
523
524
525
527
529
530
532
535
540
549
565
588
617
649
679
707
731
753
766
776
782
782
777
768
758
746
732
718
703
689
673
659
642
625
608
593
579
567
555
548
541
538
535
532
529
529
527
527
525
523
520
518
514
511
507
505
500
495
491
487
484
480
478
475
473
473
472
470
472
472
473
475
475
478
481
484
488
492
495
497
502
505
509
512
515
517
519
521
524
524
528
529
531
532
536
543
557
577
605
636
666
697
726
748
768
780
788
789
788
780
771
758
746
731
719
702
689
676
661
645
629
612
596
582
570
558
550
543
537
533
530
528
527
525
523
522
519
518
515
512
510
507
503
499
496
493
489
486
483
480
478
477
475
476
474
474
474
475
475
477
479
481
482
485
487
492
496
499
503
506
508
513
515
518
519
520
522
523
526
529
533
541
552
570
595
624
655
684
711
734
753
765
774
776
775
768
760
748
737
722
709
695
683
670
656
641
628
612
599
586
573
562
555
548
543
538
536
534
533
532
532
531
530
527
526
523
522
519
516
512
508
505
503
500
497
495
493
492
490
489
489
489
489
489
491
492
494
497
499
503
505
508
512
515
518
521
523
526
528
530
531
534
535
537
539
543
548
560
577
601
627
655
683
709
730
747
758
767
769
768
761
753
742
730
717
703
689
678
665
653
639
627
613
599
587
577
569
560
555
550
546
544
543
542
541
542
541
540
540
538
536
534
532
529
528
524
522
518
517
514
512
Loop stopped.
