Output started
30000
598
610
615
620
624
628
631
637
641
646
650
653
654
654
654
653
654
654
651
648
646
643
642
640
639
637
635
634
632
631
630
629
629
627
627
622
619
618
617
616
616
614
613
611
611
609
608
604
600
596
593
592
595
598
602
603
603
603
603
602
601
601
599
597
596
597
598
599
603
604
608
610
609
607
604
601
597
594
592
593
592
591
588
585
582
581
581
581
580
580
579
580
580
581
583
587
591
596
598
599
600
602
605
607
611
616
621
627
631
634
636
640
641
641
640
638
636
635
635
634
633
633
631
630
626
624
621
620
620
619
618
616
614
611
611
610
611
611
612
610
611
608
608
605
604
602
601
598
597
595
593
590
589
588
588
589
590
588
590
590
591
590
590
590
590
591
591
592
592
591
591
592
592
593
592
592
591
590
589
588
589
590
590
591
590
590
590
590
590
591
590
591
590
590
590
590
591
592
593
595
595
596
598
600
604
607
610
616
619
625
630
634
637
639
640
640
639
638
635
634
633
631
629
628
627
625
623
620
619
617
616
616
614
614
613
612
611
611
612
612
612
610
608
606
604
602
601
600
599
597
596
594
593
590
589
588
587
587
587
587
587
585
585
584
584
583
583
584
585
585
585
583
582
581
583
583
582
584
586
586
588
589
591
593
594
594
596
596
595
594
594
593
593
593
592
593
594
595
594
593
591
591
592
594
596
601
605
611
616
622
624
629
628
629
628
629
628
629
628
628
626
626
623
622
620
619
617
617
617
616
616
615
614
612
611
609
608
607
606
606
605
605
605
605
605
604
603
602
601
600
599
597
596
595
595
593
594
593
592
590
591
589
589
588
588
588
589
588
589
589
590
589
589
588
588
586
588
588
587
587
588
588
589
588
588
589
589
589
590
589
590
590
590
590
590
590
592
592
593
594
595
596
596
597
598
601
604
607
610
614
617
622
623
626
626
628
627
628
628
627
624
624
623
623
622
621
620
620
618
618
617
617
615
615
614
614
612
612
610
609
610
609
609
608
606
607
606
605
605
603
602
601
600
599
598
598
598
597
597
596
596
595
595
595
595
594
595
594
594
593
593
592
593
593
594
593
594
593
593
593
593
592
592
592
593
593
594
593
594
593
595
595
595
596
596
595
595
595
595
596
597
598
598
598
600
600
602
602
605
608
610
614
618
621
624
626
627
629
629
630
630
630
628
627
626
624
622
620
619
619
618
618
616
617
616
617
615
615
614
613
612
612
611
610
610
609
609
609
608
608
607
605
604
604
603
603
601
600
601
600
599
600
599
599
598
597
596
596
596
596
596
596
596
596
596
596
597
595
596
595
596
595
595
595
596
596
596
596
597
596
598
597
599
598
600
599
600
598
599
597
597
598
599
600
601
602
603
603
604
603
605
606
609
611
615
619
623
626
627
629
629
630
630
630
629
629
627
625
624
623
621
620
619
619
617
619
618
619
617
617
615
617
615
616
615
615
614
616
615
615
613
613
611
611
609
610
609
608
608
608
607
605
603
602
601
600
600
599
598
598
597
597
596
596
596
597
598
597
597
597
596
595
596
596
596
596
597
596
597
597
597
597
597
597
597
597
598
598
599
598
598
599
599
599
600
601
602
602
603
603
604
605
606
608
610
614
619
624
628
631
635
636
638
638
638
636
635
633
630
629
627
625
623
623
622
622
620
620
619
620
619
618
617
616
615
616
615
615
614
614
613
612
612
611
611
610
609
609
607
607
606
606
606
606
605
605
604
603
603
603
603
602
602
601
600
600
599
599
598
599
598
599
599
597
596
594
595
594
594
595
596
596
596
595
595
595
596
596
596
596
596
595
597
597
600
602
604
604
604
602
601
601
602
604
608
614
619
624
630
635
638
639
640
640
640
640
640
639
637
636
635
634
633
632
630
629
627
626
624
624
622
622
621
619
616
616
614
614
614
614
611
612
609
609
608
608
607
606
604
603
600
600
599
599
598
599
598
597
596
596
594
595
594
595
594
594
592
592
591
590
590
591
591
592
593
593
594
595
595
595
595
593
593
592
593
593
594
594
595
595
595
595
595
595
597
597
598
598
600
600
607
615
627
639
650
654
655
653
651
647
644
640
636
630
628
623
620
616
614
613
612
613
612
612
612
613
612
611
611
610
609
609
608
608
607
607
606
606
606
607
606
608
607
607
604
603
599
597
595
594
592
591
589
588
588
589
590
592
595
598
600
604
607
610
609
607
604
603
602
601
600
600
600
599
597
596
596
596
596
597
597
596
595
594
595
595
597
598
597
599
600
600
601
601
603
603
604
604
605
603
603
604
607
610
615
620
625
629
633
636
640
641
642
642
641
639
639
637
636
634
634
631
631
628
627
625
625
624
623
621
618
616
615
612
611
609
608
606
606
605
604
603
603
602
601
600
598
597
596
595
593
592
591
590
588
588
588
588
588
587
587
587
587
588
587
587
586
586
586
586
586
585
584
583
583
585
583
585
584
586
586
587
588
588
587
587
587
588
589
589
590
589
588
590
590
590
591
594
595
597
597
597
598
599
602
604
608
614
620
624
630
635
640
643
646
646
646
644
644
641
640
637
635
630
628
626
626
625
625
623
624
623
622
622
621
619
617
616
614
613
612
611
609
607
607
606
605
604
603
601
599
597
595
592
590
590
587
589
587
587
586
584
583
583
582
582
582
583
584
585
584
584
583
583
582
584
584
585
584
585
585
585
583
581
581
581
580
583
582
584
584
586
588
589
589
590
590
590
590
589
588
588
588
589
590
592
594
597
600
603
609
614
622
627
633
638
644
647
650
651
652
650
650
648
647
644
642
638
635
633
631
629
627
626
625
624
623
620
618
615
614
612
611
609
609
608
608
607
606
604
603
602
600
599
598
596
593
591
591
590
591
588
588
587
586
586
586
586
586
585
584
583
583
583
583
583
584
584
585
586
585
587
585
586
585
585
583
585
584
584
584
585
585
584
585
585
585
586
586
587
586
588
587
587
587
587
589
590
591
592
593
594
595
598
604
610
617
623
629
634
639
644
647
648
649
649
649
645
645
641
639
638
636
632
631
628
626
623
622
620
618
617
618
616
615
611
608
607
606
605
606
605
605
604
604
604
602
600
599
598
597
595
594
593
592
590
589
587
586
586
586
586
586
586
586
585
584
584
583
584
583
582
581
581
580
581
581
583
583
586
585
585
583
584
586
587
586
587
586
586
586
587
587
589
589
589
588
588
589
590
591
592
593
594
595
595
597
599
605
609
615
621
628
635
641
646
649
651
651
649
648
646
643
641
639
635
632
630
629
627
624
622
620
619
619
617
617
615
614
611
610
609
609
608
609
610
610
608
607
605
604
601
600
598
598
596
595
593
592
589
588
588
588
587
587
587
586
586
586
585
586
586
586
585
586
586
584
584
585
585
584
584
583
584
584
584
584
584
584
586
587
588
587
588
588
588
589
590
590
590
590
592
593
594
594
597
598
601
602
606
610
615
621
627
634
640
645
650
651
652
651
650
649
646
643
641
638
636
634
633
630
629
627
626
625
624
623
621
619
616
615
613
612
610
611
609
608
606
606
603
603
600
601
599
598
596
594
591
591
590
589
586
586
583
583
582
583
584
584
585
585
583
582
581
581
581
582
581
581
580
581
582
582
582
582
582
582
583
581
583
582
583
584
585
585
587
588
589
589
589
589
591
591
592
592
593
593
595
598
604
609
618
625
633
638
644
648
651
652
652
651
650
648
644
642
637
634
632
631
631
630
628
626
623
622
619
617
616
615
614
614
613
612
609
607
606
606
605
605
603
603
602
601
599
597
594
594
592
591
589
590
588
588
587
586
583
582
581
580
580
581
580
580
582
582
582
582
581
580
579
579
578
578
578
579
580
582
582
582
582
582
582
582
583
583
584
584
583
584
586
585
587
588
589
590
592
595
601
606
614
620
629
634
641
645
649
650
651
650
648
646
643
639
635
632
630
628
628
627
627
626
624
622
621
620
619
617
615
612
609
606
605
604
604
605
605
603
601
599
598
597
596
595
593
591
589
587
585
585
584
584
583
583
582
581
579
578
577
579
578
579
579
579
577
578
578
579
579
579
577
578
577
579
580
580
581
581
580
581
581
581
582
582
581
582
583
584
585
586
588
588
590
590
591
592
594
597
602
607
613
619
627
634
642
647
652
653
655
655
655
653
651
646
644
641
639
636
637
635
634
632
630
626
625
623
621
618
618
616
615
614
612
610
607
604
603
602
601
601
601
599
597
595
591
590
588
587
586
585
584
582
580
579
578
579
578
579
579
580
579
580
578
578
578
577
576
576
575
576
575
576
576
577
576
577
578
579
581
583
585
585
586
586
585
584
584
585
585
586
586
587
587
587
587
588
589
590
592
594
598
602
609
615
623
630
638
644
649
652
654
654
654
652
650
647
646
643
641
638
636
634
632
629
627
625
624
623
621
618
617
614
613
611
611
608
607
607
606
605
604
602
602
601
599
597
595
593
591
588
586
584
583
582
582
582
581
582
581
580
580
580
580
581
581
582
580
581
579
580
580
581
582
582
584
586
588
590
592
594
594
595
594
594
593
594
593
593
591
590
589
587
587
588
588
588
589
590
589
589
589
592
596
602
608
617
624
631
637
641
645
648
649
647
646
644
642
640
638
635
632
629
628
626
625
624
623
621
621
618
617
615
613
611
609
607
606
605
605
605
605
605
605
603
602
601
599
598
597
596
595
592
590
589
588
586
586
585
587
587
587
586
584
582
581
581
581
581
581
582
583
583
583
584
583
582
581
581
580
581
581
581
580
581
580
582
581
582
583
584
583
585
583
583
582
584
585
587
587
589
589
590
591
596
601
608
615
622
630
638
645
652
656
658
658
658
657
654
653
650
648
645
642
640
639
637
635
631
628
624
622
619
618
617
616
613
611
610
608
605
603
601
600
599
597
595
595
592
592
590
589
587
585
584
583
583
582
582
580
579
578
577
575
576
577
577
577
575
575
575
575
577
577
578
576
576
576
577
578
579
579
581
582
584
585
585
585
586
586
586
585
586
587
588
587
587
587
587
587
588
588
589
589
592
595
601
607
614
620
629
636
643
648
652
654
654
654
651
648
645
642
640
637
635
633
632
629
627
625
623
621
619
617
616
614
612
611
610
609
607
606
605
604
603
601
599
598
595
594
593
591
591
590
588
588
585
583
581
580
578
579
577
577
576
578
577
578
577
577
577
577
577
577
577
577
577
577
578
578
579
577
577
578
578
580
581
582
583
583
585
584
584
583
583
583
585
585
585
585
587
586
589
593
599
606
616
624
634
641
648
651
655
656
657
655
654
651
649
646
643
639
637
635
635
634
632
631
628
626
623
620
618
616
614
611
610
608
607
606
604
603
601
600
597
597
594
594
590
588
585
584
581
581
579
578
577
576
574
573
572
572
571
571
571
570
568
570
569
569
569
570
570
571
572
572
572
573
573
573
572
571
571
571
572
573
574
574
575
574
574
573
574
574
577
577
579
578
580
582
588
593
602
610
620
630
640
647
653
657
661
661
661
659
658
654
651
647
644
640
639
638
637
635
632
630
628
624
620
617
615
612
609
607
605
604
602
601
598
597
595
593
591
589
588
586
584
582
578
576
573
572
570
570
568
568
567
566
565
565
564
564
564
565
565
565
566
566
565
566
565
565
564
566
566
566
565
565
566
568
567
567
569
572
574
574
574
575
574
573
573
573
575
576
578
580
580
581
583
587
593
601
611
620
631
640
647
653
658
661
662
661
662
659
657
655
652
649
647
645
643
640
637
634
632
629
626
623
620
617
614
610
608
605
603
601
599
598
597
595
593
591
587
585
582
580
578
577
575
572
572
569
567
564
563
563
562
562
562
562
562
563
562
563
561
561
561
563
562
562
562
563
562
563
562
564
563
564
564
564
564
565
565
566
566
567
566
567
568
569
568
570
571
571
573
574
574
575
575
576
578
583
589
597
606
616
626
634
642
648
653
657
660
661
661
659
657
654
652
648
646
642
640
638
636
633
632
629
627
622
619
615
613
609
607
605
604
602
601
598
597
594
593
589
588
585
584
582
580
578
575
573
571
569
568
567
567
565
564
563
563
562
562
562
562
561
559
557
556
556
555
554
555
555
556
557
558
561
561
562
561
562
562
563
564
565
565
566
566
567
569
570
570
571
571
572
572
574
575
576
576
577
579
583
587
592
598
606
614
622
631
639
645
652
655
656
656
655
654
652
650
647
645
641
638
636
634
633
630
626
624
621
619
617
615
613
609
607
605
604
603
601
600
599
598
596
595
593
592
589
588
585
583
579
578
576
574
574
572
571
570
569
569
568
568
568
568
569
569
568
568
566
566
567
567
567
567
567
568
568
568
569
569
569
570
570
569
571
571
571
571
572
572
572
573
575
576
577
577
578
578
579
580
581
581
582
582
586
590
596
604
611
620
629
636
641
645
648
648
649
648
647
644
642
638
636
633
631
630
627
625
622
620
619
618
616
616
613
610
608
607
605
604
603
604
602
601
599
598
597
597
594
592
590
589
586
585
582
582
581
580
578
577
575
576
576
577
576
575
576
575
575
574
573
573
573
573
574
575
576
575
575
574
575
575
575
574
575
575
577
577
Loop stopped.
