Output started
30000
363
349
351
357
369
379
392
403
416
426
437
444
451
454
456
455
455
450
445
439
434
427
423
415
410
403
397
391
386
380
376
370
367
363
360
358
357
355
354
354
354
354
355
355
355
357
355
355
354
353
352
353
352
351
348
349
347
347
345
346
343
345
342
343
342
343
342
344
344
345
345
346
346
348
349
349
348
351
352
354
356
362
369
379
388
399
411
422
432
442
448
455
458
460
460
458
454
450
444
437
432
426
422
415
410
403
398
391
387
382
379
373
370
365
364
360
361
360
361
360
361
360
361
361
362
359
360
358
358
357
357
355
355
353
352
350
349
347
347
345
345
345
345
343
345
344
343
343
344
344
344
344
345
345
347
348
349
352
351
354
356
363
369
379
388
401
410
423
432
442
448
454
457
459
458
457
452
448
441
437
429
425
417
411
404
399
392
388
383
379
373
371
368
366
363
362
361
360
361
362
362
362
361
361
362
363
362
362
362
360
360
359
359
356
356
354
354
353
354
352
353
351
352
351
352
350
353
353
354
354
355
356
357
357
359
360
362
361
362
364
369
374
382
391
401
410
422
431
440
446
451
452
453
450
448
444
438
433
428
424
418
412
405
401
394
390
384
381
376
373
369
368
366
366
364
366
365
366
365
366
365
367
367
368
366
366
364
364
363
363
361
360
357
357
355
356
355
355
355
354
354
354
353
353
353
354
353
353
353
354
356
357
358
359
359
359
362
365
372
379
390
400
410
420
431
438
446
450
453
452
452
447
445
438
434
428
424
417
414
407
402
395
391
385
381
377
373
370
368
364
364
362
362
362
362
361
362
361
363
362
362
361
360
360
358
357
357
356
355
353
351
352
350
350
348
349
348
348
347
347
346
349
347
349
348
349
349
351
351
353
352
354
353
358
362
370
378
388
397
408
418
428
435
444
448
453
453
453
450
448
442
437
432
427
422
417
411
405
400
395
390
386
383
378
375
371
370
366
364
361
361
360
361
359
360
359
360
359
359
358
358
356
356
355
354
352
353
350
350
348
349
347
347
345
346
345
346
346
346
345
347
347
347
347
347
348
350
351
351
351
353
354
358
365
374
383
393
402
412
424
434
444
449
455
458
460
459
457
452
447
440
436
429
425
419
413
406
402
396
391
385
383
377
374
369
367
363
362
360
361
360
360
360
360
359
360
358
359
358
358
357
357
356
356
354
353
351
349
348
348
347
346
347
346
347
347
348
347
349
348
349
350
351
350
351
350
352
352
354
353
355
355
359
363
371
378
387
395
407
417
428
436
445
451
455
457
457
456
453
447
442
437
431
425
421
414
409
404
400
394
390
386
382
378
374
372
369
367
367
367
366
368
367
368
367
367
365
366
364
365
363
364
361
362
358
358
356
356
353
353
351
351
348
349
348
348
347
348
347
348
347
349
348
350
350
351
352
353
353
353
354
355
355
355
356
357
361
367
375
383
394
403
415
424
434
442
449
453
457
457
458
452
449
442
439
431
427
420
416
408
404
398
394
389
385
380
378
373
371
366
365
363
362
361
363
362
363
363
363
362
362
362
362
360
360
359
358
357
357
353
353
352
351
350
349
349
349
350
349
349
348
347
348
349
348
350
349
351
350
352
352
353
353
356
354
358
358
359
360
363
366
373
381
390
399
409
419
430
438
446
452
458
459
460
458
454
449
444
438
433
427
422
415
408
403
398
393
388
384
380
377
372
370
366
367
364
365
365
366
366
367
365
366
365
366
363
365
363
364
362
362
360
359
357
357
355
355
354
353
352
352
351
351
351
351
351
351
350
352
350
351
352
353
353
353
354
355
355
357
357
358
359
360
363
369
378
385
396
405
415
424
435
442
449
452
456
456
456
451
447
441
437
430
426
419
415
408
404
397
394
388
385
381
378
373
371
368
367
366
367
367
368
367
368
367
368
367
366
365
365
364
363
363
361
361
359
358
357
356
355
354
353
353
351
351
350
350
348
350
348
349
349
351
351
352
351
354
353
355
356
357
356
358
358
360
362
367
373
381
390
400
409
419
427
437
445
451
455
458
456
455
451
447
441
436
429
424
419
412
406
401
395
391
388
383
379
375
373
369
368
366
366
365
366
365
366
365
367
365
366
365
365
363
364
363
364
362
361
359
358
357
356
355
355
353
354
353
354
353
352
352
353
352
353
353
355
355
356
356
357
358
359
360
361
361
362
364
367
373
377
387
395
404
413
423
431
441
446
452
453
455
453
452
448
444
437
433
426
423
415
410
403
399
393
389
385
382
379
376
373
371
370
370
369
370
370
370
371
371
370
370
369
368
367
366
364
363
362
362
360
359
358
357
357
356
357
356
356
355
356
354
354
353
355
354
356
355
357
356
358
358
360
359
360
359
360
362
367
372
380
387
398
407
418
427
435
441
447
449
451
450
448
444
440
434
430
425
420
413
408
403
397
392
388
384
381
377
374
373
371
370
369
369
369
369
368
369
368
370
368
369
366
366
364
364
361
361
358
358
356
357
355
356
354
355
353
354
352
353
351
353
353
353
355
355
356
357
358
359
360
361
361
362
363
367
373
380
390
400
410
421
431
438
445
449
452
452
452
448
445
440
436
430
426
420
417
410
407
401
397
391
389
384
381
376
374
370
369
367
367
365
367
365
365
364
364
364
363
362
361
358
358
355
353
350
351
348
346
345
345
344
344
344
343
344
344
346
346
347
347
348
347
348
349
351
350
352
351
354
353
358
362
371
379
391
400
413
422
431
437
443
446
447
446
445
441
439
434
430
425
421
416
413
407
404
399
394
388
385
380
375
371
367
363
362
361
360
359
359
360
358
359
357
357
355
355
353
352
349
349
346
346
343
344
340
341
338
339
338
339
337
338
338
339
338
339
339
341
341
343
343
343
342
344
345
347
349
353
359
369
378
389
399
409
418
426
433
438
442
444
444
443
441
436
434
427
424
419
416
411
407
400
397
390
387
381
377
371
369
364
364
360
360
358
358
356
357
355
355
352
352
350
349
348
347
344
343
341
341
339
339
337
337
335
335
335
336
335
335
335
335
335
337
338
338
340
341
342
341
345
345
347
348
350
350
352
351
353
355
362
369
379
388
400
409
419
426
435
440
444
444
445
441
439
435
430
425
420
416
413
408
404
399
395
390
385
381
377
374
370
367
364
361
359
356
355
354
354
354
354
353
353
354
353
352
350
350
349
348
346
346
343
343
340
342
340
340
339
341
339
340
340
341
339
342
341
344
343
345
345
346
346
348
347
350
351
353
353
356
356
358
358
359
361
367
373
382
390
400
410
419
429
436
443
448
451
451
452
449
447
441
437
431
427
422
418
412
407
402
399
393
389
384
382
376
374
369
367
363
364
362
361
359
359
358
358
356
356
354
353
351
350
349
348
347
346
344
345
344
343
342
342
341
341
342
342
342
342
343
343
344
346
347
347
348
349
352
352
353
354
356
355
358
357
359
359
362
363
364
364
366
367
372
377
385
393
403
411
422
430
438
443
449
451
452
451
450
446
443
436
432
426
422
417
412
407
403
397
393
388
385
382
377
375
372
370
366
367
366
366
365
366
364
364
363
364
363
364
362
362
359
360
357
357
356
356
354
355
353
354
352
352
351
352
351
350
349
351
351
352
351
352
352
353
354
355
356
356
357
358
358
358
359
359
361
362
362
363
364
366
370
373
379
386
395
402
410
418
428
434
442
445
448
449
449
445
443
438
435
428
425
421
418
412
408
404
400
395
393
389
386
383
381
377
377
375
375
374
374
374
374
372
372
370
370
368
367
367
366
366
365
364
362
363
360
361
359
359
358
358
357
357
355
356
354
355
354
355
354
355
355
356
355
358
357
359
359
360
360
361
360
361
361
363
364
365
365
367
368
370
373
378
383
390
397
405
412
422
429
436
442
446
448
450
448
446
442
438
434
429
425
420
416
411
406
402
400
394
392
388
386
382
380
376
375
373
374
372
373
372
372
371
372
370
371
369
370
370
370
368
368
367
366
365
365
363
364
363
363
361
360
359
359
358
357
357
357
358
358
358
359
359
360
362
362
363
362
364
364
365
364
365
366
368
368
370
370
373
373
377
380
386
390
398
404
412
419
429
435
442
446
450
449
449
447
444
440
435
429
426
420
416
411
408
403
398
394
392
388
384
381
379
377
375
375
374
375
375
376
375
376
375
375
374
374
373
374
373
373
372
372
371
370
368
368
368
368
366
366
365
366
364
364
363
364
362
363
362
363
363
364
364
365
364
366
365
366
366
366
366
367
367
368
369
371
372
373
376
381
386
393
401
408
418
427
434
440
446
447
450
448
448
444
442
435
431
426
423
417
414
407
405
399
398
394
391
387
384
381
379
377
377
375
376
376
376
376
376
376
376
376
376
375
376
376
375
374
372
372
370
370
368
369
369
369
367
367
365
365
363
364
363
364
362
363
362
364
363
365
364
365
364
365
365
366
367
369
367
368
369
372
373
377
381
387
392
400
407
416
424
433
440
445
448
451
450
449
446
441
437
433
428
423
418
413
408
403
400
396
394
390
387
383
382
379
379
377
377
376
378
376
378
376
377
377
378
377
378
376
377
375
375
372
372
370
369
368
369
366
366
365
366
364
364
363
364
363
363
362
363
362
364
365
366
365
365
366
367
368
369
370
371
372
371
373
373
376
381
386
392
400
407
416
424
432
436
442
443
446
445
444
441
438
432
429
423
419
413
411
405
401
396
393
388
386
383
381
378
377
376
377
376
377
377
377
377
378
377
378
376
376
375
374
373
372
371
370
371
369
369
367
367
366
366
364
365
362
363
362
363
362
363
362
364
362
364
363
364
364
366
367
367
367
369
368
370
372
377
382
390
397
407
414
425
432
438
442
446
446
446
444
442
438
433
427
424
419
414
409
405
400
397
394
389
388
384
382
379
378
375
376
374
375
374
376
375
377
376
377
376
376
374
374
371
371
368
369
367
367
365
364
362
362
359
359
357
357
357
358
358
359
359
360
359
360
360
360
360
360
361
362
363
364
365
365
367
370
377
383
393
400
412
420
430
435
442
444
447
446
446
442
439
435
432
425
422
417
414
409
406
401
398
392
389
385
382
379
378
375
374
372
372
371
372
371
371
370
371
370
370
369
369
366
364
363
363
361
360
358
356
357
355
355
354
355
353
353
352
353
351
353
351
353
353
354
353
356
355
357
356
358
357
359
357
360
364
371
378
388
397
407
416
427
433
440
442
444
444
443
440
437
433
429
423
419
415
410
405
402
398
394
391
387
383
379
377
373
370
367
366
365
363
362
362
361
361
360
360
358
359
356
355
354
353
351
351
349
348
346
347
345
344
343
344
343
343
343
343
343
343
344
345
345
346
346
348
349
349
349
350
350
351
352
354
356
360
366
376
384
394
406
415
424
431
438
441
443
442
443
439
437
432
428
423
420
415
412
407
403
398
394
389
387
382
380
375
373
369
368
364
363
361
361
360
360
359
359
358
358
356
355
354
353
352
351
350
347
345
345
345
343
343
344
344
344
344
343
343
343
344
342
344
343
345
344
346
346
347
347
348
348
351
351
353
354
356
354
357
360
364
370
378
386
396
404
415
423
432
437
441
443
446
443
442
437
433
428
424
418
414
410
406
402
398
392
389
385
381
380
376
374
370
368
365
365
363
364
362
363
361
362
359
360
358
359
358
358
355
354
353
353
350
350
348
349
348
348
347
347
346
347
346
347
348
349
349
350
350
351
351
351
351
352
352
353
354
354
355
356
358
359
362
362
364
363
366
368
374
380
388
395
406
415
425
431
439
442
446
446
447
444
441
436
432
426
423
417
413
408
405
400
396
391
390
386
383
380
378
374
373
371
371
369
369
369
370
368
369
368
367
367
366
366
365
364
363
363
361
361
359
358
357
357
355
356
355
355
353
354
353
354
353
355
354
355
354
356
355
357
357
359
358
360
359
361
360
361
360
362
363
363
363
364
365
368
372
378
384
391
399
408
416
424
431
436
441
444
444
443
442
438
435
430
427
421
418
413
410
404
400
396
394
389
388
384
381
378
376
374
373
372
372
370
371
370
372
370
370
368
369
368
367
366
367
364
364
363
363
362
362
360
360
359
359
358
358
357
356
356
356
356
357
357
357
358
359
360
360
361
361
362
360
362
361
362
361
363
363
366
367
369
368
371
374
378
383
390
396
404
411
420
427
435
440
444
445
446
443
443
438
434
429
425
421
417
412
409
404
400
396
393
390
388
385
382
379
377
376
376
376
374
375
375
375
375
375
374
374
373
374
373
373
371
371
369
369
366
367
365
365
363
364
363
364
362
363
361
362
361
362
361
363
362
363
362
363
363
365
365
366
367
368
368
369
369
370
370
371
372
375
376
380
385
390
397
403
410
418
426
431
438
440
443
442
442
439
436
431
428
422
421
415
412
406
403
399
395
392
390
387
385
381
379
376
376
374
375
374
376
376
377
376
376
376
377
375
375
375
374
374
373
372
371
370
370
369
368
369
367
367
365
366
366
366
365
367
365
366
365
367
365
367
366
367
367
368
368
369
369
371
370
371
370
372
372
374
376
381
385
392
397
405
412
420
427
434
439
442
444
444
442
440
436
432
428
423
420
415
410
Loop stopped.
