Output started
30000
543
544
543
541
540
539
539
538
538
536
536
537
535
535
535
534
534
533
535
536
537
538
539
539
540
541
540
541
542
542
542
543
542
543
542
542
542
542
541
541
541
545
548
554
558
564
569
576
580
584
587
590
591
593
593
593
591
589
586
584
582
580
578
575
573
570
567
566
563
561
559
558
558
558
558
558
558
557
557
555
554
552
551
550
549
545
545
544
544
543
542
540
540
539
540
538
538
537
537
536
537
536
537
536
536
536
537
536
537
536
538
537
539
538
538
539
539
541
541
541
543
542
542
542
543
542
543
543
543
543
543
543
542
543
545
549
554
560
564
572
576
581
585
588
590
592
594
596
594
594
590
588
585
582
578
577
574
572
569
568
566
565
563
564
563
563
561
562
561
561
560
561
561
561
559
559
557
556
553
551
550
549
546
546
545
544
543
543
543
541
542
541
540
538
539
538
539
539
539
539
540
541
541
541
541
540
542
542
542
541
541
542
542
542
543
543
545
545
546
545
545
544
545
543
543
544
547
551
557
562
567
572
578
582
586
589
591
593
593
592
590
588
585
583
580
578
576
574
572
569
566
565
564
563
562
562
561
560
559
560
559
559
558
558
558
556
555
555
554
553
551
551
550
550
548
548
546
547
546
546
544
542
542
542
540
541
540
541
542
542
542
543
543
543
543
543
543
543
546
546
547
547
546
546
547
547
548
548
548
546
548
547
548
547
548
548
552
555
560
565
570
576
581
585
589
592
594
595
595
594
593
591
589
587
584
582
580
578
575
573
571
570
569
567
565
565
565
564
563
563
562
562
560
561
559
559
557
558
556
556
554
553
549
548
546
545
544
544
543
543
542
543
542
543
541
542
540
541
540
541
541
542
541
543
542
543
543
544
544
544
545
545
545
545
546
546
546
546
547
546
548
548
548
548
549
547
547
548
553
556
561
565
571
574
579
582
586
589
590
591
592
591
590
588
586
583
581
577
576
573
572
570
569
568
567
566
566
565
565
564
564
564
563
563
564
563
562
561
560
559
559
557
555
554
552
550
548
547
545
544
544
543
542
542
542
542
541
541
541
541
540
540
539
540
540
542
543
543
543
543
544
545
544
544
544
545
544
544
544
544
544
544
544
544
545
544
545
544
545
547
551
555
559
564
568
573
577
580
583
586
588
589
590
588
586
584
584
582
580
577
575
572
570
568
566
564
563
562
561
560
561
559
561
559
560
559
559
557
557
557
557
555
555
554
555
552
552
552
551
549
548
547
547
546
545
545
544
543
542
541
541
541
541
542
542
542
542
543
542
543
541
542
542
541
543
544
544
543
543
544
542
543
543
543
543
544
544
545
545
546
543
544
545
550
555
560
563
568
572
576
579
583
586
587
587
588
587
586
586
584
582
580
577
575
573
570
568
566
566
564
564
562
563
562
563
563
563
562
562
561
562
560
559
558
558
557
557
555
554
553
553
550
551
549
548
547
547
546
545
544
544
543
543
543
542
542
542
541
541
542
542
543
542
542
543
542
543
544
543
544
544
545
545
546
546
546
545
547
547
547
547
548
547
546
547
548
551
556
560
566
571
575
580
584
586
589
591
592
590
591
589
589
587
586
584
582
580
580
576
574
571
570
568
567
566
565
565
565
565
565
566
567
566
565
565
563
563
560
558
556
557
554
554
552
551
549
549
547
545
544
543
544
544
543
543
542
542
541
541
540
540
540
540
540
540
540
540
539
541
541
542
542
543
542
543
543
544
543
544
544
543
544
544
544
544
543
543
545
548
554
559
565
570
575
579
584
587
590
590
592
591
591
589
589
586
585
583
581
578
577
574
572
569
567
565
565
563
562
561
563
561
562
563
562
561
561
561
560
559
558
557
556
554
553
551
550
549
548
547
547
546
546
544
545
545
545
545
544
543
542
542
542
542
541
542
541
541
542
542
543
544
543
545
544
546
545
545
545
546
545
545
544
545
543
545
544
545
546
549
552
556
561
566
571
577
580
584
587
590
590
590
590
588
585
584
580
577
576
574
571
569
568
566
565
564
564
563
563
562
562
562
562
560
562
562
562
559
559
558
557
555
556
555
554
553
552
551
550
548
549
547
547
546
546
545
545
544
544
544
544
543
544
543
543
543
543
544
545
544
545
546
546
545
545
546
546
546
547
548
549
548
547
547
546
546
546
549
553
558
561
566
570
574
577
581
583
586
586
587
585
585
582
581
577
575
573
572
569
567
566
565
564
563
562
562
562
561
560
560
559
558
559
558
557
557
556
556
554
553
552
550
549
549
549
546
546
544
545
544
543
542
542
541
540
540
541
540
541
540
540
540
541
541
539
541
542
542
543
543
543
543
545
544
545
545
545
545
544
545
544
544
543
544
547
550
555
560
564
569
573
578
581
584
586
587
587
586
584
584
580
579
577
574
571
569
567
565
563
563
562
562
561
561
560
560
560
560
559
559
557
558
556
555
553
553
552
552
549
549
548
547
545
545
544
544
542
543
541
541
541
542
541
542
542
541
541
541
541
542
541
541
542
541
542
541
542
541
540
540
541
540
541
540
541
540
539
538
538
537
540
541
544
548
553
557
562
566
571
573
576
578
580
580
580
579
578
576
574
573
572
570
569
569
568
568
568
567
565
563
563
562
560
560
561
561
561
561
560
560
559
559
557
558
556
555
552
551
550
549
547
546
545
545
544
544
543
544
542
543
542
542
541
542
541
542
541
542
542
543
543
544
546
547
545
545
546
546
546
546
547
546
547
546
547
547
547
547
546
545
546
548
551
555
559
564
568
571
577
581
583
584
587
587
586
583
582
579
577
575
573
572
571
569
570
569
569
567
567
566
566
565
564
563
563
563
563
563
562
561
561
561
559
560
559
558
557
556
554
552
551
551
550
550
550
551
550
550
550
549
548
549
549
550
549
550
550
550
550
550
550
550
550
551
550
551
551
551
550
552
551
552
551
550
550
550
549
550
550
549
549
551
548
549
549
551
554
558
561
564
568
571
576
578
581
584
585
584
583
580
578
576
575
573
572
572
571
571
570
569
569
569
568
567
568
567
567
567
566
565
565
564
564
562
563
562
561
560
559
557
557
555
553
553
553
552
551
550
551
551
551
549
549
549
549
548
548
549
549
550
550
550
550
551
550
551
551
551
550
550
550
551
552
552
552
552
552
553
552
554
553
553
553
554
553
555
554
554
553
555
555
555
553
554
556
559
563
566
569
573
576
580
582
585
586
587
588
588
586
584
583
581
579
577
576
575
575
573
573
571
572
570
570
570
570
570
570
569
569
568
568
568
568
567
568
566
566
564
565
563
562
561
561
559
559
557
557
556
556
554
554
554
552
551
551
552
551
552
551
552
552
553
554
554
554
555
555
555
554
555
555
556
554
556
555
555
555
556
554
555
554
555
553
555
555
557
558
558
558
559
557
558
558
559
560
563
565
568
571
575
578
581
584
587
589
590
590
590
589
587
585
584
582
581
580
577
576
574
573
574
573
573
573
572
573
573
574
573
573
573
573
572
572
572
571
570
570
568
567
566
566
564
564
563
562
560
559
559
559
558
558
557
556
555
556
555
554
553
554
553
554
553
554
553
554
553
554
554
554
555
555
555
555
556
557
557
558
559
558
559
557
557
557
558
558
559
559
559
558
558
557
557
559
562
564
568
571
574
577
579
582
585
587
589
589
591
591
590
588
588
587
585
584
583
582
580
579
576
575
574
575
574
574
575
575
575
575
575
574
574
574
573
572
571
570
569
568
568
567
566
566
565
564
563
563
563
563
560
560
559
558
558
558
556
557
556
556
556
555
555
556
556
556
556
556
556
556
556
555
555
554
555
555
555
556
556
558
558
559
560
561
561
560
560
560
560
559
561
562
565
568
572
574
578
580
583
585
588
590
592
593
593
592
593
590
588
587
586
584
583
580
580
578
578
576
576
575
575
574
574
575
575
575
575
575
574
574
573
573
572
571
570
569
568
566
565
566
564
564
562
563
562
563
562
561
559
559
557
557
556
556
555
556
554
554
553
552
552
553
553
555
554
555
556
557
558
559
559
560
559
561
559
559
559
560
560
561
562
561
561
563
564
565
569
573
576
580
583
586
589
592
593
594
595
595
596
593
592
590
589
587
587
584
583
580
580
578
578
575
575
575
575
574
575
574
576
575
575
573
573
573
572
570
570
568
567
567
566
565
565
564
563
562
560
559
559
559
558
558
557
556
555
555
554
554
553
553
553
554
554
554
555
556
555
556
556
557
557
557
556
557
558
558
558
558
557
558
558
559
556
557
556
556
555
557
558
562
566
570
574
576
579
583
585
588
590
591
592
592
591
589
588
586
584
583
581
580
578
576
575
572
573
570
571
572
571
571
571
571
572
572
572
570
570
568
568
567
567
564
565
564
564
563
562
560
560
558
558
557
557
556
556
554
555
554
554
555
555
555
556
556
555
555
556
554
555
555
556
554
554
555
555
555
555
556
556
556
555
556
556
557
556
557
556
556
554
557
559
563
567
572
575
579
582
586
588
591
592
594
593
594
593
593
591
590
588
586
584
583
579
578
576
576
574
574
574
574
574
574
574
574
574
572
572
571
569
568
568
566
565
563
564
563
562
560
559
557
558
556
556
556
556
554
554
554
553
552
553
553
553
553
552
552
554
553
553
553
554
554
555
555
557
556
556
555
556
557
558
558
558
558
557
557
557
557
556
556
556
557
561
564
568
571
574
579
583
585
588
589
590
591
590
589
587
586
583
580
578
577
575
573
571
571
570
571
570
571
571
571
571
571
570
570
569
569
568
569
569
568
568
567
566
566
565
563
563
561
560
559
559
558
557
556
555
555
553
553
554
553
553
553
553
553
554
554
555
555
555
554
554
554
554
554
555
556
557
557
559
558
559
558
557
557
558
557
558
559
563
567
571
575
579
582
586
589
592
594
595
593
593
592
590
588
585
583
582
580
579
578
577
576
575
574
573
573
572
572
572
571
572
572
572
572
570
570
568
568
566
566
564
564
562
562
559
559
557
557
554
554
553
553
553
554
553
554
554
553
553
554
555
554
557
556
556
557
557
557
558
557
557
558
558
557
556
556
556
555
556
555
556
555
556
556
559
562
567
571
576
579
585
587
590
592
594
595
595
593
592
590
588
585
583
581
580
578
578
576
575
574
573
571
572
572
572
572
571
570
570
569
569
568
569
567
568
567
565
565
564
563
562
559
558
559
558
557
556
556
555
554
553
553
552
551
550
550
549
550
549
550
550
552
551
552
552
553
553
553
552
552
553
552
552
552
550
550
549
549
549
549
549
551
554
558
564
570
574
578
582
586
588
590
592
592
592
591
591
590
589
586
585
582
581
580
580
577
577
575
574
573
573
572
572
571
571
570
570
570
569
569
568
567
567
565
565
564
563
561
561
559
558
556
555
555
553
550
550
549
549
550
549
548
548
548
548
548
548
548
548
549
548
548
548
548
548
548
547
548
547
549
548
549
549
550
549
549
549
549
548
551
552
556
560
565
570
575
578
583
585
589
590
591
590
590
588
586
585
582
581
580
579
576
575
573
571
570
569
569
567
567
567
566
565
565
565
566
566
564
563
562
561
560
560
558
557
555
554
552
551
550
550
548
548
547
546
545
545
544
545
544
545
543
544
544
545
544
544
544
545
545
545
547
546
545
546
546
547
546
547
547
548
548
547
548
548
548
547
547
545
547
549
554
558
564
569
574
578
582
585
587
589
591
591
591
589
588
585
585
582
579
576
575
574
573
571
571
570
569
568
566
566
566
565
566
564
562
563
562
562
561
560
559
558
556
554
553
552
551
549
549
547
547
546
546
546
544
544
543
542
543
542
541
542
542
542
542
544
543
543
542
543
543
543
543
544
543
544
543
544
544
545
545
545
544
544
543
543
544
545
546
546
548
551
555
558
563
568
572
577
581
584
588
590
592
591
590
588
587
586
584
580
578
575
573
571
570
568
568
568
567
567
567
566
567
566
568
566
566
565
565
564
564
564
564
562
562
560
560
558
558
556
555
554
552
553
553
552
551
549
547
546
545
545
544
544
543
543
542
543
542
543
544
544
544
545
546
547
547
549
548
550
548
550
550
550
550
551
551
551
550
551
551
550
550
551
550
551
554
558
562
567
571
576
580
584
588
591
594
596
594
594
592
590
589
586
583
580
578
576
573
571
569
567
566
565
565
564
565
564
566
565
567
566
567
567
567
566
565
563
563
561
561
559
559
557
556
554
553
551
551
549
548
546
546
545
544
542
543
542
542
542
542
543
542
543
544
544
544
545
546
545
546
546
546
546
547
547
547
547
547
549
548
549
549
550
551
550
550
550
550
551
552
556
560
565
570
575
578
583
586
590
592
595
595
596
595
595
593
592
590
588
585
583
580
578
578
576
574
572
572
570
571
569
569
569
569
569
568
568
567
567
566
564
564
563
562
561
560
559
559
557
558
555
555
554
554
553
553
551
551
549
550
550
549
549
550
549
549
548
549
548
549
549
549
549
550
549
550
550
551
551
551
550
550
551
552
552
552
552
552
552
554
554
554
556
559
564
570
575
578
582
584
587
590
593
594
595
595
596
594
593
590
589
586
585
583
581
579
577
575
573
Loop stopped.
