øýûüúþýÿüýøþýþúþýûøúýÿÿøúýÿûýúýÿùýúýýýþøýüý÷ÿñ÷ÿñ÷ÿñÿûÿñöÿñ÷ÿñõýúýþþÿÿþþþÿþÿþÿÿþÿþþÿþþþÿÿþþþÿÿþþþÿþÿþþþþýýýøûýþýúúýýÿøúý™ÿOutput started
30000
507
506
503
504
502
504
503
505
503
504
503
503
503
504
503
505
504
505
505
505
506
508
509
512
514
515
517
520
523
524
525
526
528
529
531
531
531
532
533
533
534
534
534
533
531
530
530
528
527
526
526
524
523
522
521
521
520
521
521
520
520
521
522
522
523
523
522
522
522
521
521
521
521
520
519
517
517
516
515
514
514
513
514
512
511
509
510
509
510
508
509
509
508
507
508
508
508
507
507
507
508
507
508
507
508
507
506
506
507
507
506
507
507
510
512
515
516
520
521
524
525
528
529
532
532
533
533
535
535
535
534
534
533
533
532
532
531
533
530
531
528
530
528
527
526
527
525
526
525
526
526
526
526
524
524
523
523
522
522
522
522
521
520
519
520
518
518
516
517
514
514
512
513
511
512
510
512
510
510
508
507
507
507
505
506
504
505
504
504
504
504
504
504
504
505
504
504
505
505
506
507
508
508
509
510
510
509
509
510
511
512
516
517
521
523
527
528
531
533
534
534
535
535
535
534
535
533
533
533
532
529
528
528
527
526
525
524
523
522
522
519
520
519
519
519
520
519
521
521
521
521
522
521
521
519
519
518
518
516
516
514
513
513
513
513
514
513
512
512
512
511
510
511
511
511
511
512
511
513
512
513
512
512
512
512
512
512
512
513
512
514
513
514
514
514
512
512
512
513
513
517
518
522
523
528
530
533
533
535
535
535
535
535
534
535
534
533
532
532
531
532
531
529
528
527
527
525
525
523
523
520
520
519
521
519
519
518
519
517
518
516
517
516
517
514
514
513
513
512
512
510
510
509
509
508
509
508
508
507
507
506
507
506
507
506
507
507
508
507
506
507
507
507
506
508
507
508
507
508
508
510
509
508
508
509
508
511
511
514
516
520
523
526
529
531
533
534
535
535
536
537
536
536
535
534
531
530
530
529
529
528
527
526
526
525
522
521
520
519
520
519
519
519
518
518
517
517
516
516
515
514
514
513
512
512
512
511
509
508
508
506
504
504
504
503
502
500
501
501
502
501
501
500
501
501
502
501
501
501
502
502
502
502
502
501
503
501
502
501
502
501
503
502
503
502
502
503
503
505
509
511
514
517
521
524
527
530
531
532
532
532
531
532
532
531
530
530
527
528
526
527
527
527
524
524
521
521
519
520
518
518
517
518
515
515
513
513
511
512
510
510
510
509
507
506
505
505
503
503
502
500
501
501
500
501
501
502
502
502
502
502
502
502
501
500
500
498
499
498
500
498
499
499
500
499
499
497
498
498
500
498
499
498
499
499
499
498
500
499
500
500
500
501
503
504
506
509
511
514
518
521
523
524
526
527
528
528
527
528
527
528
526
527
526
525
525
524
523
523
522
521
520
520
518
518
517
517
515
516
515
515
515
515
514
515
514
512
511
511
509
509
507
507
505
504
503
502
501
500
499
499
499
499
499
500
500
499
498
498
497
498
497
498
498
498
498
497
498
498
499
499
501
502
502
503
504
503
504
504
504
505
505
504
506
506
507
506
508
507
508
508
510
509
510
511
515
515
519
520
523
526
529
529
532
532
534
533
534
532
532
531
531
530
529
528
527
526
525
525
523
523
523
522
521
521
519
518
517
517
517
517
516
516
515
515
513
514
512
514
511
512
510
511
508
509
507
508
506
508
506
505
504
505
505
505
504
505
503
504
503
503
503
504
504
505
506
505
504
504
505
505
505
505
505
504
505
504
506
505
506
506
506
506
507
507
508
507
509
508
509
508
511
511
514
515
517
519
523
525
528
529
531
532
532
532
532
531
531
531
529
529
527
527
527
526
526
525
525
524
523
523
522
522
521
521
521
521
519
520
519
520
520
520
519
519
519
519
517
517
516
516
515
515
514
514
514
513
512
511
510
511
510
509
508
509
507
507
506
507
506
506
507
506
506
506
506
507
507
507
506
507
506
508
508
508
508
508
507
508
507
508
508
509
509
508
510
511
513
515
516
518
521
523
525
527
530
531
533
533
534
533
534
532
533
531
531
529
529
528
529
526
527
526
526
524
525
523
524
521
522
521
521
521
522
521
521
520
521
520
521
520
520
519
519
519
518
517
518
518
517
517
516
516
514
515
514
515
513
514
512
514
511
512
510
511
511
511
511
512
511
511
510
511
510
512
511
511
511
511
510
511
511
510
510
511
510
510
510
511
512
515
516
518
521
522
525
528
530
531
531
533
535
534
534
534
533
531
531
530
530
529
529
527
527
526
526
526
527
528
529
528
529
529
530
529
531
532
533
532
531
530
529
528
528
527
527
525
523
521
520
518
515
514
513
511
511
509
508
508
507
506
506
506
506
506
506
506
506
505
505
507
506
507
506
505
505
505
505
506
507
507
507
508
508
509
508
508
508
510
510
512
514
517
519
522
523
527
528
532
532
534
533
533
532
533
532
531
529
529
527
527
525
526
524
523
522
521
519
519
517
515
514
514
514
513
513
514
514
513
515
515
517
517
518
516
517
515
516
515
516
515
517
516
518
517
517
516
516
514
514
514
513
511
510
508
509
507
507
506
506
505
506
506
507
506
507
507
506
507
507
509
510
511
511
512
512
511
511
512
513
515
517
521
522
526
528
531
532
535
535
536
536
537
536
537
536
537
535
535
533
533
532
531
530
530
528
528
528
526
525
524
523
524
524
524
522
521
520
520
518
518
517
517
516
516
515
514
513
514
513
512
512
512
511
512
510
510
511
510
510
510
511
509
510
509
510
510
511
511
511
511
511
511
512
511
511
511
512
512
513
512
514
513
513
513
514
516
518
520
523
525
528
531
534
536
538
538
539
538
538
538
537
536
535
534
533
532
531
530
530
529
527
527
525
525
524
523
522
521
520
521
518
520
519
519
518
519
517
516
515
515
512
512
510
511
509
509
507
507
506
507
505
505
504
504
504
505
504
505
505
504
503
503
504
504
505
504
505
504
505
505
505
505
504
504
505
504
506
505
506
505
508
508
510
511
515
516
521
523
527
528
531
532
532
533
534
534
534
532
533
532
531
529
529
528
528
527
527
524
523
522
521
520
518
517
516
516
515
514
513
513
512
512
510
511
511
510
508
508
506
506
504
504
503
503
502
502
500
501
499
499
499
499
499
499
499
499
499
500
500
500
499
500
498
499
499
500
500
501
501
501
500
501
502
502
502
502
502
502
502
503
506
509
512
516
518
522
524
528
529
530
531
531
531
531
532
531
531
530
529
527
527
527
527
525
525
524
523
520
520
517
517
515
514
513
512
511
511
510
511
508
509
507
507
506
507
505
504
502
503
502
501
500
498
497
497
495
495
495
495
495
494
494
494
495
494
495
495
495
494
496
495
497
496
497
497
497
497
500
498
499
498
498
498
499
498
500
498
500
499
500
499
501
502
505
507
511
514
519
521
525
527
530
530
532
533
532
532
532
531
530
529
529
527
527
527
526
524
524
524
521
520
518
517
515
514
512
513
512
512
511
511
510
510
509
508
507
506
505
503
502
502
501
501
500
500
499
499
498
498
497
497
496
496
496
497
497
497
496
497
496
496
496
495
496
496
496
497
497
498
497
498
498
499
499
499
498
498
499
498
498
498
499
499
501
501
501
500
502
501
504
506
508
511
514
517
521
523
526
527
530
530
531
532
531
530
530
528
528
527
527
525
525
524
524
522
520
520
520
518
516
515
514
513
513
513
512
512
511
510
510
510
508
508
507
507
506
507
504
504
503
504
502
502
502
502
500
501
500
501
500
501
499
500
500
500
499
501
500
501
500
500
500
500
499
500
500
500
501
500
500
500
500
501
500
501
502
501
500
500
501
502
502
502
503
504
505
502
503
503
505
505
508
510
513
515
519
521
525
527
529
528
530
529
530
530
530
529
529
527
527
525
524
522
522
520
520
520
520
518
517
516
515
515
515
515
515
515
514
514
513
513
512
512
510
510
509
509
508
508
506
506
504
505
504
505
503
503
503
502
502
503
502
503
502
503
502
503
503
504
503
503
503
504
502
503
503
504
504
504
503
505
505
506
505
504
503
505
505
505
505
507
506
507
507
507
508
509
511
514
517
519
522
524
527
528
530
531
532
532
533
532
534
530
530
527
527
525
525
524
523
521
521
520
520
519
518
517
516
515
516
515
516
515
516
514
515
513
513
511
512
512
511
511
510
510
509
508
508
507
506
505
505
506
505
505
506
505
505
506
505
505
504
504
504
505
503
504
503
504
503
504
504
506
504
505
504
505
505
505
504
505
505
505
505
507
507
508
507
508
507
509
510
513
514
518
520
521
524
526
529
531
531
531
532
532
533
532
533
531
530
528
528
527
527
525
525
523
523
522
523
521
521
520
520
519
519
519
520
519
519
518
519
518
519
518
517
517
516
515
516
514
513
513
514
511
511
510
509
510
509
509
510
509
508
507
508
507
507
508
507
508
507
506
507
507
505
507
506
507
508
509
508
509
507
507
507
507
507
508
509
509
507
509
508
511
513
515
515
519
521
525
525
529
530
531
532
533
533
533
532
532
530
530
529
528
527
528
526
526
524
523
522
522
522
521
520
521
520
520
519
518
519
518
519
517
518
517
518
516
517
515
515
514
515
512
513
511
513
513
515
517
518
517
517
516
516
514
511
509
509
507
506
505
504
502
503
503
505
506
507
506
505
505
504
504
503
502
502
503
503
504
505
505
506
508
509
512
513
516
517
521
523
527
528
531
531
532
533
534
532
532
530
530
529
528
528
528
526
525
525
524
523
524
522
522
522
521
520
520
519
519
521
520
520
520
520
519
518
518
518
517
517
516
517
516
514
514
513
511
512
511
511
510
511
510
510
509
509
508
509
508
507
507
508
508
508
507
507
506
507
507
507
506
507
506
506
505
507
507
508
508
508
508
508
508
511
513
516
517
520
523
526
528
531
532
533
534
534
533
533
532
530
530
528
527
527
527
527
525
523
524
522
523
521
521
520
519
519
519
517
519
518
519
518
518
517
518
516
516
515
514
514
515
513
513
510
512
510
511
510
508
508
508
509
508
508
507
508
508
508
508
508
508
508
508
508
508
508
507
509
507
508
508
510
508
509
509
510
508
509
508
509
510
513
515
518
521
524
526
529
530
532
533
534
534
534
532
533
532
531
530
529
529
528
527
527
526
524
523
521
522
521
520
520
520
519
520
520
519
519
518
516
517
516
517
515
516
515
516
514
515
513
512
511
512
511
510
509
509
508
509
508
508
507
509
508
509
509
508
508
509
509
509
509
509
509
510
510
512
512
512
512
512
511
511
512
513
515
518
521
524
527
529
532
534
535
535
535
534
536
536
536
534
533
532
532
531
531
530
530
528
527
525
525
523
523
521
521
520
520
520
520
520
521
519
520
518
518
516
516
514
515
513
513
512
510
510
509
508
508
507
507
507
508
506
506
505
505
505
505
506
506
506
506
506
506
506
504
506
503
505
504
505
504
506
507
509
506
506
504
506
508
511
513
517
520
524
526
529
531
532
534
536
535
536
535
534
532