Output started
30000
605
615
618
619
619
620
622
625
631
639
649
658
668
677
686
694
702
708
713
717
719
721
720
721
721
721
720
720
718
717
714
711
705
701
695
692
686
682
678
673
669
666
661
658
653
650
647
643
640
636
632
630
625
622
619
617
613
611
608
606
602
602
598
597
595
594
593
590
589
587
586
583
583
583
581
580
580
580
580
579
578
577
576
578
579
579
579
578
579
578
580
580
581
580
581
582
583
583
584
585
586
587
589
590
590
591
593
594
596
596
597
598
599
599
600
600
603
603
604
605
606
607
607
606
607
607
608
609
611
613
613
614
620
626
632
641
648
658
667
676
686
694
702
710
713
718
721
721
720
720
719
718
717
717
715
714
711
709
705
700
696
691
687
683
678
674
670
666
663
660
657
654
651
648
644
641
637
635
632
628
625
622
619
616
612
610
609
605
603
602
601
599
598
596
596
595
595
593
593
592
591
591
592
591
592
592
593
592
592
592
593
593
591
592
592
593
593
592
592
592
592
592
592
591
592
591
592
592
594
596
595
596
597
598
598
599
599
600
600
600
600
602
603
604
605
607
607
607
607
609
608
610
611
611
612
614
619
627
633
641
650
659
669
678
686
693
699
703
706
708
709
710
711
711
709
708
704
702
700
695
691
688
685
681
678
675
672
669
666
663
660
658
654
650
647
645
643
640
638
636
634
632
630
627
625
622
620
617
616
613
612
609
608
606
606
604
604
602
603
603
602
601
600
600
600
599
600
599
599
598
598
596
598
597
597
596
596
596
596
597
598
599
598
598
598
600
600
600
601
601
601
601
602
602
603
603
605
605
605
605
606
607
608
610
611
613
613
618
623
630
636
646
654
664
675
684
693
700
706
709
712
714
715
715
714
713
711
711
709
707
704
703
697
692
688
684
681
677
674
670
666
662
659
654
652
649
647
643
640
637
636
632
629
627
623
620
618
616
614
611
609
607
605
602
603
600
599
597
596
594
594
594
594
594
592
594
593
593
593
593
594
593
594
593
594
594
594
594
593
594
594
595
594
595
596
597
597
597
597
597
597
598
598
599
600
601
601
601
600
602
604
606
607
608
612
615
619
624
632
640
649
659
669
679
689
698
706
712
717
719
720
721
722
721
720
720
719
717
716
714
711
707
701
696
692
688
683
678
673
666
663
658
654
651
648
645
643
639
636
632
628
625
623
618
615
611
610
607
604
602
600
597
595
592
591
590
589
587
587
586
586
586
585
585
585
584
584
583
583
582
582
581
582
582
582
581
582
581
582
583
584
584
585
586
586
586
586
587
586
588
589
590
593
593
594
596
596
595
593
593
594
596
598
600
606
611
616
622
631
641
652
665
676
687
697
706
712
716
719
721
722
721
720
719
719
719
717
717
715
711
706
701
696
690
685
680
674
669
663
657
653
649
645
640
636
632
629
625
622
618
616
612
609
606
603
600
596
593
591
588
586
584
581
580
579
576
577
576
576
576
576
576
576
574
575
576
577
577
578
579
578
577
579
579
580
579
580
581
581
580
580
582
582
583
583
585
586
586
586
587
588
588
588
589
589
589
589
591
591
593
594
596
601
605
606
607
607
607
606
608
609
610
610
611
612
613
617
623
632
643
652
664
674
686
696
705
711
718
722
725
727
726
726
725
724
723
721
718
717
715
711
705
700
696
691
686
681
674
670
664
659
655
651
645
642
638
636
632
629
626
623
619
616
611
609
605
603
600
597
595
593
591
589
587
586
585
584
583
581
579
576
575
575
573
573
572
572
572
572
572
572
572
571
571
571
573
574
574
575
575
575
575
576
578
578
579
579
580
581
583
582
584
586
586
587
589
589
590
591
593
593
594
594
597
602
606
606
607
608
608
608
608
608
609
610
613
613
614
616
622
629
637
647
659
670
682
693
702
710
715
720
722
723
722
722
720
720
718
717
714
713
710
705
701
698
694
690
685
680
675
671
666
662
658
653
650
648
643
640
637
634
631
627
625
621
617
615
611
609
605
603
599
598
595
594
592
591
589
588
587
585
584
583
584
582
582
582
582
581
581
581
582
581
583
583
584
584
585
585
586
586
588
587
588
588
589
589
591
590
592
591
594
594
595
596
597
598
600
601
602
602
602
602
604
605
607
607
609
610
610
610
610
610
611
612
614
614
615
617
621
629
634
643
652
661
671
681
688
698
704
712
716
719
720
721
720
720
719
717
716
715
712
711
710
706
700
696
692
689
685
681
677
673
669
666
662
659
655
652
648
645
641
638
635
632
629
626
624
621
619
615
614
610
609
606
605
601
600
599
599
597
595
594
594
592
591
590
590
590
590
589
589
588
588
588
586
587
588
587
589
588
589
589
589
588
589
589
589
589
590
591
592
592
593
592
594
594
595
596
596
597
597
597
598
600
601
603
604
605
606
607
608
608
609
610
611
613
613
617
622
625
628
633
640
649
658
668
679
689
698
707
713
718
720
722
722
724
723
722
721
720
716
715
713
707
703
699
695
691
687
683
680
676
671
667
662
659
656
653
652
648
646
642
639
636
633
630
628
626
623
620
618
615
613
610
607
605
604
602
602
600
599
597
597
596
595
594
594
593
594
592
593
593
594
593
592
593
594
594
594
594
595
594
595
595
595
596
596
594
595
596
596
597
599
599
599
600
600
601
601
602
602
605
604
605
605
606
605
606
605
605
607
609
610
616
621
621
623
625
627
633
640
651
660
673
684
696
705
714
720
725
728
730
729
729
729
727
725
724
722
719
717
714
709
706
702
698
694
690
686
680
675
669
664
659
656
651
648
646
644
639
634
629
625
622
619
616
615
612
611
608
607
604
602
600
597
594
592
589
587
584
581
580
579
578
578
578
578
578
578
579
579
580
581
582
583
583
584
584
585
586
588
587
588
589
588
589
589
589
590
591
591
592
592
592
594
594
595
597
597
599
600
600
601
603
604
605
605
606
606
607
608
611
616
620
621
625
633
642
652
663
677
688
700
709
718
723
726
729
730
731
730
729
728
728
726
724
722
719
712
709
705
701
696
691
687
679
675
668
661
655
650
645
641
638
635
630
627
624
622
618
616
612
610
606
604
601
599
594
593
589
587
587
585
584
581
579
579
577
578
577
578
577
578
578
578
580
580
580
581
581
581
581
583
583
582
582
582
583
583
585
585
585
585
585
585
587
587
588
587
588
590
591
592
593
594
595
595
597
597
599
600
607
610
612
611
611
610
609
610
611
613
613
615
615
616
620
625
635
645
659
672
684
695
705
714
720
727
731
733
732
733
731
730
728
727
725
723
721
719
716
711
704
700
694
689
683
677
671
666
659
656
649
646
641
636
631
628
625
623
621
620
619
615
613
608
604
601
596
593
590
588
586
586
584
584
584
582
581
578
574
573
571
569
569
568
570
571
572
572
574
575
574
574
573
574
575
575
576
577
578
579
580
580
581
582
583
583
584
586
586
586
587
588
589
589
591
594
599
603
605
605
606
606
607
606
607
607
608
609
609
609
610
611
611
613
614
616
620
627
635
645
655
666
678
691
701
711
718
724
730
733
733
733
732
731
729
727
725
723
721
720
717
712
707
703
698
694
687
684
678
673
669
665
660
657
654
650
647
643
638
635
630
626
621
618
614
612
608
606
602
600
599
596
595
593
591
589
588
588
588
587
586
585
585
584
584
584
584
583
584
583
584
582
581
579
580
580
582
582
584
585
586
585
587
587
588
589
591
592
592
592
594
593
594
594
595
596
598
599
599
601
600
603
604
608
613
616
616
616
616
615
614
614
614
615
614
616
615
617
620
626
634
645
656
668
680
691
701
710
717
722
723
726
726
726
724
723
721
719
716
715
714
710
706
701
697
692
687
682
676
670
665
661
656
653
647
644
640
636
632
631
627
623
621
617
614
610
607
605
603
601
599
597
595
592
592
590
590
588
586
585
586
584
585
584
585
584
585
585
585
585
586
586
586
587
588
588
588
587
588
589
590
590
590
591
592
593
594
594
595
595
597
597
597
598
599
601
601
601
602
603
604
605
606
607
608
610
615
620
620
621
622
622
620
621
622
623
624
624
625
629
633
641
650
660
669
681
689
700
707
713
718
722
723
724
723
724
721
719
716
715
713
711
706
703
699
695
692
687
683
679
674
670
666
662
659
657
654
652
650
647
645
642
639
636
634
631
629
626
623
619
616
614
613
610
609
607
608
607
606
605
604
601
600
600
599
599
598
597
597
596
596
597
597
597
598
598
599
598
598
600
600
600
602
602
602
602
603
604
605
605
606
607
607
608
608
607
608
610
610
611
611
612
612
613
612
613
614
615
616
618
619
621
625
633
641
651
660
673
685
696
706
714
721
724
717
701
684
673
665
663
662
658
655
657
658
664
669
678
686
694
704
712
721
725
727
728
727
724
723
718
714
707
701
695
688
681
675
669
663
657
651
644
640
634
630
623
620
614
610
606
603
599
596
595
593
592
591
590
590
589
589
587
587
587
586
586
587
587
589
588
588
587
587
587
587
587
588
589
588
587
587
588
589
589
589
589
589
589
592
593
595
600
605
607
607
605
605
605
605
607
609
611
612
614
613
617
622
630
641
654
667
680
693
706
718
727
734
740
742
745
745
745
743
743
741
741
739
737
735
732
729
724
719
713
706
700
695
689
682
674
667
662
657
653
649
645
641
636
633
628
625
621
620
616
611
607
605
601
598
594
592
589
586
582
581
579
577
575
574
574
573
573
572
571
572
572
571
571
572
572
572
572
573
573
572
573
574
575
576
577
577
578
579
579
579
580
581
583
583
584
584
586
587
589
590
595
599
601
600
603
602
602
602
603
604
607
607
609
611
614
619
628
639
653
668
683
698
711
724
735
743
749
754
755
756
757
756
755
753
751
751
748
746
742
736
730
725
718
710
702
693
683
675
667
660
653
646
639
635
630
626
621
616
610
606
601
598
593
590
585
583
581
580
577
575
572
569
567
566
565
563
561
561
559
560
558
558
558
559
559
560
561
561
561
562
564
564
565
566
567
568
569
570
571
572
573
574
574
574
575
577
579
582
587
588
590
590
591
591
592
593
595
595
596
596
598
596
597
598
600
600
601
604
606
609
614
624
637
651
666
684
701
715
727
738
746
753
755
757
755
756
752
750
747
745
743
739
734
731
727
720
713
707
697
689
679
671
664
657
649
644
637
633
628
624
619
615
609
605
601
597
591
587
584
580
577
573
570
567
565
563
559
558
558
557
555
555
554
554
554
555
555
555
556
556
556
557
558
559
559
561
562
564
565
571
574
575
575
574
575
575
576
576
578
577
577
578
581
581
582
583
585
587
588
589
591
591
592
594
596
597
598
599
600
600
602
603
604
606
607
611
618
628
642
658
675
691
708
723
734
746
752
756
757
758
756
754
752
748
746
743
740
736
730
727
720
714
707
699
691
682
674
668
660
654
645
641
634
630
625
621
616
612
607
602
596
592
586
583
580
576
574
571
567
565
563
561
559
559
559
559
558
558
557
558
557
556
556
556
558
558
560
561
561
562
564
565
566
566
568
569
569
569
571
572
573
574
575
582
585
586
587
588
590
590
593
594
597
598
599
599
600
599
600
600
602
603
603
604
604
606
607
609
611
615
622
631
643
658
672
687
700
713
724
733
739
743
746
746
745
743
740
739
734
733
730
728
724
719
714
709
703
696
689
683
677
671
665
660
654
650
644
640
637
632
628
624
621
617
613
611
607
604
601
599
595
594
591
590
586
585
583
580
579
579
578
576
577
575
576
575
575
575
576
577
578
578
577
578
579
579
581
580
582
581
583
584
586
587
589
589
591
591
593
599
603
603
604
606
606
607
607
608
608
609
609
610
612
613
614
615
618
621
628
637
649
661
675
689
702
713
721
730
735
739
741
741
740
739
738
736
734
732
730
728
726
722
716
712
704
699
692
686
679
673
666
661
655
650
646
642
637
634
630
625
621
618
615
610
607
604
600
596
593
591
589
586
584
582
580
578
578
576
577
576
576
576
576
576
575
576
577
578
579
578
579
579
581
583
584
584
585
585
587
587
588
588
590
591
593
594
602
604
605
606
608
607
608
610
611
611
610
610
612
614
616
617
619
621
626
632
643
654
670
683
697
710
722
733
740
746
751
753
755
756
754
753
753
751
749
748
746
744
737
731
725
717
710
701
695
687
681
675
671
667
662
657
652
648
643
639
634
630
626
623
618
614
609
605
603
600
596
594
589
588
587
585
583
582
581
580
578
579
578
579
579
578
580
581
581
580
581
581
582
582
582
583
583
582
583
583
583
583
585
585
586
586
588
589
590
591
592
593
595
595
600
605
607
607
607
606
607
609
609
611
613
615
623
633
646
660
677
694
710
724
737
747
756
762
765
767
767
767
765
764
762
759
756
753
750
744
737
731
722
714
704
697
687
679
669
662
655
648
642
638
632
628
622
618
612
607
603
599
595
591
588
583
579
576
574
570
568
566
564
562
560
560
558
558
557
558
558
559
561
561
563
563
564
564
565
566
566
567
567
567
569
569
570
571
573
577
582
583
584
583
584
584
586
586
588
588
590
590
592
593
594
595
595
597
599
599
601
602
605
613
622
635
651
668
686
702
719
732
741
750
754
757
Loop stopped.
