Output started
30000
598
601
600
599
596
595
593
590
587
585
583
582
581
582
584
584
585
582
581
580
578
578
577
574
573
571
569
566
567
565
565
565
565
563
563
560
559
558
557
555
554
553
551
549
551
551
551
550
551
549
549
549
548
549
551
551
553
553
553
552
552
553
553
556
558
560
560
561
563
564
565
566
568
570
574
578
582
585
588
591
593
595
595
595
597
597
596
595
593
592
591
590
588
589
587
587
585
585
584
583
581
580
578
579
578
580
579
579
578
579
580
580
579
580
578
577
576
575
573
572
570
570
569
568
566
564
562
561
558
558
557
555
554
552
550
550
551
551
552
552
553
552
552
551
552
552
552
551
553
554
554
554
555
554
554
554
555
554
552
551
551
551
551
551
552
551
553
554
556
559
562
565
567
570
574
579
583
586
590
591
592
593
594
596
597
597
597
598
598
598
596
595
593
593
591
590
590
590
587
588
586
586
584
584
583
584
582
581
578
578
576
576
576
577
576
577
577
576
576
574
572
571
569
567
567
567
566
566
566
565
563
561
561
560
559
557
556
556
555
556
555
555
554
553
554
554
555
555
556
555
556
555
555
554
555
555
556
555
556
556
556
556
557
556
557
557
557
557
558
557
560
561
562
563
565
567
571
574
579
583
587
590
591
592
592
593
592
591
590
589
590
590
591
589
589
587
585
583
581
579
578
578
577
576
576
577
578
579
579
580
580
579
580
581
580
582
582
584
583
582
579
579
576
576
576
577
576
578
576
575
573
572
568
566
563
561
560
559
558
557
556
555
554
554
555
556
555
555
556
555
555
555
557
556
557
557
559
558
559
558
559
559
560
558
558
556
556
556
557
556
558
557
559
559
561
560
561
562
564
565
568
570
574
577
581
584
588
591
592
593
594
596
597
598
596
595
595
594
593
593
592
590
589
589
588
587
587
587
585
585
584
583
583
584
584
584
584
584
584
585
585
585
585
583
581
581
580
579
577
576
575
574
574
573
570
568
566
564
562
562
563
562
562
562
562
561
560
560
559
558
557
557
557
556
557
556
556
556
556
556
557
557
559
559
559
558
559
560
561
563
563
563
563
560
561
561
563
563
564
564
565
566
569
571
574
575
580
584
587
589
593
595
597
597
597
597
597
595
595
595
596
595
595
592
591
589
588
586
585
585
585
583
582
582
582
581
581
583
582
582
583
584
582
582
581
582
581
582
580
579
578
578
576
576
574
574
573
572
569
568
566
567
565
564
563
562
561
562
562
562
562
561
561
560
559
560
559
559
559
559
558
558
558
559
560
559
560
558
558
558
559
558
560
560
560
560
560
560
562
562
563
561
562
560
558
558
559
559
562
566
569
571
576
581
586
590
594
597
599
600
600
599
600
600
600
600
599
598
597
594
592
589
587
585
584
584
582
581
579
579
577
577
578
578
578
578
578
579
578
579
579
580
578
578
576
575
574
573
571
571
569
568
567
566
565
564
563
563
561
561
560
559
557
556
554
555
554
554
554
553
553
552
553
555
554
555
554
555
556
557
557
558
557
557
557
558
560
561
562
561
562
560
561
559
559
560
560
560
561
560
560
560
561
564
565
567
572
574
580
584
590
593
598
599
601
601
603
601
602
600
600
600
600
599
600
598
596
594
593
591
588
586
585
583
581
578
575
575
574
573
573
574
574
576
576
576
574
575
574
576
573
573
571
571
569
568
565
565
564
563
561
561
560
560
558
557
556
556
555
555
554
554
553
553
554
553
552
552
553
553
553
553
553
552
552
551
550
550
551
551
552
550
551
551
551
551
550
550
551
551
553
553
554
554
556
556
556
556
558
561
564
568
572
577
583
588
594
598
601
601
603
602
601
600
599
598
598
595
594
592
589
586
585
585
582
580
578
576
575
574
573
572
572
572
572
572
573
573
573
573
572
571
571
572
570
571
570
570
568
568
566
565
562
561
559
559
557
557
556
556
554
554
552
552
551
550
548
549
549
551
550
551
551
551
550
550
549
549
549
549
549
549
548
549
549
550
550
550
551
550
550
549
550
550
551
552
554
554
554
552
554
553
556
557
560
564
570
573
578
583
589
592
597
598
600
601
602
601
601
599
599
597
595
592
591
587
585
584
583
581
580
579
577
577
576
574
574
574
573
573
574
576
575
575
572
571
572
572
571
571
570
569
567
566
564
563
562
561
559
558
556
555
554
554
552
552
551
550
549
549
548
549
549
549
548
548
547
548
547
546
546
547
547
547
547
546
546
546
547
548
548
549
548
549
549
548
548
549
549
549
549
551
551
552
553
553
554
555
557
560
563
567
572
577
583
588
592
594
596
597
599
599
602
602
602
600
599
596
593
590
588
585
582
580
579
577
577
574
573
572
572
570
570
571
572
572
572
571
570
569
568
568
566
566
564
563
562
560
559
557
555
554
553
553
553
553
553
553
552
552
551
551
549
548
547
546
546
546
545
546
545
547
545
547
546
546
546
547
545
547
546
547
547
546
549
549
549
550
549
548
548
547
547
546
546
546
547
547
547
546
546
546
549
551
554
557
563
567
574
579
586
589
593
594
594
593
595
593
594
593
592
591
590
588
586
582
580
577
576
575
575
574
573
571
570
570
568
568
567
567
567
567
568
568
568
567
567
566
565
563
561
561
561
560
558
558
556
556
554
554
552
552
551
550
548
547
545
545
544
544
543
543
543
543
544
543
542
543
542
543
543
544
544
546
546
546
546
548
548
550
549
549
549
548
548
548
549
549
551
551
550
550
548
547
547
548
550
554
560
565
570
575
580
584
590
592
594
595
595
593
592
589
587
584
582
580
578
575
574
572
572
570
570
569
568
566
567
566
565
563
565
564
564
564
564
563
563
563
563
562
563
563
563
562
560
559
557
555
555
554
552
552
551
551
549
549
547
548
546
546
544
545
543
543
542
543
542
543
543
545
545
546
546
547
546
547
545
547
546
547
546
547
547
547
544
543
543
545
548
551
557
563
569
575
580
585
588
590
593
593
593
592
590
588
587
584
582
580
580
578
577
575
574
572
572
568
566
564
562
559
558
557
557
556
556
556
557
558
557
557
557
556
556
553
554
551
549
548
546
544
542
541
541
540
539
540
540
540
539
538
539
538
538
538
539
539
539
539
540
542
543
543
544
544
544
544
544
543
541
541
541
542
542
544
543
544
543
542
541
541
542
545
548
553
558
564
569
576
580
584
586
589
590
592
591
592
589
588
585
583
580
578
576
574
573
572
570
569
567
565
561
558
556
555
554
552
552
550
550
549
549
547
547
546
547
546
545
544
543
541
540
537
535
534
533
531
531
530
530
528
527
527
527
526
527
526
527
526
527
528
528
527
527
528
528
528
529
528
528
527
527
529
528
530
531
532
531
531
531
533
532
534
532
533
532
533
534
538
541
548
554
561
568
576
582
586
589
592
592
593
592
591
589
588
586
585
583
581
580
578
576
575
571
570
567
563
560
558
555
551
548
543
541
538
538
537
538
538
539
540
541
542
542
541
540
537
536
533
532
529
527
525
523
522
522
521
521
519
520
519
519
518
519
518
519
519
521
522
522
521
522
521
521
520
523
523
525
524
525
525
526
526
526
527
529
528
529
529
529
529
529
528
529
529
528
530
530
531
532
534
533
534
534
534
535
539
543
549
555
563
569
578
583
589
591
594
595
596
596
595
594
592
588
586
583
583
578
577
575
574
572
570
566
563
560
558
555
553
551
549
548
546
544
542
542
541
541
540
540
538
538
536
535
532
531
529
526
524
524
522
520
518
518
517
517
516
517
516
516
516
516
515
517
517
517
517
518
519
519
519
521
522
523
522
524
523
523
525
525
527
527
527
525
526
526
527
528
528
529
529
529
530
530
532
531
533
532
533
532
533
532
534
535
537
537
538
538
540
539
541
541
544
546
552
557
563
570
578
584
591
596
599
600
600
599
599
597
596
592
589
587
584
580
578
576
572
571
569
567
565
563
561
558
556
553
550
548
546
546
546
546
545
544
543
543
542
541
540
539
537
537
536
535
535
534
532
531
528
528
528
527
526
526
525
525
524
524
524
523
522
523
521
522
522
524
524
525
525
525
525
525
525
526
525
525
526
526
526
526
526
526
526
526
528
528
529
530
531
531
532
532
532
531
532
531
534
533
534
534
536
536
538
538
538
539
542
546
552
558
567
574
581
587
593
596
599
600
601
599
597
596
594
592
589
588
584
582
579
577
575
573
571
569
567
565
560
559
556
553
552
550
549
548
547
546
546
545
545
545
543
543
541
541
539
539
536
536
534
533
531
529
527
527
525
525
524
523
523
521
520
520
520
521
521
519
519
520
520
521
522
522
523
521
522
521
522
522
522
523
523
523
524
524
526
527
527
527
528
527
528
529
528
527
528
527
529
529
531
532
533
532
532
532
532
534
539
542
549
555
563
570
577
581
586
589
591
593
592
591
591
588
586
583
581
579
576
574
572
570
568
567
565
564
562
559
558
556
554
552
551
551
549
549
549
549
549
550
549
548
547
546
544
543
541
540
538
537
535
534
531
530
528
527
526
526
525
526
524
524
522
522
522
522
521
522
521
521
521
521
522
521
520
520
521
522
523
523
525
524
524
525
526
526
527
526
526
526
527
528
529
530
534
533
534
534
535
533
534
532
534
535
539
543
550
557
565
571
578
582
588
592
595
594
594
591
590
587
584
581
576
574
569
566
564
562
560
560
559
557
557
555
554
554
553
554
553
555
554
554
552
552
551
550
548
548
546
546
545
544
544
543
542
542
540
540
538
537
535
533
531
532
531
531
530
530
529
529
529
529
530
532
532
533
533
534
536
536
537
536
538
538
538
537
537
538
539
540
541
540
542
540
539
537
537
536
541
544
550
555
562
567
573
578
584
587
589
589
589
586
585
582
579
575
572
568
565
563
562
561
560
559
558
555
554
553
551
549
547
546
545
544
544
543
544
544
545
544
544
544
544
543
542
543
542
542
539
539
538
538
536
536
533
532
531
531
530
529
528
528
527
528
528
528
527
527
526
527
526
528
528
529
529
529
528
529
528
529
529
530
531
533
533
534
533
531
530
530
531
534
539
544
550
555
564
570
576
580
584
586
587
586
586
584
582
578
575
570
567
565
564
561
559
557
555
554
555
554
551
548
547
546
545
543
543
541
541
541
540
540
541
540
541
540
540
539
538
538
536
535
534
532
531
530
529
528
528
526
526
526
525
525
524
523
523
524
524
525
523
523
522
523
523
525
524
525
524
525
524
524
525
526
526
527
527
528
529
529
528
528
528
531
534
539
544
551
558
565
572
578
582
585
586
587
588
587
587
584
580
576
573
569
566
564
562
561
560
558
558
555
554
551
549
546
545
543
542
541
542
540
540
539
539
538
538
536
537
536
535
533
533
531
531
529
528
526
525
524
524
523
523
522
522
522
521
520
520
521
521
521
522
522
522
523
523
524
525
525
525
526
525
527
527
527
526
527
526
527
527
529
530
531
531
531
529
530
531
534
536
542
547
554
561
568
575
581
585
589
589
591
589
588
586
583
580
576
574
570
566
564
562
559
558
556
555
554
553
551
549
546
544
542
542
541
541
540
541
539
539
539
539
537
538
537
536
535
534
532
533
531
530
529
527
526
526
525
524
524
523
522
522
521
521
520
521
520
521
521
522
522
523
523
525
525
526
526
526
527
527
527
526
526
525
525
526
527
528
529
530
530
529
529
529
530
533
537
541
548
554
563
569
576
581
587
589
592
592
592
589
588
584
582
577
575
571
569
566
565
563
562
559
559
557
556
554
551
550
548
547
547
546
546
544
544
544
543
542
541
541
540
539
539
538
536
537
534
533
530
529
528
528
527
527
525
524
523
524
522
524
522
523
522
523
522
522
521
522
521
522
522
523
522
523
522
524
524
525
525
525
526
526
526
527
527
527
527
526
527
527
528
528
531
535
541
546
554
559
568
574
581
584
589
589
590
589
589
586
584
579
577
574
573
570
568
565
563
560
559
556
555
553
551
548
547
545
544
543
544
543
545
545
545
544
543
542
541
541
540
539
538
536
536
534
533
532
530
528
527
526
524
523
521
521
520
519
518
517
515
516
515
514
514
515
513
515
514
515
514
515
515
515
516
516
517
517
518
517
517
518
518
520
521
522
523
523
523
523
523
522
525
526
531
537
543
551
561
568
576
582
586
588
590
590
590
588
586
582
579
573
570
566
563
560
558
555
554
551
550
548
547
545
544
543
544
544
545
544
544
544
545
546
545
545
544
543
542
540
540
537
538
536
535
534
533
532
531
529
528
527
525
525
523
522
521
521
520
521
520
520
520
521
521
521
522
522
522
522
522
524
523
525
523
524
523
524
525
526
527
529
528
528
528
528
526
525
526
531
535
543
550
558
565
573
579
584
587
589
590
589
588
585
582
577
574
569
565
560
558
554
553
550
550
548
546
544
543
541
540
538
538
537
536
535
535
534
536
534
534
533
532
530
531
530
530
527
526
525
523
523
523
522
521
520
519
518
519
517
517
518
518
517
518
518
517
517
517
518
519
519
520
519
520
521
521
521
521
522
521
523
522
523
523
523
524
525
525
526
524
524
524
527
531
538
544
552
560
568
574
581
584
Loop stopped.
