Output started
30000
412
397
392
390
390
390
390
390
391
391
391
392
393
394
393
394
395
395
395
395
396
395
396
395
396
396
397
397
397
396
396
395
395
395
397
397
399
398
399
397
398
397
397
397
400
400
401
401
402
401
403
405
410
415
419
424
430
434
440
443
448
450
452
453
453
452
452
450
449
448
447
447
446
444
442
440
437
437
435
434
431
430
428
427
423
422
419
419
417
418
416
416
413
414
411
410
408
408
405
406
403
404
401
402
400
399
398
398
397
397
395
395
394
394
392
394
393
393
393
392
394
393
394
393
394
392
394
394
395
394
396
395
397
395
397
395
396
394
397
396
397
395
397
396
398
397
399
397
398
397
398
397
398
398
400
400
401
400
401
399
400
401
402
402
403
402
402
403
406
408
413
416
418
425
429
435
441
445
448
449
449
451
449
449
448
448
446
446
443
441
439
439
436
436
434
434
431
431
427
426
425
424
421
421
419
419
418
418
417
416
415
415
412
412
410
409
407
406
405
404
402
402
400
401
399
399
397
395
395
395
393
393
394
394
395
393
393
393
393
393
394
393
393
392
394
393
393
392
393
391
393
392
393
393
394
393
394
393
394
392
393
394
395
394
395
395
397
396
396
396
397
397
399
398
398
399
399
399
400
400
401
402
403
403
405
406
408
411
416
421
426
431
434
440
444
448
449
452
450
451
448
448
447
446
442
443
440
441
437
436
434
435
432
431
429
428
425
425
421
421
418
419
419
419
418
417
415
415
411
411
409
408
407
407
405
404
403
401
401
400
399
397
397
395
396
395
395
393
394
393
394
392
393
392
394
393
393
392
394
393
395
393
394
393
394
394
395
394
395
394
396
396
397
396
398
397
397
397
397
397
398
397
398
397
396
397
397
398
398
398
399
399
399
401
400
401
403
403
403
404
402
403
403
406
408
414
416
420
423
430
435
440
443
446
448
448
448
449
447
448
446
445
443
443
440
440
437
436
434
434
431
429
428
427
426
424
422
423
421
421
421
421
421
420
419
419
418
417
415
415
413
413
413
411
412
410
409
407
406
404
404
402
401
399
399
396
397
395
396
394
393
392
393
392
392
390
390
388
390
389
389
388
389
388
389
389
391
391
392
393
395
395
395
394
395
395
398
398
400
400
401
402
403
403
404
405
406
409
409
410
409
410
412
416
418
424
427
433
436
440
442
445
445
448
447
449
445
446
445
445
442
440
438
437
434
436
435
436
432
431
428
428
426
426
423
422
422
421
421
421
420
419
420
419
418
417
416
415
414
413
411
411
411
410
410
407
406
404
403
402
401
400
400
398
399
397
398
397
397
397
396
396
397
396
397
396
397
396
397
398
399
398
400
400
401
402
401
400
399
399
400
401
402
403
402
403
404
404
405
405
406
407
407
408
409
409
409
410
412
415
418
421
424
428
431
437
440
444
445
446
445
446
445
446
443
442
439
438
436
435
432
431
430
430
428
428
426
425
423
423
420
421
419
418
415
416
414
415
415
415
414
413
412
410
408
409
409
408
407
407
404
404
404
403
404
402
402
401
400
400
400
399
400
397
398
397
398
397
398
397
399
397
399
397
401
399
400
399
400
399
400
399
400
401
401
401
402
402
403
402
403
403
404
403
405
404
406
405
408
406
406
405
406
408
407
408
409
410
411
415
417
421
424
429
433
438
441
445
446
447
446
448
445
446
443
444
442
442
439
439
437
437
434
435
432
432
430
430
430
429
427
426
423
424
422
422
421
421
420
421
418
418
416
415
413
411
411
410
411
410
409
408
407
405
406
404
405
403
403
401
401
400
400
398
399
398
399
399
399
398
399
398
397
396
397
397
398
398
398
397
398
397
398
398
398
399
400
401
401
401
402
402
403
402
403
402
403
402
404
404
405
405
407
407
407
407
407
409
410
411
410
412
413
417
420
425
428
433
437
442
445
449
450
453
453
454
452
453
450
450
448
447
445
444
442
441
440
439
437
435
434
433
431
430
428
427
423
422
419
418
418
418
417
416
414
412
412
411
410
408
407
408
407
405
405
403
403
402
401
400
400
400
401
399
399
398
398
397
398
397
397
397
397
396
398
397
399
398
399
398
399
398
399
399
400
400
401
400
400
400
402
401
402
401
401
400
402
401
402
401
402
402
401
402
402
403
404
405
404
406
406
407
407
408
406
408
407
410
410
414
417
423
426
431
433
439
441
446
448
451
451
451
451
450
448
448
445
443
441
440
437
436
436
435
432
432
430
430
427
426
424
423
421
419
418
417
417
415
416
414
414
413
412
411
411
410
410
408
407
406
405
403
404
401
401
400
400
398
398
397
396
396
396
395
397
396
397
398
397
396
397
397
398
397
398
399
399
398
398
398
398
399
400
401
402
401
401
400
402
401
402
402
402
402
402
401
401
402
402
405
404
405
405
406
404
405
405
404
405
407
407
409
408
410
411
413
416
420
424
430
434
440
443
448
450
452
450
451
449
449
448
447
445
444
441
441
437
437
435
435
433
432
430
430
428
428
424
421
420
419
418
418
417
417
418
416
415
412
411
409
409
407
407
405
406
403
403
400
401
399
399
398
399
397
397
396
396
395
396
395
396
395
396
395
395
395
395
394
395
396
397
397
398
398
398
399
399
399
400
400
399
399
398
399
398
399
400
401
401
402
401
401
401
404
402
403
402
404
403
403
402
403
402
403
403
405
404
406
405
406
406
410
411
415
419
424
428
433
437
443
446
449
450
453
452
452
451
450
448
448
446
445
443
442
439
438
438
436
434
433
431
431
428
427
425
424
422
420
421
419
420
418
418
415
414
412
412
410
410
408
408
407
406
404
402
401
401
400
400
399
399
397
398
396
397
395
396
395
395
394
394
393
395
395
396
395
396
394
395
395
395
394
394
394
396
395
395
396
397
398
397
398
398
398
400
401
400
401
400
401
398
399
398
400
400
401
401
403
401
402
400
402
402
405
404
405
404
404
405
409
411
415
419
425
429
435
440
444
446
449
449
450
450
449
448
448
446
444
441
440
438
437
435
435
434
432
431
430
430
427
426
423
423
419
420
418
419
417
418
416
416
414
414
411
410
408
408
407
406
403
403
401
400
398
398
396
396
395
395
393
393
392
392
392
392
391
392
391
392
391
390
390
391
391
392
392
392
394
393
394
393
394
394
395
395
396
394
395
394
396
396
397
398
399
397
397
396
398
398
399
399
400
400
402
402
402
402
404
404
405
405
407
407
408
410
412
415
420
425
430
435
441
445
449
451
451
453
453
453
453
452
449
449
447
445
443
441
438
439
437
436
433
432
429
428
425
424
422
421
419
420
419
419
418
417
413
413
411
411
410
409
407
406
403
402
399
399
398
398
396
394
393
392
390
390
388
389
388
389
388
386
386
385
386
387
387
389
390
390
392
393
394
393
394
394
396
395
397
397
399
398
401
399
402
400
402
400
402
401
403
402
404
404
406
405
406
405
405
404
406
407
408
408
407
407
409
410
414
417
422
427
432
437
442
444
446
448
449
450
450
449
448
448
446
446
443
442
441
440
438
438
435
435
433
434
432
431
429
428
424
425
422
423
421
421
419
419
417
416
413
412
410
410
407
406
404
404
401
400
399
399
398
397
395
394
394
393
393
394
393
391
391
391
391
391
393
393
394
393
394
393
395
395
396
395
396
394
395
394
396
395
396
396
396
396
397
396
397
397
399
399
400
399
401
401
402
402
402
403
403
404
405
404
405
405
407
408
411
414
420
424
431
435
441
445
448
450
452
453
453
453
452
451
450
449
447
446
443
442
440
439
438
438
436
434
431
431
428
427
423
423
421
421
418
418
416
416
414
413
410
409
406
407
404
403
401
402
400
399
398
396
394
394
392
391
390
390
389
389
389
390
389
388
388
388
389
389
391
392
393
392
394
393
394
393
394
394
394
393
395
394
395
395
397
396
397
396
397
395
398
398
399
398
399
398
400
398
400
401
402
402
402
403
403
402
402
403
405
405
406
405
405
406
408
412
416
422
428
434
439
445
449
453
454
455
456
456
454
454
451
450
447
446
442
442
439
440
438
437
433
432
429
428
426
424
421
420
419
418
416
416
413
414
411
411
409
409
406
405
404
403
401
400
398
397
395
395
394
393
392
392
391
390
389
388
389
389
391
390
390
390
391
390
391
390
391
390
392
391
393
393
395
394
395
393
393
393
395
394
396
395
397
397
398
397
399
398
400
399
400
400
400
401
403
403
402
402
403
403
404
404
404
404
405
404
405
404
405
405
406
406
407
407
406
408
409
413
418
423
428
433
439
445
449
454
455
456
454
455
453
453
451
450
446
445
442
441
438
439
435
435
432
432
429
428
424
423
420
419
417
417
414
414
413
413
412
412
409
408
407
405
403
401
401
400
399
398
397
396
395
395
394
393
393
391
391
390
390
389
390
389
391
389
390
389
391
390
391
390
391
391
391
391
393
391
393
392
393
394
395
394
394
392
393
393
395
396
396
396
396
396
396
397
398
399
399
399
400
400
400
400
402
402
400
401
401
403
401
403
403
405
405
406
405
407
407
408
407
409
407
410
411
411
410
413
415
419
424
430
435
442
446
450
454
458
458
460
459
460
459
457
455
453
450
447
445
444
442
440
439
437
435
433
430
429
427
426
424
423
422
420
419
417
417
415
415
413
412
411
411
408
408
405
405
403
403
401
401
398
398
396
396
394
394
393
393
392
392
392
392
392
393
392
392
392
392
392
394
394
395
394
396
395
395
395
396
396
396
397
397
399
398
400
399
400
399
400
399
401
401
402
400
401
401
403
402
403
401
403
402
403
403
404
404
406
405
405
405
406
404
406
406
408
407
408
409
411
412
417
421
427
432
439
445
451
454
458
458
457
457
456
455
454
453
452
451
448
446
443
442
440
438
435
434
429
429
426
426
424
424
421
421
419
420
418
418
417
417
416
415
412
412
411
411
409
408
406
405
403
402
401
400
400
399
397
398
397
397
397
396
395
396
395
393
394
394
395
396
396
396
397
396
397
396
398
398
398
398
399
398
399
398
400
399
399
398
400
399
400
399
400
400
401
399
401
401
401
402
402
401
402
402
403
403
404
403
405
404
405
405
405
405
407
408
409
410
410
410
414
418
424
430
436
442
448
454
458
461
461
462
461
460
459
458
455
454
449
449
444
444
441
439
436
436
432
432
429
428
425
425
421
420
418
417
416
417
415
415
413
414
412
412
409
408
406
405
402
402
401
401
400
398
397
397
396
395
394
394
393
393
394
392
394
393
394
392
393
392
393
393
395
394
396
395
396
396
397
396
398
398
399
398
401
400
401
401
401
400
401
401
403
402
403
402
403
402
403
402
402
403
403
402
403
403
404
403
405
404
404
405
407
407
406
407
409
412
415
422
427
434
438
445
449
454
456
461
459
460
459
459
456
454
449
448
444
444
441
441
438
436
432
431
428
427
426
424
422
421
418
418
416
416
416
416
415
416
415
416
414
414
412
411
409
408
406
404
403
402
401
400
400
397
398
396
396
394
394
393
393
392
393
393
395
394
394
394
394
393
393
393
394
394
395
