Output started
30000
512
507
505
505
506
504
505
505
504
502
500
498
498
497
498
499
501
503
504
504
504
503
504
503
505
505
507
505
505
502
502
501
502
502
504
504
506
506
506
505
505
506
507
510
513
516
523
529
534
540
546
551
554
556
558
560
560
561
560
559
556
554
551
550
546
544
544
545
544
543
540
540
537
535
532
531
530
532
529
530
529
529
527
526
522
519
514
513
510
510
507
507
506
506
505
506
506
505
503
505
505
506
506
506
504
503
501
499
499
498
499
501
502
502
502
501
500
500
499
500
499
496
495
497
500
503
506
507
509
509
509
507
507
507
509
509
512
515
521
526
532
537
543
547
552
554
557
558
559
557
557
554
552
550
549
547
545
542
541
538
537
535
535
532
531
528
526
524
524
524
524
527
528
528
527
526
524
523
522
520
519
519
518
516
514
513
512
511
509
509
507
508
506
506
506
506
505
505
502
500
497
496
495
496
495
498
497
499
498
499
498
500
500
503
503
504
503
503
503
504
505
507
509
510
511
510
510
510
510
511
511
512
515
518
523
528
534
539
543
546
548
548
551
549
550
549
548
546
546
543
542
539
537
535
534
532
531
528
527
524
522
520
519
518
519
519
520
519
519
518
518
517
517
516
515
513
511
509
507
506
503
505
504
504
504
504
503
503
502
501
500
501
499
499
497
498
497
497
494
495
494
496
496
497
500
501
501
502
500
503
502
504
504
505
503
503
502
504
505
507
508
509
512
513
515
515
516
518
518
518
520
524
530
535
541
548
552
556
557
557
556
557
558
558
559
558
558
556
554
548
544
540
538
534
534
533
533
530
530
527
526
524
523
522
524
524
525
525
526
525
526
525
525
523
524
524
523
520
517
514
513
512
512
512
512
511
512
511
510
509
507
506
506
505
505
505
503
504
502
502
502
502
500
501
501
503
505
506
507
508
507
508
507
508
508
510
509
509
507
509
509
510
511
514
516
519
520
523
523
525
525
525
525
525
528
532
536
543
548
551
554
556
557
557
559
563
566
567
567
564
561
557
554
549
546
544
544
541
541
538
536
533
533
532
532
532
533
532
534
533
533
530
531
529
529
527
528
526
525
526
527
527
529
528
528
527
524
523
521
519
517
516
514
512
511
510
507
507
506
505
503
503
501
502
502
503
504
506
506
508
507
507
505
506
504
505
505
507
505
505
504
505
505
508
510
513
515
517
519
519
519
520
519
520
521
523
526
530
536
541
545
550
553
555
556
558
559
559
560
559
557
555
554
551
549
546
545
542
541
539
540
538
537
535
534
532
532
531
533
532
532
531
530
530
531
530
530
528
527
526
527
526
526
524
526
525
523
521
520
519
518
516
517
517
517
517
517
517
516
514
514
514
514
515
516
516
516
517
517
517
518
520
521
521
520
520
521
522
524
525
525
525
523
522
520
520
520
520
522
525
529
534
537
545
550
556
558
559
557
556
555
555
553
552
550
550
548
546
544
542
539
537
538
538
538
539
538
537
535
534
534
534
535
534
534
532
530
529
527
526
527
527
528
528
528
528
527
526
527
526
525
524
525
522
522
519
518
517
517
516
517
516
516
515
517
517
518
518
518
516
515
514
514
515
518
518
519
519
519
520
523
527
529
532
532
532
530
528
526
523
522
522
523
527
530
535
540
545
548
552
555
558
559
561
561
561
561
560
557
555
551
549
546
544
542
541
538
539
539
540
538
534
533
532
533
533
535
534
534
535
535
535
536
535
535
534
533
532
532
530
531
531
532
532
533
532
532
531
531
529
529
526
523
519
517
515
515
515
515
516
517
516
515
513
511
510
510
511
512
513
512
512
511
511
515
519
521
523
525
525
525
523
521
520
521
523
525
529
533
539
543
547
551
554
555
557
556
557
556
556
554
554
551
549
545
543
539
539
537
536
535
536
535
535
534
532
531
530
529
528
528
527
527
528
529
530
528
528
527
526
523
520
520
518
516
517
516
515
515
514
513
512
512
511
510
510
509
506
506
505
503
503
503
502
503
503
504
505
506
504
504
503
503
504
504
503
504
504
508
510
515
519
523
523
525
523
522
520
521
521
522
523
528
531
536
540
546
551
554
556
559
559
561
562
562
562
563
561
558
556
552
549
545
543
540
540
537
536
534
533
529
527
524
524
522
522
521
522
521
522
522
523
523
524
523
522
520
519
518
517
515
515
513
513
512
512
512
513
512
511
512
514
515
515
515
513
513
513
513
513
512
512
512
514
515
516
517
517
519
518
519
520
522
521
521
520
520
519
521
521
524
526
528
528
530
528
528
527
528
527
528
530
535
539
546
552
561
565
570
572
575
575
576
575
574
574
573
569
566
563
559
555
551
550
547
547
546
545
543
541
538
535
533
531
530
531
530
531
530
530
528
528
527
528
527
528
527
527
526
525
523
523
522
521
520
520
518
517
516
514
512
512
510
511
509
509
508
507
507
506
505
504
506
507
507
507
507
506
507
508
510
511
512
512
512
511
513
514
518
519
521
521
522
522
522
523
525
526
527
529
533
537
543
550
559
564
569
570
572
571
571
570
571
569
569
566
566
562
560
556
554
550
548
545
543
542
540
537
535
532
530
528
527
527
528
528
528
528
526
525
524
523
520
520
518
517
515
514
512
511
511
511
509
509
508
509
509
509
508
507
506
505
503
503
500
499
498
497
496
497
497
499
499
500
499
499
498
499
499
500
502
503
502
502
502
502
501
502
502
505
507
508
511
512
514
515
517
517
521
521
527
531
539
543
550
553
557
558
559
559
560
560
562
561
561
559
556
553
551
549
547
544
545
544
544
540
539
535
534
532
529
528
527
528
528
528
528
527
526
525
524
524
523
521
519
518
516
515
514
513
512
511
508
508
507
506
505
504
503
503
501
501
499
498
498
498
496
496
495
495
495
496
497
498
497
498
496
497
497
497
498
499
498
496
496
496
497
499
502
504
507
507
509
510
512
513
516
517
518
521
526
530
537
543
551
555
559
559
561
562
565
565
565
564
563
559
557
553
550
547
545
542
543
543
543
541
538
535
532
529
528
527
528
527
528
527
527
525
524
524
524
523
523
522
520
517
515
514
512
510
509
506
506
504
504
505
504
503
501
499
496
495
491
491
490
491
490
491
491
492
491
492
493
493
493
494
492
494
494
494
494
495
495
494
493
495
495
499
500
503
503
504
504
503
502
503
505
505
508
511
515
521
528
536
543
547
551
554
556
557
558
558
560
559
558
557
555
551
549
546
544
542
541
539
539
536
535
531
531
530
529
529
529
529
529
528
527
526
525
523
524
523
523
521
521
519
519
519
517
516
516
516
514
515
513
513
512
512
512
511
510
510
509
509
509
508
507
506
506
507
506
507
508
508
507
508
508
511
511
514
515
516
514
513
511
508
505
506
505
509
512
518
525
534
542
551
557
562
564
564
563
563
564
563
562
560
557
555
552
549
547
544
543
542
541
540
539
536
533
532
530
529
528
527
528
528
527
525
524
521
520
518
518
518
517
516
516
515
515
514
514
513
512
510
510
508
507
505
505
504
505
504
504
504
506
506
507
507
507
507
508
508
507
508
508
507
506
506
507
509
510
514
515
515
514
514
511
509
508
510
511
515
520
528
534
542
548
555
559
564
564
566
566
566
565
565
563
561
557
555
550
548
544
542
539
538
537
535
533
529
527
526
525
526
526
528
530
530
531
529
529
527
526
523
523
520
519
517
516
515
515
514
514
513
513
512
512
509
509
506
507
504
503
501
500
498
498
496
497
497
499
498
499
498
499
499
500
500
500
499
500
500
499
501
504
505
506
508
508
507
507
507
508
509
512
516
520
525
531
540
545
551
554
557
559
561
562
564
563
565
563
562
558
556
552
550
548
547
545
544
542
540
537
535
531
530
527
526
525
526
525
525
524
523
521
520
518
518
517
516
515
513
511
508
505
504
503
502
501
499
499
496
496
495
495
495
494
493
493
492
492
491
493
493
494
493
493
492
491
491
491
491
492
492
492
491
494
495
498
501
505
506
507
507
508
508
509
510
512
516
522
527
535
542
548
552
555
559
560
562
561
562
563
562
560
558
554
552
547
544
539
538
535
533
530
528
526
523
521
519
516
515
514
514
513
513
510
510
509
507
506
506
504
504
502
501
499
498
497
496
494
494
494
493
493
492
494
494
494
495
493
493
493
491
490
490
490
489
491
491
492
493
493
491
492
491
492
492
493
493
493
492
492
492
494
496
499
500
502
503
503
502
505
506
509
511
515
520
527
534
541
548
552
554
555
555
556
557
558
559
558
556
553
550
545
543
539
536
534
531
530
529
526
525
521
520
517
517
515
515
514
515
512
512
510
509
506
506
504
504
503
503
501
501
499
499
496
495
494
493
491
490
490
489
487
488
486
486
485
484
483
483
482
481
482
483
484
486
486
486
487
488
488
487
487
489
490
489
489
488
488
488
490
492
495
496
499
498
500
500
502
504
507
509
513
517
523
529
537
543
551
554
556
556
557
556
557
558
559
557
557
554
552
547
543
540
536
533
531
530
529
527
523
520
518
516
514
514
515
514
514
513
512
512
510
510
507
506
504
503
501
499
497
496
494
493
491
490
490
491
489
490
489
489
488
488
485
484
483
484
484
484
484
484
482
482
483
485
486
488
490
490
490
489
490
491
492
494
495
493
492
491
490
491
493
494
497
499
501
502
504
505
508
510
512
514
518
522
529
536
543
548
553
554
556
557
559
558
558
556
555
552
550
546
544
541
539
537
535
533
531
528
526
522
521
517
515
512
511
510
510
511
511
512
512
511
509
507
505
505
504
504
503
503
500
499
497
496
495
495
495
495
493
493
491
490
490
490
487
487
486
485
484
484
482
483
483
484
484
487
488
488
487
488
489
489
489
489
488
488
487
486
488
489
491
494
496
495
495
493
494
494
495
497
499
503
509
515
522
528
536
541
547
549
551
551
552
553
553
552
551
549
547
545
544
541
538
535
534
532
531
529
529
527
525
523
523
522
523
523
524
523
522
521
520
522
520
520
519
516
514
511
510
508
506
505
503
501
500
500
498
498
496
497
495
495
493
493
492
492
491
493
494
497
497
498
497
498
497
499
500
503
504
505
504
504
503
504
506
509
510
512
513
513
511
509
506
504
505
507
511
518
526
534
541
547
552
553
554
553
552
551
551
550
548
545
543
540
538
535
534
531
530
529
529
529
528
525
524
522
522
520
520
520
521
520
522
520
521
521
522
521
521
520
520
518
518
516
515
514
514
514
512
511
510
507
505
504
504
505
503
503
503
503
503
503
504
505
505
505
504
505
504
505
504
504
502
503
501
503
502
504
504
506
507
509
509
510
508
511
511
516
518
523
529
537
541
547
550
554
555
557
556
558
559
559
559
557
555
553
550
547
544
541
540
538
536
534
533
531
530
527
525
525
525
524
526
526
528
528
528
527
526
525
525
524
523
520
519
518
517
515
516
514
513
513
511
510
509
509
509
508
507
505
505
504
505
504
503
503
503
503
501
500
499
499
500
501
501
501
501
502
503
505
508
511
512
513
512
512
510
509
507
509
510
515
520
527
534
540
545
549
551
553
553
554
553
552
550
549
547
544
541
538
536
533
531
531
529
529
529
527
526
524
522
521
521
521
521
521
522
521
519
518
517
515
514
512
512
511
511
510
510
509
510
508
508
507
508
507
506
506
506
505
505
504
503
501
502
500
500
500
502
501
502
501
501
499
501
501
501
500
502
502
504
506
507
509
512
514
514
516
516
516
516
516
518
520
521
525
529
534
540
546
551
556
558
560
558
557
555
555
554
555
553
551
546
544
539
537
533
532
530
529
528
527
525
523
520
520
519
520
519
519
518
519
519
518
516
515
514
513
513
513
512
512
512
510
509
509
508
508
508
507
507
506
506
503
503
501
501
500
500
499
499
497
498
496
497
497
499
499
500
500
501
501
502
501
502
501
500
498
497
498
500
501
504
506
509
510
512
511
513
515
516
518
520
525
530
537
543
550
553
557
559
561
561
561
561
563
564
563
560
559
554
551
548
546
544
543
541
540
539
537
534
532
529
527
527
527
527
528
528
526
522
521
519
518
517
517
517
517
516
514
513
511
509
508
507
506
506
505
502
501
500
499
499
499
499
499
499
500
500
499
498
495
496
495
495
496
499
499
501
500
500
498
500
500
501
502
502
502
501
499
501
501
503
505
508
508
509
508
510
512
514
515
518
522
527
531
538
546
553
558
562
564
564
564
563
563
562
562
561
559
557
554
550
548
545
544
542
542
540
539
536
533
530
528
524
524
523
524
524
525
525
524
521
521
518
518
516
516
515
515
514
513
510
510
507
507
504
503
502
501
501
500
498
497
496
496
496
494
493
492
492
491
490
488
489
488
489
489
489
488
489
488
490
489
491
490
492
490
489
487
489
487
490
491
494
495
499
499
503
504
507
508
511
513
517
521
528
534
542
547
553
554
557
556
557
559
560
561
560
557
553
550
547
545
542
539
537
536
534
533
530
528
523
521
518
517
515
516
516
517
516
517
515
514
513
512
512
512
513
513
511
510
508
508
506
505
505
505
503
502
502
502
499
499
499
499
497
496
495
494
493
492
492
492
492
Loop stopped.
