Output started
30000
478
472
469
470
471
472
472
476
479
484
489
496
503
510
515
523
527
533
536
539
539
539
539
538
536
535
532
531
527
525
523
522
518
515
511
508
506
504
501
497
494
492
490
488
486
486
486
485
484
482
480
477
475
474
472
470
470
467
467
465
466
464
465
464
464
463
464
464
465
463
463
462
462
461
462
462
462
462
463
462
462
461
461
459
461
462
464
466
467
470
469
469
473
478
483
488
494
502
508
515
522
527
530
533
534
534
533
532
532
528
526
524
521
519
517
517
512
510
505
502
498
495
492
490
488
486
483
481
480
479
478
478
476
477
475
473
471
471
470
470
469
469
467
467
464
463
461
460
459
458
458
459
459
459
459
459
460
459
458
457
457
457
456
457
458
457
460
461
462
462
463
464
466
466
467
467
467
465
466
468
471
474
480
485
491
497
503
508
515
521
528
531
533
535
536
534
533
531
530
527
526
522
520
519
516
513
509
505
502
499
495
493
491
489
487
484
482
482
480
480
479
479
479
479
477
476
474
473
472
472
470
471
468
468
465
466
464
465
463
463
461
462
461
462
461
462
461
462
460
462
462
463
464
464
464
465
464
465
465
466
467
467
467
467
467
469
471
471
472
472
472
473
473
475
475
476
480
487
494
501
509
515
523
528
533
534
535
534
534
533
531
529
526
521
519
519
518
514
512
507
505
501
498
493
491
487
486
485
484
482
482
481
482
481
480
479
479
478
476
475
474
472
471
471
471
470
469
469
468
468
466
465
465
465
464
465
465
466
464
465
465
466
466
468
469
470
469
470
469
471
472
473
473
474
474
475
474
475
476
476
477
479
479
480
480
481
480
482
484
483
486
491
498
504
513
519
525
529
531
533
534
534
535
533
530
527
524
520
519
518
518
515
512
509
507
504
501
498
495
492
490
487
486
485
485
484
484
483
482
480
479
477
476
473
472
470
470
469
469
469
469
467
467
465
464
464
463
463
463
463
463
464
463
464
463
464
464
465
466
467
468
470
470
471
470
471
470
471
471
471
471
471
472
472
473
475
475
475
473
473
473
474
477
481
483
489
495
502
509
516
522
527
531
534
534
535
534
533
532
530
528
526
523
521
519
518
516
514
511
509
507
505
502
499
496
492
488
486
485
483
485
483
482
481
481
479
477
476
476
474
474
471
471
469
469
468
467
466
466
464
464
463
463
462
462
461
463
462
463
462
464
463
464
465
465
466
467
467
468
468
469
470
471
472
472
473
474
474
474
474
473
474
474
475
475
477
477
478
478
481
482
483
484
487
490
495
500
508
514
522
526
532
534
537
536
538
536
535
532
531
528
527
523
522
520
519
516
513
511
508
505
503
500
498
495
493
492
490
490
489
488
487
487
486
485
484
483
482
481
479
478
476
475
474
473
471
471
470
470
470
471
470
470
468
469
468
468
467
467
467
467
466
467
467
468
468
469
470
472
472
473
473
472
473
474
475
478
475
475
473
473
474
474
474
474
476
477
477
478
480
481
485
487
492
497
502
508
515
520
525
530
534
537
541
541
541
540
540
537
535
532
530
526
526
523
521
516
514
511
510
507
505
503
500
498
497
496
495
494
494
493
494
492
492
491
489
489
487
486
485
485
483
481
480
480
478
477
476
476
475
475
475
475
475
476
475
476
477
479
480
481
482
482
481
482
481
483
482
482
481
481
480
478
478
477
476
476
474
474
473
475
475
477
478
479
480
482
483
483
485
488
492
497
503
508
513
519
525
530
535
537
539
538
539
538
536
534
532
529
527
523
525
522
520
517
515
511
509
507
506
503
502
500
499
496
496
495
495
494
495
493
493
492
490
489
489
487
486
484
484
483
482
481
481
480
478
477
478
478
478
478
477
477
477
476
474
475
474
475
475
475
476
476
476
477
476
477
475
476
474
477
477
479
478
480
479
480
480
482
482
484
485
484
482
483
483
485
486
489
492
497
502
508
512
518
523
528
532
535
538
538
539
538
535
533
532
529
527
524
524
520
518
514
512
509
509
505
504
502
500
499
499
497
498
497
497
496
496
496
495
493
493
492
491
490
490
489
488
487
486
483
483
481
481
480
480
478
478
478
478
477
477
477
476
477
478
480
479
480
480
481
480
481
481
481
481
480
480
480
480
481
480
480
480
482
481
483
482
482
481
482
482
487
488
491
496
503
509
515
519
524
527
530
531
532
531
531
529
529
527
527
524
521
520
519
516
514
512
510
508
506
503
501
499
497
495
494
494
494
494
494
493
492
491
490
489
487
487
486
487
485
486
484
484
481
480
478
477
475
475
474
475
473
474
474
474
474
475
475
475
474
474
473
473
472
474
473
474
473
474
474
475
476
476
477
478
478
479
479
479
480
481
483
484
488
494
499
506
512
517
523
525
530
531
532
531
531
529
529
526
524
522
520
517
519
517
516
513
511
507
505
503
500
496
495
492
492
489
491
489
489
487
487
485
485
483
481
479
478
477
476
474
473
472
470
469
467
468
467
467
466
466
465
466
465
466
466
466
465
467
465
465
464
465
465
467
466
467
467
469
467
468
466
467
467
469
469
470
471
471
471
473
474
475
476
481
486
492
498
505
511
517
523
527
530
532
532
532
531
530
529
528
526
523
521
519
518
517
515
510
508
505
503
500
499
495
494
491
490
487
486
485
485
484
484
482
483
481
480
479
477
475
473
472
471
469
468
467
466
465
464
463
463
462
464
463
464
463
463
463
463
461
462
461
463
463
463
464
465
466
465
466
466
468
468
468
469
469
469
470
470
471
472
474
474
474
474
476
477
478
480
486
491
497
503
511
518
524
529
533
534
535
534
534
532
532
529
528
526
524
522
521
519
516
513
510
507
504
502
498
495
493
490
488
486
486
486
483
483
481
481
478
477
475
475
473
472
469
470
468
467
466
466
464
465
462
462
460
459
459
457
456
455
455
456
455
455
455
456
454
456
456
456
455
456
458
459
459
461
462
462
463
463
464
465
466
466
466
465
466
466
467
468
469
471
469
467
468
468
472
475
481
485
492
498
506
512
518
524
530
531
534
534
535
534
534
532
532
529
527
524
524
522
522
518
516
513
510
507
504
501
498
495
492
491
488
488
487
486
485
484
482
481
480
478
476
474
471
470
468
467
465
464
462
461
461
461
460
460
459
459
459
460
459
460
459
459
459
460
458
458
458
459
459
461
460
461
461
463
463
464
463
464
464
465
465
465
466
468
468
469
469
469
469
469
471
472
472
470
470
472
473
473
475
477
481
485
492
498
506
512
519
523
529
531
536
536
537
536
536
533
531
528
526
522
524
522
521
517
515
511
509
507
505
500
498
495
492
490
489
487
486
485
484
484
485
483
482
480
478
475
474
472
471
470
470
471
469
470
467
466
465
464
463
462
461
461
461
461
460
461
460
461
461
461
461
462
461
462
464
465
464
466
466
466
466
466
466
467
467
468
467
468
467
468
470
470
471
471
471
471
470
471
471
473
475
477
483
490
497
505
514
521
529
535
541
542
544
543
542
540
538
533
530
526
527
522
519
515
512
508
505
502
499
494
491
487
485
483
483
481
480
480
481
480
480
478
478
476
476
475
473
471
471
469
469
467
467
467
467
467
465
464
463
464
464
465
464
465
464
464
463
464
463
464
464
467
467
469
469
470
468
468
468
471
470
470
469
469
467
469
468
469
469
469
468
469
469
470
470
471
472
475
479
483
490
496
503
509
516
522
528
532
536
538
539
539
538
537
535
533
531
527
525
523
523
521
519
516
514
509
506
501
498
494
491
487
487
484
484
482
482
480
480
478
477
474
473
471
470
468
467
465
465
463
462
461
460
458
457
456
456
455
455
456
456
455
455
454
454
454
455
457
458
458
459
460
461
461
462
463
463
464
463
464
463
464
465
465
466
467
467
468
469
471
471
472
473
474
473
476
476
476
479
484
490
496
503
511
517
524
529
533
535
536
535
535
534
533
532
530
528
525
523
521
521
520
516
513
511
507
505
502
498
494
492
488
486
485
484
482
482
480
480
477
476
475
474
472
471
470
470
468
468
467
465
464
462
460
460
459
460
459
459
459
459
458
458
458
459
460
459
460
461
461
461
462
462
463
463
463
462
464
464
465
465
467
466
468
468
468
468
470
469
471
471
473
473
474
474
474
472
474
476
481
485
492
498
506
511
518
523
528
530
532
532
533
532
532
529
528
526
523
521
519
519
518
515
512
509
506
503
500
498
494
492
491
488
486
485
484
484
483
482
481
481
480
478
476
475
473
473
470
469
467
466
465
465
463
463
461
461
461
460
460
460
458
459
459
460
458
460
460
461
460
461
461
462
462
464
465
464
465
466
467
467
468
468
468
469
469
469
470
470
471
471
472
472
474
475
476
477
476
474
476
479
484
488
496
502
510
516
523
527
532
535
538
539
539
539
538
535
533
530
528
523
524
521
519
515
513
509
507
503
500
497
494
491
489
488
487
485
484
483
482
481
480
478
476
476
474
473
471
470
467
467
465
465
464
463
462
462
461
461
461
461
462
462
462
465
463
464
463
465
464
465
464
466
465
467
466
466
466
467
466
466
466
468
468
469
469
469
470
470
471
471
471
471
473
474
476
476
477
478
478
480
479
480
484
488
495
501
508
513
520
525
530
533
537
536
537
536
535
532
531
529
527
524
523
522
522
519
517
513
510
508
506
503
501
498
496
494
493
492
491
490
489
488
487
485
484
483
482
480
480
479
477
476
474
472
471
469
469
468
467
467
465
466
464
464
464
465
465
465
464
466
465
466
466
466
466
467
467
469
468
468
468
469
470
471
471
473
473
473
473
474
474
476
477
478
478
477
477
477
478
479
481
481
484
490
496
502
509
515
519
523
527
528
531
530
531
528
527
523
521
519
517
515
516
513
512
510
508
505
503
499
497
494
493
491
489
488
488
487
487
486
486
484
483
480
480
480
479
477
476
475
473
472
471
470
470
468
468
467
466
465
466
465
465
465
465
465
464
465
464
466
467
468
467
468
467
468
467
470
470
470
470
471
470
470
469
471
472
474
475
476
476
476
475
476
477
480
480
485
490
497
503
510
515
521
525
529
530
533
532
532
532
529
528
525
524
521
520
518
519
518
516
513
511
508
506
502
500
497
495
492
491
490
489
487
487
487
486
484
482
481
479
477
476
474
472
470
470
467
466
464
464
462
462
461
462
462
461
462
460
460
460
461
462
462
462
462
461
464
464
465
465
465
464
465
465
466
467
467
467
468
468
469
468
470
470
472
471
472
473
475
475
480
484
490
497
506
511
517
523
527
530
533
533
533
532
532
529
528
526
525
522
520
519
519
516
513
510
507
505
501
497
494
490
488
486
484
483
480
480
479
478
478
477
475
474
473
473
471
470
467
467
464
463
461
461
459
459
459
458
458
460
460
461
459
460
458
459
459
460
461
461
461
462
462
464
464
464
463
463
463
464
464
464
464
465
466
466
467
467
468
468
469
469
470
470
472
474
475
478
484
491
499
506
513
519
525
528
533
535
536
534
535
533
531
528
527
524
521
522
522
520
517
513
511
506
503
499
497
493
491
487
485
484
483
482
481
480
479
478
477
476
473
473
472
471
470
468
467
466
465
465
463
463
462
462
460
461
459
459
459
462
460
461
461
462
460
461
461
462
462
463
463
464
464
464
464
464
465
466
467
468
467
467
467
467
467
468
468
469
470
470
471
473
473
475
474
475
479
483
489
495
503
510
517
523
529
533
537
538
540
540
540
538
537
533
532
529
528
525
524
523
521
516
514
511
507
504
502
498
496
493
491
488
487
485
484
482
481
480
479
477
476
474
472
470
469
467
465
465
464
464
463
462
460
459
457
456
456
456
455
457
457
459
459
460
461
462
461
462
463
463
464
465
464
465
465
466
465
467
466
468
468
469
469
470
469
471
470
471
472
473
473
474
475
475
474
477
478
480
483
488
495
502
510
517
523
529
533
537
539
540
540
538
537
535
532
529
528
525
523
524
522
518
516
512
509
504
502
497
496
492
491
489
489
487
486
485
484
482
481
478
478
477
477
475
474
472
471
469
467
465
463
462
462
461
460
459
459
459
458
458
459
459
458
459
459
460
461
461
461
463
463
464
464
465
465
466
465
466
465
467
468
468
469
469
469
470
469
470
470
472
472
472
471
472
472
475
477
480
485
493
500
509
517
524
529
534
537
538
540
540
539
537
535
533
530
527
526
524
524
520
518
515
513
508
506
501
499
494
491
487
486
483
482
480
480
478
478
476
476
474
473
471
470
467
467
465
464
462
461
459
459
458
458
457
457
456
457
456
456
456
456
457
455
457
457
457
457
458
458
460
460
461
461
462
462
464
464
466
466
465
463
464
463
464
462
464
464
465
465
468
468
469
469
471
470
473
475
480
484
491
498
506
514
522
528
535
537
541
542
543
541
541
539
536
533
530
528
527
527
525
523
520
516
512
510
506
503
500
497
492
489
487
486
484
483
482
483
480
481
479
477
475
474
472
470
468
468
466
465
462
461
459
458
456
457
454
455
454
455
454
454
453
455
454
455
456
456
455
456
455
456
456
457
458
458
459
460
461
462
463
465
463
461
461
461
462
462
464
465
465
464
466
Loop stopped.
