Output started
30000
425
414
411
412
412
412
413
415
416
418
418
419
419
420
421
420
420
421
421
423
423
425
425
426
425
427
430
432
434
437
441
445
451
456
461
467
472
474
477
477
478
477
477
474
474
470
470
467
466
464
463
461
460
457
455
452
452
449
448
445
444
442
442
439
440
438
439
438
438
435
435
432
432
431
431
431
431
429
429
426
427
425
424
423
423
424
423
423
422
422
422
422
421
421
421
421
420
420
419
420
418
419
418
420
418
419
418
420
419
421
421
422
421
422
421
423
422
423
422
423
420
422
421
423
423
423
423
424
425
427
427
429
432
435
438
442
446
451
456
460
464
469
472
475
477
475
475
473
472
469
468
464
465
460
460
458
457
453
452
449
447
444
443
440
440
438
438
437
437
435
437
435
436
435
434
434
434
432
433
432
430
428
427
426
425
424
424
423
425
424
424
424
423
424
423
423
421
422
420
422
420
421
421
422
423
424
424
422
420
420
418
418
416
416
415
416
416
417
419
420
420
421
420
421
421
421
420
420
420
419
418
419
419
420
421
423
423
425
427
428
431
433
435
441
445
449
455
460
465
469
472
473
475
474
474
471
470
467
465
462
460
456
456
451
450
447
447
443
443
441
441
440
442
440
441
441
441
439
440
438
438
436
435
432
432
430
430
428
428
428
428
428
428
427
427
425
425
424
424
423
423
423
422
421
422
422
421
422
421
422
421
421
420
420
420
421
421
422
421
422
422
424
422
424
423
425
423
424
423
423
422
422
420
421
419
419
419
419
418
418
418
420
421
423
423
425
425
426
426
427
429
433
436
443
448
455
460
466
470
473
475
477
478
478
477
475
474
473
471
468
467
464
463
458
457
454
453
452
451
449
448
445
445
442
442
440
441
438
438
437
438
436
436
434
435
434
435
434
434
433
432
431
430
428
427
426
426
425
424
425
425
425
423
423
423
423
422
422
420
421
420
423
423
424
424
424
423
425
423
424
422
424
422
423
423
425
424
426
425
426
425
426
426
427
426
427
427
428
429
431
430
432
431
431
431
432
434
436
439
444
448
453
458
462
465
467
469
470
470
470
470
468
467
465
465
464
463
459
458
455
455
452
452
450
449
446
445
443
442
440
440
438
438
435
435
434
434
433
433
432
433
432
431
429
429
427
426
425
425
424
425
424
424
424
424
424
424
425
425
425
425
425
425
426
425
426
426
426
426
426
425
426
426
427
427
428
426
429
428
430
430
431
430
430
430
430
428
429
430
431
429
430
428
428
428
429
430
433
436
441
446
451
456
461
464
466
467
469
469
469
469
468
466
465
463
462
460
458
457
455
455
454
452
451
450
447
446
443
443
439
440
438
439
437
439
437
437
435
436
434
433
432
432
430
430
427
427
425
426
425
425
422
423
422
423
421
423
422
422
421
422
422
423
422
421
421
421
422
422
422
423
425
423
425
425
426
424
425
424
426
424
425
425
427
427
429
428
428
427
428
427
431
432
435
438
444
448
453
458
463
465
469
469
472
472
472
470
469
467
468
466
465
464
463
461
459
458
456
455
453
451
449
446
444
442
439
439
437
437
436
436
435
435
433
432
430
430
427
426
425
425
423
423
421
421
420
420
418
418
417
418
416
417
417
417
415
417
416
418
418
418
418
419
419
420
420
421
421
422
423
423
423
423
423
424
425
424
426
425
426
427
427
427
428
428
428
428
428
427
430
430
432
434
438
442
447
452
458
461
464
466
469
470
472
473
473
471
471
469
467
466
465
463
463
461
460
458
456
453
452
449
448
445
443
441
440
437
435
433
433
432
431
430
429
429
428
428
426
425
424
423
421
421
420
420
419
419
417
417
415
416
415
416
414
415
415
415
414
416
415
417
416
417
417
417
416
418
416
418
418
420
419
421
421
422
421
422
421
422
421
421
422
422
423
423
424
424
425
425
429
431
436
438
443
447
453
458
464
467
472
472
475
475
475
473
471
467
466
463
463
461
461
459
459
457
457
456
456
454
454
451
452
450
449
447
446
445
445
443
444
442
441
440
439
437
436
435
433
432
430
428
427
426
424
424
423
423
421
421
420
419
417
417
416
417
416
417
416
416
415
417
417
418
417
419
417
418
417
418
418
419
418
420
420
421
421
422
421
421
421
422
422
422
421
421
422
424
425
428
431
434
438
444
447
452
456
460
465
468
471
472
475
475
476
475
475
473
472
471
471
468
469
466
466
464
463
460
460
455
453
449
447
443
442
439
439
436
436
435
435
434
435
434
434
433
433
431
431
430
429
427
426
423
422
420
419
418
417
417
417
417
417
418
417
417
416
416
415
414
414
415
415
416
415
416
415
417
416
418
418
419
418
420
419
420
419
420
419
421
422
422
421
423
421
423
422
423
423
425
425
426
425
427
428
429
431
433
438
442
447
453
459
464
468
471
476
478
478
477
477
476
475
473
471
469
469
466
465
462
463
460
459
457
456
453
451
447
445
442
439
436
437
435
435
435
434
433
433
431
430
427
426
425
425
424
423
422
422
420
419
418
418
416
416
416
416
415
415
416
415
416
416
416
416
417
416
417
416
418
417
419
418
420
420
422
421
423
422
425
426
426
425
425
425
427
426
426
426
428
430
431
431
432
432
431
431
433
434
438
440
445
450
456
461
467
471
474
478
479
479
479
478
476
474
472
470
467
466
464
463
461
460
456
455
452
450
447
446
443
441
438
437
435
436
435
436
435
435
434
434
434
433
432
431
428
428
427
427
425
424
423
422
420
420
420
420
420
420
419
419
417
417
416
417
417
418
419
419
420
420
420
420
422
422
423
422
423
423
424
424
425
425
425
423
425
425
427
427
428
428
429
428
428
429
430
432
436
438
443
449
455
459
466
469
473
475
477
476
476
475
474
472
470
468
465
462
461
460
457
456
454
452
450
449
445
443
440
440
437
437
435
434
433
432
431
432
430
430
428
429
427
427
427
427
425
425
421
418
415
412
409
408
407
408
408
410
410
412
413
415
416
419
418
420
421
423
423
425
426
427
427
428
429
429
429
430
431
430
431
430
430
430
430
429
430
429
430
429
430
429
430
429
432
434
438
442
447
452
459
464
469
473
477
478
480
479
479
477
476
474
473
471
469
466
465
463
462
460
458
456
455
452
450
447
444
442
440
437
435
434
433
433
432
432
431
430
427
426
425
425
422
423
421
422
420
421
420
419
417
417
416
417
416
416
415
415
414
415
414
416
416
418
418
418
417
417
418
419
419
420
421
423
422
423
423
424
423
423
424
426
426
426
425
425
426
426
428
429
429
429
430
430
432
433
438
440
445
450
456
461
467
470
476
478
481
481
483
482
481
479
479
476
475
470
469
467
466
463
463
460
460
456
454
451
450
448
446
444
443
441
440
438
437
436
436
435
434
433
433
432
430
430
429
428
426
426
424
423
422
422
419
421
419
420
418
419
416
417
414
415
415
416
415
416
416
418
417
417
417
420
421
422
421
422
422
423
423
425
424
424
424
426
426
425
426
425
425
425
425
426
427
428
429
430
431
432
433
435
439
442
447
451
457
461
467
471
475
478
481
480
482
481
482
480
479
476
475
472
469
466
464
461
461
460
460
457
457
454
452
447
445
443
442
440
439
437
437
438
439
438
438
438
437
435
434
432
432
433
431
430
428
427
425
424
422
423
421
422
420
421
420
420
420
422
422
424
423
424
424
424
424
424
423
425
425
425
424
424
423
425
425
427
426
426
425
426
427
428
426
426
426
427
428
430
431
433
433
433
433
433
435
436
438
440
444
449
455
460
465
469
474
477
480
480
481
479
479
477
477
474
474
472
470
468
466
463
462
459
457
453
451
448
446
444
443
441
441
438
438
437
438
437
437
436
435
435
436
436
435
435
434
433
432
431
429
428
427
427
426
426
425
425
424
424
423
423
423
423
422
422
420
421
420
421
421
425
425
426
426
427
426
427
426
427
426
427
426
426
426
427
427
429
430
431
428
428
425
424
423
426
427
431
433
438
443
448
454
459
463
468
472
474
477
478
479
480
481
478
477
475
474
472
471
468
467
466
465
463
463
460
459
456
455
452
450
446
445
443
442
440
439
438
437
436
436
433
434
432
432
431
430
428
428
426
425
424
424
423
422
422
422
422
423
423
423
424
423
424
423
424
424
425
424
425
425
427
426
429
428
428
427
429
429
430
431
432
431
432
431
433
434
434
433
437
437
437
436
437
438
440
443
446
449
454
458
464
469
474
478
482
484
485
486
485
485
485
483
482
482
479
477
475
473
471
470
467
465
462
461
458
456
452
452
449
447
443
444
442
441
440
440
438
438
436
435
434
434
433
432
430
429
427
427
426
425
423
423
421
421
420
421
419
419
419
420
421
421
422
421
420
420
420
422
423
423
424
424
425
424
425
424
425
425
426
425
427
426
427
425
427
426
427
425
426
425
425
426
428
428
430
430
432
432
434
436
441
444
451
455
462
468
473
478
483
485
487
487
488
487
486
484
483
481
479
477
476
474
471
470
466
464
461
459
456
454
452
452
450
452
452
453
451
450
447
446
443
441
439
437
435
435
432
431
428
428
425
425
424
424
424
422
421
421
421
421
421
421
420
420
421
421
420
419
419
419
419
420
420
421
421
423
425
425
425
425
426
426
426
425
427
425
427
426
428
427
429
427
429
429
431
432
432
431
431
430
432
433
437
440
446
452
458
464
470
474
477
479
481
480
479
478
477
475
474
473
471
470
468
467
465
464
462
460
458
457
455
452
450
448
446
445
444
444
442
442
441
441
438
439
438
437
435
434
433
433
431
432
430
430
429
428
427
426
425
425
424
424
423
423
423
423
421
422
422
423
423
424
425
426
425
425
426
426
426
426
426
426
427
427
429
429
429
426
426
427
429
428
429
428
429
429
429
430
432
433
436
439
446
451
460
465
471
474
479
481
483
484
484
483
483
480
478
475
474
472
471
469
467
465
464
461
459
455
453
449
447
445
443
441
438
437
436
436
435
435
434
435
432
432
431
432
430
430
428
428
426
426
423
423
421
421
419
419
418
418
417
418
417
418
417
418
417
417
416
418
417
418
418
419
418
420
420
420
420
421
421
422
422
423
422
422
422
422
423
424
425
425
424
425
426
428
432
436
442
447
454
460
467
472
478
481
484
484
486
484
484
482
482
477
478
474
472
470
468
466
465
463
462
458
456
452
450
447
444
441
440
438
438
435
435
434
433
431
430
429
426
424
424
423
422
421
419
419
417
417
415
415
415
413
412
413
412
411
410
411
410
410
409
409
410
412
410
412
412
413
413
415
414
415
415
416
416
417
417
418
418
418
419
420
420
422
421
422
423
424
423
423
424
427
431
437
442
449
455
463
470
477
483
487
490
491
491
489
488
486
484
480
480
476
476
474
473
470
469
465
464
461
461
457
456
453
451
448
446
443
441
438
438
436
435
433
432
430
429
426
426
425
423
421
420
419
420
418
417
417
416
415
415
415
415
415
415
416
415
415
414
415
415
416
416
417
416
417
416
417
417
419
418
419
419
420
420
421
421
422
422
423
421
422
422
423
423
425
425
425
427
427
429
433
436
441
447
455
461
468
475
481
484
488
491
491
491
490
490
487
484
483
481
479
477
474
474
472
469
467
464
461
458
455
453
449
448
445
444
443
443
441
441
439
439
437
437
434
434
431
430
428
428
425
424
422
421
419
419
418
418
416
415
414
414
413
413
413
415
418
420
421
419
417
414
412
409
409
409
409
408
409
409
410
410
412
413
415
415
416
416
417
416
418
418
420
420
421
421
421
421
423
424
426
428
434
439
446
451
460
466
474
478
483
486
487
487
487
486
485
483
481
479
477
474
472
470
468
466
465
464
461
459
455
453
450
449
446
445
442
441
439
439
437
438
436
435
433
433
431
431
428
428
427
426
424
424
422
422
421
421
419
419
418
419
417
418
417
418
417
418
417
418
418
418
419
419
420
420
419
420
421
421
422
422
423
423
424
423
423
423
424
424
426
425
426
426
428
427
427
426
429
431
434
439
446
451
460
464
470
472
477
478
480
481
482
481
481
478
477
475
473
470
469
468
466
464
464
462
460
457
454
451
450
448
447
446
444
445
443
444
442
441
440
439
438
438
437
437
433
432
430
429
427
428
426
426
425
423
422
422
420
420
419
420
419
420
419
420
420
421
421
422
422
423
423
425
424
425
425
425
426
427
427
427
427
427
427
428
429
429
430
430
432
432
433
432
433
433
436
438
443
447
453
457
465
469
473
476
480
480
482
481
481
480
479
477
475
473
472
468
467
466
466
464
463
460
458
454
452
450
449
446
446
444
444
442
442
441
440
439
439
439
437
436
437
436
435
434
432
431
429
428
427
426
425
425
423
423
421
423
422
423
421
422
421
422
422
423
422
422
422
423
423
423
424
425
425
425
425
427
426
428
426
426
426
427
427
428
428
429
429
430
431
431
431
433
436
438
444
449
455
460
467
471
475
477
480
479
480
479
479
477
477
473
473
471
469
468
467
465
464
463
462
459
458
454
453
450
448
446
445
443
443
442
442
441
441
439
439
436
435
434
434
431
432
430
429
428
427
426
425
425
424
424
423
424
423
424
424
425
424
425
424
Loop stopped.
