Output started
30000
600
615
620
620
621
621
622
621
620
619
619
618
618
617
620
619
621
620
624
627
635
646
659
673
689
705
719
730
739
745
749
750
750
747
744
741
734
730
723
719
714
711
702
698
691
687
681
676
669
665
659
655
650
648
645
644
641
639
635
633
630
628
625
623
618
616
613
609
607
605
602
602
599
597
596
594
593
591
592
591
592
591
592
592
593
593
597
596
597
596
597
598
600
599
602
602
604
603
605
605
607
608
609
609
611
612
615
619
619
621
621
622
623
627
632
640
652
667
680
696
712
726
736
746
751
755
754
753
748
745
740
735
727
722
716
712
707
702
697
692
685
680
674
668
662
657
654
650
647
645
642
642
642
641
638
636
634
630
626
624
621
618
616
613
611
610
609
609
610
612
614
615
615
616
615
613
608
604
601
603
605
608
609
610
609
610
609
610
609
610
608
611
612
615
616
618
618
618
615
614
613
613
614
616
617
618
619
624
628
632
638
646
660
673
687
701
714
726
735
740
741
742
742
739
737
732
728
718
711
704
701
695
689
681
673
667
662
657
652
647
646
644
643
645
645
647
646
646
642
639
636
635
631
631
628
626
622
619
613
611
606
604
602
601
600
603
603
604
602
600
598
598
596
596
595
596
595
594
594
597
598
601
603
608
611
612
614
616
618
617
619
621
623
623
625
624
624
623
623
623
623
621
623
627
634
643
656
668
683
696
711
723
736
745
751
754
755
752
750
744
740
735
728
720
713
708
703
700
695
690
683
677
672
667
662
657
652
650
648
647
646
645
644
644
644
646
644
643
638
634
628
624
618
612
608
605
603
602
602
600
600
598
598
597
596
596
596
596
597
597
596
599
599
599
600
601
603
601
603
607
611
613
614
615
614
615
614
616
616
617
617
618
617
619
620
622
622
622
623
628
633
643
655
671
686
703
717
730
740
747
751
755
755
753
750
745
740
734
728
721
717
711
708
702
698
692
690
684
678
670
665
658
654
648
646
642
641
639
639
637
635
633
632
628
626
622
620
616
613
609
608
606
604
601
599
597
595
595
593
594
594
594
593
594
593
594
593
596
596
596
595
597
597
600
601
606
608
610
609
612
611
613
613
615
618
618
618
619
619
621
623
624
626
626
626
628
632
637
647
660
673
688
704
717
730
738
747
750
753
753
752
748
745
739
735
727
722
717
713
708
704
700
695
691
686
682
678
675
669
665
658
654
652
649
648
647
644
641
638
638
636
633
630
628
624
621
617
615
612
609
606
604
603
601
600
601
601
599
600
600
600
600
600
601
602
603
604
604
605
605
607
607
609
610
613
614
619
621
623
626
627
629
629
629
627
625
623
621
622
623
623
625
624
626
628
635
642
654
667
682
695
711
722
734
741
748
750
753
751
748
742
738
732
726
721
717
712
708
703
696
691
686
681
678
674
668
662
657
654
650
649
645
645
643
642
640
639
636
635
632
631
627
625
622
620
616
615
612
611
610
609
607
606
603
603
602
603
604
605
604
604
602
603
604
604
605
607
608
607
609
609
612
613
615
618
621
620
621
620
622
622
624
624
625
624
625
624
625
625
628
629
631
634
640
648
658
670
684
698
712
725
735
744
749
754
754
755
752
749
745
740
732
725
719
715
710
705
698
693
687
684
679
675
670
665
660
657
654
654
653
652
649
648
646
643
642
639
637
636
632
629
627
623
620
615
612
608
607
606
605
604
605
606
605
605
604
604
604
605
606
607
608
608
608
608
609
610
611
612
613
616
615
617
617
618
619
621
621
624
623
623
622
624
624
627
628
631
631
631
630
630
632
636
646
656
668
682
698
712
727
739
749
755
762
763
763
760
757
751
747
740
735
728
722
716
710
706
703
696
692
685
682
677
673
667
663
658
656
651
646
642
640
640
639
638
636
634
632
631
628
626
624
623
620
619
617
615
613
613
611
612
610
611
609
608
606
606
605
605
603
603
601
602
600
601
602
605
607
609
611
612
613
614
614
615
617
618
619
620
621
622
624
624
624
626
631
632
633
632
632
634
639
646
658
669
684
699
714
727
739
746
753
755
756
756
753
749
745
737
730
724
719
714
709
705
701
694
686
679
671
665
659
654
650
647
641
639
636
635
634
634
634
635
636
635
636
636
635
631
630
629
626
624
624
620
619
618
618
617
617
615
614
613
612
610
611
611
612
613
613
614
615
614
615
615
616
617
616
617
617
619
621
623
623
624
624
625
625
626
626
628
628
631
630
631
630
631
631
639
644
653
664
679
693
708
721
733
743
751
757
759
758
755
752
748
743
736
731
724
718
713
710
704
700
694
690
684
680
673
669
663
660
654
652
648
646
643
642
637
637
634
633
631
630
628
625
622
620
616
613
612
610
607
605
604
603
601
601
602
601
600
599
599
597
600
601
600
601
602
600
601
601
602
602
605
607
611
613
614
615
616
616
618
618
619
619
620
621
622
622
624
625
626
626
627
629
633
641
650
664
677
695
711
726
737
746
752
756
757
756
754
750
745
739
733
727
721
715
710
706
702
696
690
684
678
673
668
664
659
656
653
649
647
644
644
643
643
641
638
636
634
631
628
626
624
619
616
614
612
609
607
604
604
604
602
601
601
600
597
596
594
593
591
593
593
596
595
596
597
599
599
602
603
605
606
610
611
613
614
616
617
619
620
620
620
620
620
619
620
621
622
621
622
624
629
637
649
663
682
697
714
726
740
750
758
762
765
763
761
756
751
744
737
730
726
721
716
709
703
697
693
687
681
676
670
664
660
657
652
650
647
648
645
644
640
638
633
631
628
628
624
623
616
613
609
608
606
604
600
598
594
592
590
590
588
590
589
589
590
590
591
591
594
595
596
597
599
598
599
601
603
607
609
610
610
611
613
612
614
613
615
615
616
616
617
617
619
619
620
621
622
625
633
643
656
672
688
704
719
735
746
755
762
766
767
764
761
756
751
745
737
729
723
719
711
705
697
690
682
676
671
666
660
655
651
647
645
643
641
639
637
635
632
631
629
626
623
619
616
612
610
606
605
601
598
594
592
591
591
589
589
588
588
588
589
589
589
590
592
592
593
594
594
596
595
598
599
600
600
602
603
604
608
610
609
611
609
611
610
613
611
613
611
613
613
616
616
618
621
624
630
640
653
669
688
705
724
739
752
762
768
771
772
769
765
759
755
747
740
732
727
720
715
707
702
693
687
678
674
667
664
658
653
648
645
641
641
638
637
634
632
630
627
623
620
618
615
613
609
604
601
597
594
593
592
591
589
589
587
588
585
585
585
587
585
586
585
585
586
587
587
590
590
592
593
595
596
598
599
599
602
606
608
609
608
608
609
609
610
609
611
612
614
615
615
615
616
622
631
644
659
676
694
711
728
743
755
762
767
769
769
766
762
758
753
748
741
735
729
724
717
709
701
693
685
677
668
662
657
652
648
646
643
641
638
635
632
628
626
625
621
617
613
611
609
606
604
599
597
593
590
585
583
580
578
576
575
573
574
574
573
574
575
576
578
580
583
586
591
594
595
596
596
596
597
597
597
598
599
601
604
604
604
605
605
607
608
610
611
615
616
617
615
616
616
623
633
648
664
683
699
718
732
747
756
763
766
767
764
762
757
751
743
733
724
715
709
703
697
690
683
674
669
663
658
654
650
644
640
637
639
638
639
637
635
630
628
623
621
618
619
615
613
609
605
599
595
592
592
591
591
591
591
589
587
586
583
581
580
579
579
579
578
580
583
585
587
592
596
599
599
600
598
602
602
606
606
606
605
605
603
606
607
608
608
610
610
610
610
612
614
617
623
634
650
669
688
708
727
743
755
765
771
772
772
767
762
755
749
739
731
721
712
705
699
692
685
681
677
672
666
658
652
646
640
636
631
628
625
623
622
619
617
614
612
612
610
610
606
601
598
596
594
591
588
584
581
580
580
579
578
575
573
571
569
570
572
576
578
580
582
582
586
589
591
590
592
592
595
593
594
592
592
591
593
594
595
596
598
600
602
604
604
605
605
606
606
609
613
625
639
657
676
696
712
730
744
758
764
771
770
769
765
760
751
745
735
728
719
715
707
703
697
690
682
676
670
666
661
656
651
647
643
638
633
628
624
621
619
614
611
608
605
601
599
595
593
588
585
580
576
573
570
568
567
566
567
567
569
567
568
569
571
571
572
573
575
576
578
578
579
579
580
582
584
590
593
594
593
593
592
595
597
599
600
601
601
600
600
600
602
603
605
607
608
611
617
628
642
660
678
696
717
735
750
762
768
772
773
770
766
761
755
749
741
735
729
723
717
710
706
701
695
687
678
669
660
651
643
640
636
633
631
629
627
625
622
619
614
611
605
603
597
595
590
588
585
582
579
576
574
573
573
572
569
568
568
568
568
569
568
567
568
569
568
571
573
574
577
581
584
585
588
588
590
590
591
592
595
596
597
598
599
598
599
600
602
602
604
605
606
606
609
610
614
621
635
651
670
689
710
727
744
758
769
775
777
776
772
766
759
755
745
737
729
724
718
714
706
699
689
683
675
672
663
655
645
641
637
634
631
629
624
624
620
617
611
607
601
595
591
587
583
580
576
573
573
571
570
567
565
563
562
563
563
562
565
565
567
567
569
569
569
569
572
574
579
583
586
588
591
590
591
592
593
594
593
593
594
595
599
601
602
603
603
603
604
605
607
608
607
609
610
613
622
634
649
668
687
708
728
746
758
769
778
783
784
779
772
762
756
748
741
735
727
718
712
704
698
689
682
674
664
656
650
643
636
629
624
620
619
618
616
618
616
615
610
608
603
598
594
592
587
583
580
576
574
573
571
570
569
569
567
567
565
564
562
563
563
565
565
565
565
567
567
570
572
576
579
581
582
583
585
587
588
588
589
590
592
593
597
598
599
600
601
603
606
607
610
609
610
610
615
620
628
639
657
677
699
719
738
756
770
780
787
789
789
785
779
771
761
750
742
733
724
716
709
702
695
687
679
672
664
658
650
645
639
634
629
626
622
619
616
615
612
610
606
603
599
596
593
591
589
585
582
580
578
576
574
573
572
570
567
567
569
571
574
574
576
576
577
577
579
580
583
587
591
591
593
592
593
594
594
594
596
597
599
601
604
604
607
610
613
614
616
614
615
616
619
621
622
622
623
628
636
650
666
684
703
720
735
747
756
763
766
766
763
759
752
744
735
729
721
715
707
699
694
689
682
675
670
663
657
649
644
638
634
631
629
628
629
627
625
624
622
620
618
613
611
607
603
599
597
594
591
588
584
582
580
580
579
579
579
581
580
581
580
582
581
580
579
583
583
586
587
590
595
598
599
601
600
599
598
599
598
599
600
600
600
603
603
604
605
605
605
605
605
604
605
605
612
620
632
647
664
680
700
716
731
743
753
758
760
758
755
749
744
735
728
717
713
705
701
694
690
683
678
672
668
664
659
653
648
645
642
640
638
636
634
632
630
627
625
624
621
619
615
610
606
604
601
599
594
592
588
586
584
584
582
582
579
579
578
580
580
582
582
582
582
585
588
591
596
597
598
600
602
603
603
602
600
601
601
601
600
596
592
587
584
582
583
585
589
591
594
596
603
612
622
637
654
673
692
711
729
744
756
764
770
772
771
766
762
756
750
745
736
730
721
716
711
706
699
692
684
678
672
665
659
652
646
640
636
632
631
629
629
627
625
621
618
616
615
613
610
605
603
600
598
595
593
589
589
587
586
584
584
585
585
583
583
582
581
581
586
587
587
590
591
592
594
598
600
600
598
599
598
601
602
604
604
603
601
600
599
602
603
605
604
607
607
611
613
619
625
637
651
667
684
703
719
736
748
757
762
765
765
763
761
755
750
743
735
727
722
717
711
703
697
688
682
674
670
664
659
650
645
638
634
629
627
625
623
620
619
615
612
607
605
601
599
595
592
589
587
585
583
581
578
576
574
573
572
571
570
570
570
570
572
574
575
576
576
577
579
582
582
584
584
586
589
594
594
596
596
598
596
597
598
599
601
602
603
605
608
609
610
611
613
616
622
632
645
659
676
695
713
731
747
758
768
772
772
769
764
758
754
748
741
734
725
720
715
710
703
695
685
677
668
659
651
645
639
635
630
625
620
618
616
618
617
616
614
613
611
609
606
603
602
599
597
593
590
586
584
581
579
575
575
571
570
568
569
569
570
571
573
574
578
580
585
586
589
590
592
592
595
595
597
597
600
599
601
602
602
600
602
603
605
606
605
605
605
606
608
610
612
620
629
644
660
681
699
719
734
750
761
771
775
777
773
770
763
759
750
742
733
725
719
713
707
699
692
684
676
669
662
655
648
642
637
633
630
625
621
618
619
618
616
613
610
605
604
599
597
592
589
587
587
585
583
579
576
574
574
574
575
573
572
571
573
574
575
576
575
574
575
577
580
583
590
594
597
601
602
604
605
606
605
605
604
603
602
602
603
603
604
603
602
602
602
603
605
611
621
635
652
672
691
711
729
746
758
766
770
770
769
764
757
749
739
728
719
712
705
698
692
685
678
673
665
658
650
643
639
635
632
630
629
628
626
627
626
626
624
623
618
614
609
606
601
598
593
590
587
587
585
583
581
580
579
577
575
575
574
575
577
577
579
579
580
583
584
583
587
591
596
596
598
Loop stopped.
