Output started
30000
729
712
692
673
654
634
614
594
574
557
543
531
523
516
513
511
513
515
518
520
522
523
523
522
521
518
516
513
511
505
502
498
497
494
492
489
489
486
487
486
488
488
490
492
496
498
503
507
512
516
520
524
529
533
538
542
546
549
552
554
557
560
563
566
570
573
573
576
575
576
575
576
575
577
577
582
590
608
635
675
719
768
813
854
886
909
920
924
918
906
887
865
838
813
786
762
737
715
695
675
657
638
618
598
580
561
545
533
523
517
511
508
507
507
508
508
509
509
510
510
511
510
507
504
501
497
496
492
490
487
486
484
483
482
483
483
483
484
486
488
490
494
498
501
506
510
513
518
523
527
531
535
539
543
546
550
553
556
558
561
564
567
570
572
575
576
579
579
580
580
581
582
583
585
589
602
624
658
702
750
799
844
881
911
931
942
941
934
917
895
868
842
813
787
760
737
715
696
676
658
639
621
602
582
565
551
539
531
525
519
516
514
513
513
515
516
516
516
516
514
511
511
506
504
501
499
497
494
492
490
488
486
485
486
487
487
489
490
493
496
499
502
506
510
514
518
521
524
529
531
535
537
541
542
546
547
551
553
557
558
562
564
567
569
571
572
573
573
574
574
574
574
577
578
583
594
614
646
687
736
786
836
878
914
938
954
958
954
940
923
898
873
843
815
785
759
735
713
692
673
651
631
608
588
569
554
539
527
517
511
505
503
503
503
503
504
506
506
505
506
506
504
504
501
499
496
493
490
488
486
484
483
482
481
481
481
482
483
484
487
491
495
500
502
506
510
514
518
524
528
532
536
540
543
547
550
553
555
557
558
560
562
566
569
572
574
575
575
576
578
579
580
579
580
582
586
595
615
646
688
739
790
840
882
916
942
956
961
955
942
924
901
872
843
814
785
758
733
709
688
667
646
624
604
584
565
548
536
526
518
514
510
509
509
510
510
512
514
514
515
515
514
512
510
506
502
497
494
490
487
483
482
481
480
478
479
477
479
479
482
486
492
496
501
504
508
512
516
521
526
529
534
538
542
545
550
554
557
560
562
565
566
569
571
572
574
576
576
578
577
580
579
579
578
579
578
583
591
610
639
678
725
775
823
865
899
924
938
943
939
928
909
885
857
828
797
767
738
711
688
664
643
621
600
579
562
545
532
521
515
512
510
509
512
514
518
520
525
527
530
530
532
530
529
525
522
518
514
509
505
500
497
493
491
489
487
486
485
485
486
487
488
491
494
498
505
510
515
520
524
529
533
536
539
543
545
548
550
554
556
560
562
565
566
571
573
576
577
580
580
580
580
580
579
578
578
582
593
616
648
693
743
794
841
883
914
936
948
951
944
929
910
885
858
828
800
771
745
721
700
680
661
641
621
600
579
560
544
529
519
510
506
502
501
500
501
503
504
506
508
508
507
505
503
501
498
495
490
487
483
479
478
474
473
472
472
471
473
474
477
479
482
485
490
493
497
501
507
512
517
520
525
530
534
539
545
548
554
555
559
561
564
566
570
572
573
575
577
577
578
578
578
578
577
578
581
588
603
629
667
714
766
819
866
906
934
954
961
961
951
937
914
889
862
834
803
776
750
726
704
684
663
643
622
599
578
559
543
529
518
510
503
500
497
497
496
498
500
501
502
502
501
498
497
494
491
486
483
479
476
473
471
469
470
468
469
469
469
470
472
473
477
482
488
491
497
500
506
510
516
520
525
529
532
536
539
542
546
551
555
557
560
563
566
568
570
572
573
575
575
576
576
577
577
579
583
595
613
646
689
739
790
840
883
917
941
955
957
950
934
913
887
860
831
802
774
750
726
704
685
667
648
629
606
586
567
552
539
529
521
515
510
506
504
502
502
501
502
503
502
502
501
499
496
492
489
484
481
477
473
472
470
468
468
467
469
468
470
472
475
478
481
484
488
490
494
498
502
507
512
517
523
527
532
535
539
543
546
549
553
555
559
561
564
566
567
568
569
570
571
570
571
571
573
574
578
583
597
622
660
706
757
808
854
893
921
940
948
948
939
923
901
875
846
816
786
759
734
713
691
673
654
634
613
593
574
558
542
530
519
512
508
505
504
506
506
507
507
508
507
507
504
503
500
498
494
493
490
486
482
481
480
480
478
479
479
479
480
482
484
486
490
493
498
501
505
509
514
518
523
527
532
536
539
543
546
546
550
551
555
557
560
561
565
566
570
571
574
573
575
575
575
575
574
575
574
575
578
587
605
635
674
722
771
818
858
891
915
929
931
926
911
893
869
845
817
792
764
740
715
695
675
655
636
617
596
578
560
547
534
525
518
514
512
512
511
513
514
515
515
518
517
518
515
515
513
509
507
505
503
498
496
493
492
490
489
489
489
489
491
492
494
495
498
500
503
505
509
513
518
523
527
531
536
540
545
548
552
556
560
563
567
569
571
574
577
579
581
581
582
583
582
582
581
581
581
579
580
582
586
597
615
647
686
732
779
823
861
891
913
923
925
918
904
885
863
839
812
787
763
740
719
700
680
662
644
625
607
588
572
560
548
541
536
531
528
526
526
526
527
528
528
528
528
526
524
522
518
515
512
509
505
502
499
496
494
493
491
491
492
491
491
492
494
498
500
506
509
513
518
521
524
527
530
533
536
538
543
546
550
553
556
558
561
564
567
570
573
573
575
575
578
577
579
579
580
580
581
580
581
584
596
616
648
687
732
777
820
855
883
904
916
917
911
898
879
857
831
806
779
754
731
710
690
672
652
635
613
596
578
562
547
536
527
521
517
515
514
516
516
520
521
523
522
524
523
521
518
517
513
509
505
501
498
496
492
491
488
487
487
488
488
489
491
493
497
501
504
507
511
515
519
524
527
529
535
538
541
544
547
549
550
553
555
556
560
562
566
568
571
574
575
576
577
577
578
577
579
580
581
584
593
610
637
674
720
767
815
856
892
917
934
940
939
930
914
894
869
842
814
788
763
741
721
702
683
664
643
623
603
583
566
550
537
527
519
513
509
507
507
507
508
511
511
510
511
509
507
505
502
500
498
496
492
490
487
485
482
480
479
479
478
480
482
483
485
488
489
493
497
503
508
513
516
521
525
529
532
536
538
541
543
548
550
554
556
559
561
564
567
569
570
571
573
574
575
575
576
576
578
579
585
598
620
654
698
747
798
843
885
917
940
952
957
951
939
921
899
871
846
817
791
764
741
718
700
680
659
639
618
597
577
561
545
532
522
514
510
506
504
503
505
504
505
504
503
501
500
499
497
497
493
489
485
482
479
478
475
474
472
473
473
475
476
479
480
484
487
491
493
495
498
504
507
511
515
519
523
527
529
533
537
540
543
547
550
553
555
559
561
563
565
567
568
570
569
569
569
568
571
573
578
587
608
641
684
734
785
833
875
909
934
947
953
947
934
915
892
865
838
812
785
762
741
719
699
678
659
638
617
596
577
560
545
533
525
518
513
511
508
508
508
508
508
508
508
507
506
503
501
499
495
491
487
485
482
480
476
474
472
471
472
473
476
477
481
484
489
493
498
501
505
508
512
517
520
526
531
536
539
545
549
552
556
559
562
565
567
570
572
572
570
569
569
568
569
569
569
570
572
579
593
619
654
699
747
793
835
871
898
914
921
918
909
892
871
846
818
790
764
738
717
696
678
659
640
620
599
578
562
547
535
524
518
512
510
510
511
512
515
517
521
521
522
521
520
517
513
508
504
499
496
492
489
485
484
481
480
481
480
480
481
482
484
487
490
495
498
504
507
512
516
521
525
530
533
537
539
543
545
549
550
553
555
558
559
561
563
565
567
568
568
570
569
571
570
573
574
580
594
619
655
701
752
801
847
885
913
931
939
936
924
907
883
857
829
800
772
745
721
699
680
661
643
624
603
582
563
546
531
518
509
501
497
495
495
495
496
498
499
501
501
501
499
498
496
494
491
488
486
482
480
478
476
475
472
473
472
471
471
474
477
480
483
486
491
495
499
504
508
513
517
522
525
528
532
536
538
542
545
548
550
552
556
559
561
564
565
566
566
565
565
564
565
566
568
576
591
618
657
707
760
812
856
893
919
938
944
941
930
912
890
863
834
807
779
754
730
709
690
672
653
634
612
590
569
551
535
522
511
504
498
495
494
493
493
494
495
495
495
494
493
491
489
485
483
480
477
475
474
472
470
469
468
468
469
468
470
470
473
477
482
486
492
495
500
504
510
513
518
523
528
531
535
538
543
545
550
551
553
556
557
560
562
565
567
569
569
569
568
568
568
570
572
578
587
606
637
680
729
782
831
874
905
929
942
946
939
925
904
881
852
826
797
772
746
726
706
687
669
650
629
608
588
568
550
535
523
513
506
501
498
496
495
495
497
497
499
499
498
498
496
494
493
491
488
485
482
479
477
475
474
472
473
473
473
476
478
481
485
488
491
495
499
502
506
510
513
518
523
527
530
534
538
542
546
551
554
556
558
561
564
565
566
568
568
570
570
570
571
573
574
576
578
583
594
616
648
690
737
786
834
874
906
927
939
941
934
920
901
877
851
823
795
769
745
723
703
685
666
647
626
607
588
571
555
542
532
523
518
515
513
513
512
512
511
512
511
512
512
510
507
505
502
499
495
492
490
486
483
481
480
479
479
479
479
480
483
485
488
492
496
499
504
507
513
516
522
526
531
533
538
540
544
546
548
550
554
556
559
563
566
568
569
570
571
569
570
569
569
567
567
568
571
578
592
616
651
693
740
785
826
862
888
907
913
912
901
888
866
841
814
789
763
738
714
694
673
655
634
616
595
577
559
545
533
525
517
513
511
510
510
512
513
516
518
520
521
521
519
517
514
510
506
504
501
499
496
493
491
489
487
485
485
484
486
487
489
490
492
496
500
503
508
511
517
522
527
531
536
539
544
547
552
555
560
562
565
567
570
571
574
575
575
575
576
577
578
578
577
577
577
581
590
608
637
676
723
772
820
862
896
920
935
938
932
921
900
879
852
826
797
772
748
726
705
687
668
650
630
610
589
570
555
541
530
522
514
510
508
508
508
508
509
510
511
511
510
508
507
504
501
499
496
492
489
486
484
482
481
481
480
479
480
482
483
486
488
490
494
497
501
507
510
512
515
520
523
527
531
534
538
541
545
549
553
557
561
563
566
568
570
570
572
571
572
572
573
573
576
579
588
604
633
670
717
766
814
858
894
921
939
946
942
930
913
892
868
841
816
788
763
739
717
696
676
656
636
615
593
572
555
540
528
520
512
509
506
505
504
506
505
506
506
506
505
506
503
503
500
499
496
494
490
489
485
483
481
481
480
479
479
479
481
483
484
487
491
495
498
502
504
508
512
516
521
525
529
533
536
540
543
546
551
555
559
562
566
567
570
570
573
574
575
575
576
575
577
580
589
602
629
665
712
761
813
858
899
928
947
956
955
944
927
905
879
853
823
796
768
742
718
696
676
655
634
612
590
570
552
537
524
514
507
503
500
499
498
500
501
505
506
509
506
507
505
504
503
501
498
496
492
491
488
486
485
484
483
484
484
485
484
485
487
490
492
496
500
504
507
511
515
518
522
527
530
535
538
543
547
550
552
557
560
563
567
570
572
574
575
576
576
576
578
579
578
577
579
587
602
628
665
712
763
812
859
897
928
946
953
949
940
921
898
870
841
811
782
756
732
709
687
666
646
623
602
581
563
547
533
523
517
512
510
508
510
512
515
518
521
522
523
522
520
519
518
514
511
506
501
498
495
492
489
487
486
485
483
482
482
484
484
487
490
495
498
502
505
509
512
517
519
523
527
531
533
538
540
545
548
554
557
561
563
565
566
569
570
570
569
570
569
570
572
579
593
616
650
695
744
792
838
876
907
928
938
938
929
911
890
862
833
802
773
745
722
698
676
654
635
613
594
575
558
542
529
519
512
506
505
504
506
507
511
514
517
519
520
519
518
517
514
511
508
504
499
495
491
490
487
485
482
482
480
481
480
482
483
485
487
492
496
500
504
509
512
518
520
526
529
535
538
542
545
550
553
557
560
563
565
567
567
567
567
568
569
569
571
574
584
599
629
669
718
770
822
865
900
926
943
949
945
933
914
890
862
833
805
776
750
726
704
683
664
643
623
601
581
559
541
525
513
504
499
495
494
492
493
495
497
498
499
498
497
495
494
491
487
483
480
477
474
471
469
468
467
467
468
470
471
473
476
478
482
486
492
496
499
504
510
513
516
520
525
529
534
539
542
544
548
551
555
558
561
563
564
565
564
566
565
566
566
568
573
586
607
644
691
745
796
844
882
912
929
940
938
929
912
889
862
832
802
775
748
724
701
682
664
647
625
603
580
559
542
527
515
507
500
496
493
491
490
489
490
492
494
494
494
493
491
489
486
483
480
477
477
475
474
471
471
470
470
468
471
473
476
477
482
484
489
492
498
503
509
513
517
520
523
526
529
534
538
542
545
548
551
554
557
559
562
563
563
564
565
566
566
569
572
581
596
624
661
710
760
810
854
892
918
936
941
939
927
907
882
856
827
800
771
747
723
701
680
660
638
617
594
573
553
537
523
513
505
499
496
494
494
494
495
496
498
498
499
500
499
498
496
493
490
488
486
483
481
479
478
477
476
477
478
479
482
484
486
489
492
496
500
504
508
513
Loop stopped.
