Output started
30000
542
541
540
541
540
540
539
538
537
537
535
533
530
528
526
524
522
520
518
516
514
513
513
510
511
509
509
508
508
507
507
507
507
507
507
507
510
511
511
511
512
512
514
513
514
513
515
515
515
516
517
516
517
516
518
517
518
519
520
520
521
522
522
522
523
524
525
525
525
527
529
533
539
546
554
563
571
581
588
595
598
600
600
601
596
593
587
583
577
573
569
565
562
560
556
554
551
548
545
543
540
537
534
533
531
531
530
531
529
530
531
531
530
529
528
527
525
523
522
520
519
517
515
514
513
510
510
508
507
506
506
504
505
504
504
504
505
504
505
504
506
507
507
508
508
509
510
510
511
511
513
514
515
515
516
515
515
515
516
515
516
516
517
517
517
517
517
518
518
518
520
520
521
523
526
528
534
540
548
556
566
576
582
591
596
600
600
599
597
594
590
585
579
575
570
566
562
560
557
556
553
552
550
548
545
543
540
539
536
535
533
532
531
532
531
532
530
531
530
528
526
525
523
521
520
518
516
514
512
510
509
508
507
505
506
504
505
504
503
502
503
503
503
502
502
501
503
502
503
503
504
504
505
504
506
504
505
504
506
506
507
506
507
507
507
508
509
508
509
509
510
510
513
514
513
514
515
515
516
517
518
520
520
522
524
527
530
536
542
551
559
569
579
588
595
602
605
607
606
605
601
597
592
588
582
579
575
574
570
569
567
566
562
561
559
557
554
551
549
548
545
544
542
543
541
540
540
539
538
537
534
531
529
527
525
522
520
518
515
514
512
510
508
506
505
503
503
502
501
500
500
499
498
498
498
499
500
499
500
499
500
500
499
500
501
501
502
501
503
503
503
503
503
504
504
504
505
505
506
506
507
507
508
508
508
509
509
509
510
510
510
511
512
513
513
514
516
520
525
532
537
547
557
567
576
585
591
596
597
599
597
594
589
585
579
575
571
569
565
565
562
560
558
557
554
553
551
549
547
546
544
543
542
542
540
540
540
540
539
538
536
534
532
530
527
525
522
519
517
514
513
509
508
504
504
501
501
499
498
497
497
496
496
495
495
494
495
495
496
496
495
495
497
497
497
498
499
499
501
500
502
501
502
502
503
504
504
505
505
506
507
506
506
506
506
507
508
508
509
510
510
511
512
513
514
518
520
526
532
541
550
561
570
580
588
595
598
599
600
599
595
592
586
580
574
571
566
563
559
557
555
553
550
548
545
542
540
538
535
533
532
532
531
531
531
530
529
529
527
526
525
523
520
519
518
516
514
512
510
508
507
506
506
504
505
503
503
503
503
502
503
502
503
503
504
504
505
506
507
507
508
509
509
508
511
511
512
511
513
513
513
513
513
514
515
516
516
516
516
516
516
516
517
517
518
518
519
520
521
525
528
534
539
549
558
569
578
588
593
599
600
602
600
597
593
588
580
575
569
564
559
557
552
551
547
546
541
540
536
533
530
527
525
524
522
521
520
521
520
520
520
518
518
517
516
515
513
511
509
508
506
505
503
501
501
500
500
499
500
498
498
499
499
499
500
500
501
500
502
501
503
503
504
504
506
506
506
507
508
508
509
508
510
509
509
509
509
509
510
510
511
512
512
512
513
513
513
513
515
515
516
516
519
522
527
533
542
552
562
571
581
588
593
597
599
599
596
593
587
583
577
573
567
563
559
557
553
550
547
546
542
539
535
533
529
527
524
524
521
521
520
520
519
519
519
519
518
518
516
515
514
512
510
509
508
508
506
504
503
503
501
501
500
499
498
498
499
498
498
498
499
498
499
499
500
500
500
500
501
501
502
502
503
503
503
503
503
503
504
504
505
506
506
506
507
507
508
508
511
510
510
510
511
510
511
511
512
513
514
515
517
520
524
530
537
544
553
562
570
579
586
591
592
595
594
594
590
588
584
582
577
575
571
568
565
564
561
559
557
555
552
551
548
546
543
542
541
540
539
539
537
537
535
535
534
532
531
529
527
524
522
520
517
515
514
511
510
508
507
506
504
502
501
500
500
498
499
497
497
496
496
496
497
498
499
499
500
498
499
499
500
500
501
501
502
502
502
502
503
502
504
503
504
504
505
503
504
505
506
506
506
507
508
509
509
511
509
511
511
511
512
514
516
519
522
527
534
541
548
557
565
574
579
585
588
590
589
589
585
583
579
576
573
572
568
567
565
563
562
560
557
555
553
550
547
546
543
543
540
538
536
536
534
533
532
531
531
529
527
523
521
518
516
514
513
511
510
508
507
504
502
501
499
497
497
496
496
494
494
493
494
493
494
493
493
493
493
494
494
493
495
495
495
496
497
497
498
498
499
498
499
500
502
502
503
502
502
503
503
503
504
505
505
506
506
507
507
508
508
509
510
510
511
511
511
513
513
517
520
526
532
539
546
554
561
570
575
581
583
585
584
585
583
581
578
576
573
571
568
566
563
560
558
557
554
551
548
547
545
544
540
539
538
537
536
535
535
534
534
533
532
530
528
527
524
522
520
517
515
512
512
508
507
505
504
502
500
499
499
497
497
496
496
495
496
495
497
496
496
497
498
498
500
501
503
503
505
505
506
508
509
509
510
510
512
513
513
514
514
514
515
515
515
516
515
517
517
517
517
518
518
518
519
519
519
520
520
523
527
533
539
546
553
561
567
575
580
585
587
588
587
586
583
581
577
574
569
566
562
561
558
556
552
550
546
544
540
538
535
533
531
528
526
525
523
522
522
521
520
519
519
517
516
515
514
511
510
508
508
506
505
503
502
501
501
500
500
500
499
498
499
498
499
498
498
498
500
500
502
501
503
503
503
504
506
506
508
507
509
508
509
509
510
511
511
512
512
513
513
513
513
514
514
515
516
516
517
517
518
519
520
520
521
521
523
528
533
540
547
555
563
571
576
582
586
589
591
591
589
586
582
578
573
570
565
562
557
554
552
549
546
544
540
539
536
534
530
528
526
524
523
522
521
521
520
520
520
519
518
517
516
514
514
513
511
508
508
506
506
504
504
503
502
500
501
501
501
500
500
499
501
502
503
502
503
503
504
505
506
506
507
507
508
508
509
510
510
510
510
509
510
511
511
512
512
513
513
513
514
515
516
516
517
518
518
519
520
521
521
523
522
524
526
529
533
539
546
555
563
572
578
584
589
592
592
592
589
588
583
580
575
572
568
565
560
558
555
553
549
547
543
541
538
537
534
533
531
529
528
526
527
526
525
526
525
524
524
522
520
519
517
515
514
512
512
509
509
507
505
504
505
504
504
502
503
502
502
502
502
501
503
502
503
502
504
503
505
505
505
505
506
505
505
506
507
506
507
507
508
508
509
509
510
510
510
511
511
513
512
514
514
515
516
516
518
519
519
521
519
520
520
522
525
531
535
542
549
557
565
574
579
583
586
588
588
587
583
581
576
575
570
567
563
561
559
557
554
553
550
548
545
543
541
540
538
536
535
533
532
533
533
533
533
532
532
531
530
529
527
525
523
521
520
518
517
514
514
513
512
511
511
509
509
507
507
505
506
505
505
504
505
505
506
504
505
504
505
504
504
503
505
504
505
503
504
505
504
504
504
505
505
505
506
506
506
507
508
508
508
509
509
510
510
510
510
512
513
513
514
515
517
520
523
530
535
543
552
561
569
578
583
589
591
592
591
590
586
584
579
575
571
569
566
564
561
560
558
556
555
553
551
550
549
548
546
544
543
540
539
539
539
538
537
536
535
533
531
529
526
523
522
519
517
514
513
510
509
506
506
504
503
502
502
500
501
498
499
497
498
497
498
498
497
496
498
498
499
498
499
498
499
499
499
499
499
500
500
499
500
500
501
502
502
501
503
503
503
504
505
506
506
507
507
508
509
510
510
511
512
514
517
522
528
535
541
550
558
566
573
579
583
585
585
585
582
579
575
572
567
564
560
559
557
555
553
552
549
548
546
546
545
543
541
540
539
539
538
538
539
539
539
539
538
537
536
534
532
529
528
526
524
521
520
517
516
514
513
510
509
506
505
503
503
500
500
499
498
497
498
497
498
499
500
499
499
499
500
499
500
500
501
501
501
501
502
502
503
503
504
504
504
505
506
506
507
508
509
509
509
510
510
512
511
512
511
513
514
517
519
524
529
536
542
551
559
567
573
579
583
586
586
586
584
582
578
575
570
566
562
560
556
553
551
550
547
545
542
540
537
534
532
532
531
531
530
530
531
531
531
530
530
529
526
525
523
520
519
517
515
512
511
508
507
506
506
504
505
503
503
500
500
499
501
499
500
500
501
500
501
501
502
501
503
503
504
504
505
505
507
506
507
508
509
509
508
508
508
509
509
510
510
511
512
511
511
512
513
514
515
516
517
518
519
523
526
532
539
546
554
562
569
576
579
585
585
586
585
584
582
579
576
573
570
568
565
563
560
558
556
555
552
551
549
548
545
543
541
540
538
538
538
538
537
536
536
534
533
532
530
529
527
524
522
519
518
516
515
511
510
507
506
504
504
503
502
500
499
499
499
498
498
498
498
496
497
497
497
496
496
497
497
496
497
496
497
496
498
498
500
499
499
499
500
500
500
500
500
501
502
502
501
503
503
505
505
506
507
508
510
514
517
523
529
538
545
554
563
569
575
580
581
583
582
581
577
575
572
569
566
564
561
560
557
556
554
553
550
549
546
545
543
542
541
539
539
537
537
535
535
534
533
531
531
529
527
525
523
521
519
517
515
513
512
510
508
506
505
503
503
501
501
499
500
498
499
498
499
499
499
499
500
500
500
500
502
501
502
502
502
502
503
503
504
503
503
503
504
505
505
504
505
506
506
507
507
508
508
509
508
509
510
511
511
511
511
513
514
517
522
528
534
543
550
559
566
575
578
583
584
585
583
582
579
577
572
569
566
564
561
560
558
556
554
553
550
549
546
545
542
540
538
536
534
534
532
531
530
529
529
527
526
523
522
520
518
516
515
512
511
509
507
504
503
501
500
498
498
497
497
496
497
497
498
497
498
497
499
498
499
499
499
500
501
501
501
501
503
504
504
503
505
504
505
504
506
506
506
506
506
507
507
507
506
506
505
505
505
505
506
506
506
507
507
507
508
511
513
518
523
531
538
546
555
563
569
575
578
580
579
577
574
572
567
563
560
556
553
551
548
546
542
542
539
538
537
536
534
532
529
529
528
529
528
528
529
529
529
528
527
527
527
525
524
523
522
520
517
514
513
510
509
507
506
504
503
503
504
502
502
502
502
501
502
501
502
501
502
502
502
502
503
503
504
504
505
506
507
507
508
508
509
509
510
510
511
512
512
512
513
513
513
513
513
515
515
515
517
518
518
521
524
529
534
542
549
558
566
574
580
585
587
589
590
588
584
582
577
574
569
564
560
557
553
550
547
545
542
540
536
535
531
529
527
525
524
524
522
523
522
522
521
522
521
519
520
518
517
516
515
513
512
510
509
507
507
506
505
504
504
503
503
502
502
502
503
502
503
503
504
504
504
504
506
506
508
507
509
509
510
509
509
509
510
511
512
512
512
512
513
513
515
515
514
514
515
515
515
515
516
518
522
526
531
539
548
557
566
574
580
585
587
589
588
587
582
580
575
570
566
563
557
554
550
548
544
542
540
537
533
531
528
525
522
521
519
518
517
517
516
516
515
516
515
514
513
513
511
510
509
507
504
504
503
502
501
500
498
499
499
497
498
498
498
497
498
498
498
498
499
498
500
500
501
501
502
501
503
502
503
504
504
503
504
504
505
505
506
506
506
506
508
507
508
509
510
510
511
512
512
512
512
514
516
520
524
530
537
546
554
564
572
580
586
589
591
591
587
585
581
577
573
569
564
561
558
555
551
549
545
543
539
537
533
530
527
526
523
523
521
521
519
519
518
519
518
519
517
517
515
514
512
511
510
510
508
507
506
504
502
501
500
500
500
499
498
498
497
496
496
495
495
495
496
495
496
496
497
496
497
496
497
497
498
497
497
497
499
498
498
499
500
499
500
500
501
502
503
503
504
504
504
503
505
505
507
507
510
510
510
512
513
514
517
522
527
535
542
550
560
568
576
583
587
589
588
589
586
583
579
577
572
570
567
565
563
563
561
560
557
555
553
550
548
545
543
541
538
537
536
536
535
536
534
535
533
532
529
527
525
523
521
519
518
514
512
509
507
504
504
502
501
499
499
498
497
496
496
495
495
494
494
493
494
493
494
494
494
495
496
496
496
497
497
497
497
498
499
500
500
501
502
501
502
503
503
503
505
505
505
505
506
507
511
514
520
526
534
543
552
561
570
577
581
583
584
583
579
575
570
567
562
559
555
554
552
550
547
546
544
543
540
537
534
533
530
529
526
525
523
523
522
523
521
522
520
518
516
514
512
510
508
505
503
502
500
499
497
496
493
493
491
490
490
490
490
490
490
490
491
491
492
492
493
494
494
495
495
495
496
497
499
499
501
500
502
500
502
502
502
503
504
504
504
505
507
506
507
505
506
506
507
506
507
507
509
509
514
518
524
530
540
549
559
568
575
581
585
587
586
583
580
576
572
568
563
561
558
556
554
553
550
549
547
546
543
543
539
538
534
533
531
530
529
529
528
528
526
525
524
523
520
519
516
514
512
511
508
506
503
502
499
497
496
494
493
492
491
490
489
Loop stopped.