Output started
30000
498
491
490
488
489
487
487
486
486
484
486
484
486
484
484
483
484
483
484
482
483
480
481
479
481
479
480
479
480
480
481
480
481
480
480
479
481
480
483
483
484
484
483
483
482
484
484
484
485
485
484
484
483
482
483
484
487
490
492
498
503
508
510
514
515
517
517
518
515
516
513
513
510
510
507
506
504
505
503
504
503
503
502
503
502
501
499
497
496
495
495
495
495
495
495
495
493
492
491
491
490
490
489
489
489
488
487
486
484
482
483
483
483
483
483
483
483
482
481
480
480
479
481
480
480
479
481
479
481
481
480
480
481
481
483
482
483
483
484
482
482
480
481
481
481
482
482
482
481
480
480
480
481
481
484
485
489
491
496
501
506
510
512
515
517
518
518
517
517
514
512
511
509
508
506
505
503
503
502
502
502
503
502
502
499
499
497
496
494
495
494
495
493
494
493
493
490
491
490
491
489
489
488
488
486
485
483
482
481
481
480
480
479
479
479
478
478
478
477
479
478
476
478
477
476
476
476
476
477
476
478
477
478
477
479
478
480
479
481
479
480
479
480
481
482
482
481
478
479
479
480
480
482
482
483
482
482
482
484
485
487
490
494
500
506
510
515
517
519
522
522
523
523
522
520
518
517
516
513
513
511
511
509
508
507
508
506
506
505
504
502
501
500
499
497
498
496
497
495
496
494
494
493
494
492
492
489
489
488
486
486
485
483
482
481
481
479
479
477
478
476
476
476
474
474
473
473
474
474
474
474
474
473
473
472
473
474
475
474
475
475
474
476
475
476
475
476
475
475
475
476
475
476
476
476
478
478
478
478
477
478
479
480
481
482
481
482
481
482
483
486
488
492
496
502
507
512
516
519
520
522
521
521
521
521
519
518
516
514
513
511
509
507
507
506
506
505
506
503
503
501
501
498
497
496
496
495
495
495
495
495
494
493
493
491
492
490
491
489
489
488
487
486
486
484
484
482
483
481
481
479
480
479
479
479
478
479
479
479
479
478
478
479
479
480
481
481
482
482
481
482
481
482
481
482
481
483
483
485
483
484
484
483
482
483
482
484
484
486
485
485
483
483
482
484
485
487
489
493
496
501
506
511
514
517
519
520
520
521
519
517
515
513
511
509
509
507
506
504
503
503
503
503
504
501
501
498
498
496
496
495
496
494
495
493
493
491
490
489
489
487
487
486
485
484
484
483
483
482
482
481
481
481
481
481
480
480
480
480
481
481
480
480
481
481
481
482
483
484
483
484
484
484
485
486
486
485
485
487
487
488
487
487
487
487
486
486
486
488
488
489
488
487
485
486
485
486
486
488
491
496
500
505
510
515
517
520
521
522
521
520
519
517
514
513
510
508
505
505
504
503
504
503
503
502
501
500
498
498
497
496
496
494
495
494
494
491
491
490
490
490
491
490
490
488
488
487
486
483
483
481
482
480
480
479
479
478
478
478
479
478
479
478
480
479
479
479
479
479
480
480
481
481
482
482
483
483
482
482
482
482
483
483
483
482
481
482
481
483
484
486
485
485
484
483
482
483
483
486
487
490
493
499
502
510
514
518
519
520
520
521
520
519
517
516
512
511
509
506
505
506
505
504
504
503
504
503
502
501
499
499
497
496
496
495
495
494
493
492
492
491
491
490
489
488
488
487
487
486
485
484
484
483
482
481
481
480
481
480
480
480
481
480
481
480
481
480
481
480
481
481
481
480
482
481
482
482
482
482
483
482
483
483
484
484
484
485
484
484
483
484
484
484
486
486
487
487
487
487
487
487
487
488
490
493
496
501
505
510
513
517
517
520
520
521
520
521
518
517
514
514
510
510
508
507
506
506
506
505
504
504
503
503
501
501
500
500
499
498
497
497
496
495
494
494
494
495
494
493
493
492
491
490
489
488
487
485
485
482
482
482
482
480
480
480
481
479
480
479
480
478
480
479
480
480
480
479
480
480
481
481
482
481
481
482
483
482
482
482
483
483
485
485
485
485
484
483
483
483
483
484
485
486
486
486
485
486
486
489
491
494
498
502
506
512
514
517
519
521
520
523
521
522
519
518
517
516
514
513
511
511
509
508
506
508
507
507
506
506
504
503
501
502
501
502
501
501
500
500
498
498
497
497
497
495
495
495
493
492
490
489
487
487
486
485
484
484
483
483
481
480
479
478
478
478
479
478
478
478
478
478
478
478
478
478
479
479
480
480
481
480
480
480
480
480
482
481
482
480
481
480
480
479
481
480
482
483
483
483
483
483
485
486
487
488
491
495
500
505
510
514
515
518
521
522
522
522
522
521
519
518
516
516
514
514
512
511
510
510
509
509
509
510
507
507
505
505
504
504
503
504
503
503
502
502
500
500
499
499
497
497
495
494
492
492
490
489
488
486
485
483
482
482
481
480
479
478
478
477
477
476
477
476
476
476
476
475
476
475
477
476
479
479
481
480
481
481
482
481
482
482
484
484
484
483
483
483
484
485
488
487
488
488
487
486
487
487
490
493
495
500
505
510
514
519
521
524
524
526
525
524
522
521
518
517
514
513
511
511
510
510
509
509
509
508
507
507
504
503
502
502
502
502
502
503
502
501
500
499
498
498
497
498
497
496
494
492
491
490
489
489
489
489
489
488
486
486
485
484
483
483
482
482
482
482
483
483
483
482
482
482
483
482
483
483
483
483
483
483
483
483
483
482
483
482
483
484
487
487
487
486
485
483
484
485
487
488
492
496
502
506
512
515
519
521
522
521
522
521
520
517
517
514
513
511
511
510
511
512
511
511
511
510
510
507
505
505
503
503
502
502
500
500
499
500
499
499
497
497
496
495
493
493
491
490
487
487
485
486
485
484
484
485
483
484
482
482
481
482
482
482
482
482
481
481
481
480
480
481
481
481
482
481
483
482
482
483
482
483
482
481
482
483
484
483
486
485
485
483
484
483
484
486
490
492
498
503
510
514
519
521
523
523
524
523
522
519
518
515
514
511
510
508
509
508
508
507
507
508
506
504
502
501
498
497
496
495
495
494
493
492
491
491
490
490
489
490
488
488
487
486
484
484
481
481
480
480
478
478
478
476
476
476
476
475
475
476
475
475
475
475
475
476
476
477
476
477
476
477
477
478
479
478
479
478
478
478
478
479
479
478
479
478
478
477
476
476
478
480
483
486
493
497
503
509
513
515
517
518
519
518
518
517
515
513
512
509
509
508
507
506
505
504
504
502
501
500
500
497
496
493
492
490
491
489
489
487
487
484
484
484
483
483
482
481
481
481
478
478
477
476
475
475
474
473
472
473
472
472
470
471
470
471
470
470
470
471
471
472
471
471
470
472
472
472
472
473
473
473
472
473
472
474
474
475
475
474
474
473
472
473
473
475
476
476
475
475
475
475
477
478
481
485
491
496
502
507
511
515
518
519
521
520
521
519
519
517
515
511
510
508
508
506
506
504
504
502
502
500
500
498
497
494
494
491
491
490
489
488
487
485
485
483
483
481
481
481
480
479
477
476
475
474
473
473
472
472
469
468
468
467
466
466
465
465
463
464
464
465
465
466
465
466
465
467
466
467
467
468
467
468
468
469
469
469
469
470
469
469
469
469
470
471
472
472
472
473
472
474
474
475
476
477
477
477
477
477
479
481
482
485
490
494
501
505
512
516
520
522
522
522
522
522
523
520
520
518
517
515
515
512
512
508
508
505
505
503
503
501
500
499
498
496
495
494
495
494
492
490
490
487
486
484
483
482
481
481
479
478
477
477
476
475
474
473
471
472
472
472
471
470
468
468
467
467
466
467
466
467
466
468
467
467
467
467
467
467
467
468
467
468
467
468
468
469
469
470
470
472
471
473
473
473
473
473
473
473
473
474
474
475
474
474
474
476
477
479
482
485
489
494
500
507
512
517
520
522
522
522
523
521
520
519
520
518
517
514
514
512
511
510
511
509
510
508
508
506
506
503
503
500
501
499
499
497
496
495
494
493
493
491
491
489
487
486
485
483
481
481
479
477
475
474
472
474
472
471
472
472
472
471
471
470
468
468
467
468
466
468
467
468
468
470
470
472
472
474
474
475
474
475
475
475
474
476
475
476
475
476
476
476
476
477
478
479
479
480
479
480
480
480
481
482
484
487
490
496
501
506
511
515
519
520
521
521
520
519
518
515
514
512
512
510
510
508
507
505
505
505
505
504
503
501
499
497
496
494
495
494
494
495
495
495
495
494
494
493
493
490
490
489
489
487
487
486
485
484
482
481
480
479
479
479
480
480
480
481
481
481
481
481
481
482
481
483
483
484
484
485
484
486
484
486
486
486
486
486
485
486
486
487
487
488
487
489
489
489
489
490
490
492
494
496
499
503
507
512
515
519
521
523
525
524
525
524
524
521
519
517
514
511
510
509
508
508
507
510
509
506
506
504
502
498
498
497
496
495
496
493
494
493
492
490
491
490
491
489
489
488
487
486
486
483
483
481
482
481
481
480
480
480
480
481
482
480
482
481
481
481
481
481
481
481
481
481
483
483
483
484
483
484
484
485
484
485
483
484
483
484
483
485
484
486
485
487
485
486
485
486
487
491
494
499
502
506
508
512
513
515
516
517
515
514
512
511
508
506
504
503
501
501
502
506
506
506
505
504
503
501
501
501
500
499
498
498
498
497
498
496
497
496
496
495
495
493
492
491
491
489
488
487
487
486
486
484
484
482
481
480
481
481
481
481
482
480
481
480
481
481
481
481
481
481
481
480
481
482
481
481
482
482
482
482
481
482
483
482
483
484
484
485
485
484
483
482
482
484
485
489
492
496
500
505
509
513
515
518
518
519
517
517
515
514
512
511
509
509
508
508
507
507
507
508
506
506
504
504
502
501
500
499
498
499
498
497
496
496
496
497
496
495
494
493
492
490
491
491
490
488
488
487
486
485
485
485
486
483
485
482
483
483
483
482
483
482
483
481
482
481
483
483
484
485
485
484
485
484
485
485
486
485
485
484
484
483
484
484
485
486
486
486
486
486
484
485
486
486
487
489
493
497
502
506
511
513
514
516
516
517
515
515
512
512
510
510
508
507
505
505
504
505
504
504
503
504
501
501
500
499
498
498
497
497
496
495
494
494
493
494
492
492
491
492
490
490
489
489
488
488
486
485
485
484
484
483
483
481
481
480
481
480
482
481
483
482
481
480
480
480
481
480
481
481
482
482
483
481
482
482
483
482
483
483
483
482
483
483
483
483
485
485
486
486
485
484
485
484
486
487
491
492
494
498
502
506
510
512
514
517
517
518
516
515
513
512
509
509
508
506
504
504
502
502
502
504
503
503
502
500
498
497
495
495
494
496
495
496
495
495
493
492
490
490
489
489
488
487
486
486
485
485
484
484
483
482
482
481
482
482
482
482
481
481
481
481
481
481
482
482
483
481
483
482
483
483
483
483
484
483
484
484
484
484
485
484
485
485
484
484
485
485
486
485
486
486
487
486
488
490
491
494
498
502
506
510
514
515
517
518
518
518
518
516
515
514
512
510
509
509
508
507
506
505
504
503
502
503
500
499
498
498
497
498
497
497
497
497
496
497
496
496
495
495
494
494
493
493
491
491
489
488
487
486
485
486
484
485
484
483
482
481
479
479
478
480
480
480
481
481
482
483
483
483
484
483
484
484
484
483
483
482
483
484
486
485
485
483
483
482
483
483
483
483
483
481
481
482
484
486
488
491
495
497
501
506
511
515
517
517
518
518
518
517
517
516
515
513
512
511
510
509
507
507
506
506
507
506
506
506
505
503
503
503
503
504
504
504
504
504
501
501
499
499
497
497
495
495
494
494
492
491
490
489
487
487
485
485
484
483
482
483
481
482
481
481
480
480
479
478
478
478
478
478
478
479
479
479
479
479
479
480
482
482
482
482
484
484
484
484
485
485
485
484
485
483
482
481
482
482
484
485
487
490
495
499
504
506
511
513
515
514
516
515
515
512
511
508
507
505
506
503
503
502
502
502
503
501
501
501
501
500
499
500
499
500
500
500
500
499
497
498
497
498
496
497
496
496
494
494
492
492
490
492
490
491
490
490
488
489
488
488
488
488
487
487
485
486
485
487
486
487
487
486
485
486
487
488
488
488
487
488
488
488
487
487
487
487
487
487
486
486
485
484
485
486
489
492
497
501
505
510
515
518
520
520
522
520
521
518
517
513
511
508
508
507
506
504
504
502
503
502
504
503
502
499
499
497
496
496
496
495
496
495
495
494
495
494
493
492
492
491
490
488
488
486
485
485
484
483
482
482
482
482
480
482
482
482
481
481
481
481
480
481
481
482
481
482
480
481
481
482
482
484
483
484
484
484
483
484
484
485
485
486
485
484
483
484
484
484
485
488
492
496
500
506
511
515
516
518
519
519
519
517
515
513
511
509
507
505
505
504
505
504
504
504
504
503
502
499
499
496
496
495
495
494
494
493
493
491
492
492
491
489
490
488
488
486
486
483
483
483
483
482
482
482
481
479
481
480
480
479
480
480
480
481
481
481
481
482
482
483
483
483
483
484
483
484
483
484
483
484
483
483
482
483
482
483
482
483
482
482
480
481
481
484
484
488
492
497
502
508
512
516
517
518
518
518
516
515
513
512
509
509
507
506
505
504
504
503
Loop stopped.
