Output started
30000
567
569
568
567
567
565
562
561
558
557
553
553
550
549
546
543
539
538
534
534
532
532
529
530
529
528
527
527
525
526
526
526
528
527
527
528
528
530
532
532
533
532
532
531
533
534
534
535
536
537
540
540
541
542
543
543
545
545
546
545
546
547
548
549
552
555
560
564
572
583
597
610
625
638
648
658
665
669
672
671
669
667
663
658
654
650
645
640
635
630
626
621
615
610
606
602
594
589
584
579
575
573
572
571
570
569
568
566
565
563
561
560
559
557
556
555
554
552
550
548
546
543
541
537
534
532
532
531
530
530
529
529
528
530
532
534
534
535
534
536
535
537
537
538
538
541
542
545
546
546
546
546
546
547
549
551
551
551
550
552
553
553
553
555
557
557
559
560
561
563
568
572
581
590
601
612
624
634
645
651
657
659
662
661
659
655
652
646
640
633
627
621
617
611
608
603
599
594
590
585
583
579
577
574
572
572
571
572
573
573
573
572
571
570
570
568
566
566
562
561
558
558
556
556
554
552
550
551
550
550
548
549
547
546
546
547
546
547
547
548
548
548
546
547
548
550
550
552
553
555
557
559
559
561
558
557
557
557
558
558
558
559
560
562
563
564
567
569
571
571
573
575
576
581
589
598
608
619
631
642
651
658
664
665
665
663
661
657
652
646
639
634
631
628
625
621
618
613
610
604
601
598
597
593
590
586
585
582
583
582
582
582
580
579
577
577
577
580
583
586
587
586
584
580
577
573
568
563
558
553
549
546
544
544
543
543
543
543
543
542
543
545
546
548
546
547
547
548
549
551
550
552
554
556
558
562
561
563
562
563
561
563
562
565
565
567
568
569
570
571
573
573
575
578
583
590
597
607
616
626
635
643
652
656
660
661
661
659
657
653
651
647
645
639
636
632
630
626
623
618
614
610
607
604
600
598
596
593
592
590
589
587
587
584
585
584
583
580
578
577
575
571
570
570
568
566
564
562
561
559
559
559
559
559
558
556
555
554
554
554
554
554
554
554
554
555
556
557
557
558
557
558
557
557
558
560
562
562
562
563
563
564
564
563
563
563
564
564
563
565
565
567
566
569
571
576
582
588
596
606
614
623
632
640
648
654
658
661
661
660
657
655
652
648
645
641
637
634
631
628
624
620
616
611
608
605
602
598
594
590
589
588
586
583
584
582
581
579
578
576
576
573
572
569
570
567
566
562
560
559
558
556
555
555
554
554
551
549
550
549
550
550
552
552
552
552
551
552
553
553
554
555
555
557
558
560
561
562
562
563
562
562
560
561
561
562
563
564
563
564
564
565
565
568
568
569
570
572
575
582
588
594
601
611
622
635
646
655
662
667
670
671
670
668
665
661
657
653
648
645
640
634
630
626
623
619
614
609
607
605
601
597
595
592
589
588
587
585
583
580
578
576
575
573
573
570
568
565
564
562
561
559
556
553
552
549
549
546
545
544
543
543
544
545
545
546
546
547
548
550
552
552
551
550
551
551
552
553
553
554
555
555
556
556
557
559
559
559
561
562
562
563
562
561
560
560
561
563
566
568
571
573
576
582
590
600
611
625
637
649
657
665
670
674
676
676
673
669
663
658
653
649
644
641
635
630
624
620
616
611
607
604
601
597
593
588
586
584
583
581
581
579
577
573
573
570
569
566
565
562
559
556
554
550
548
544
544
542
541
541
540
538
537
535
534
533
533
534
536
538
540
541
542
541
541
541
541
542
542
542
544
545
544
544
547
548
549
551
552
553
553
553
552
554
555
556
557
559
560
564
569
577
585
598
609
623
635
648
659
667
673
678
679
677
674
671
666
661
655
651
645
640
634
630
623
618
612
606
601
596
590
584
580
576
573
571
569
569
567
566
564
563
561
560
558
555
554
550
548
546
543
541
539
537
534
533
531
531
530
529
529
529
531
530
530
529
529
528
529
530
531
532
533
532
534
534
536
536
538
538
538
540
540
542
542
543
544
544
547
549
550
550
550
550
553
553
554
557
560
566
574
585
597
611
625
639
654
666
675
681
685
686
683
683
678
675
669
663
655
649
642
637
631
627
620
613
605
599
593
588
583
579
574
571
567
566
565
564
564
562
562
560
560
557
555
552
550
548
547
543
541
537
535
532
530
528
527
526
525
523
523
521
522
521
523
523
524
524
526
526
527
527
530
530
530
531
534
537
538
539
540
539
540
540
542
544
545
548
546
547
547
548
549
551
552
551
552
553
558
564
573
588
603
618
632
646
657
667
673
675
677
675
671
666
662
656
649
642
636
629
624
617
610
605
599
594
589
584
578
574
571
571
571
569
568
567
566
566
565
563
563
561
559
556
553
551
550
548
546
544
541
539
536
534
532
531
529
528
526
526
525
525
524
524
525
526
528
529
532
532
534
534
536
537
541
541
542
542
544
545
546
546
548
550
552
552
552
550
551
551
553
553
554
553
554
555
560
568
579
592
608
624
640
654
666
677
683
685
683
679
676
672
666
661
655
648
640
634
627
622
617
611
604
598
591
586
581
576
571
568
565
564
562
562
561
561
559
558
556
555
554
554
551
549
546
544
541
539
537
536
534
532
530
529
528
525
525
526
525
524
523
523
523
524
525
526
526
527
528
529
531
531
533
535
536
535
535
536
537
539
540
542
541
541
542
543
544
546
546
547
549
549
550
552
557
566
577
590
606
622
637
652
666
676
685
688
691
690
686
683
678
671
662
654
647
640
636
631
626
620
613
607
601
593
588
582
577
572
569
566
563
562
560
560
559
559
558
557
554
553
550
550
548
546
542
539
537
536
533
532
531
529
528
528
525
525
523
523
522
523
523
523
522
523
525
526
527
527
528
530
529
530
530
531
532
533
534
535
536
535
536
537
538
540
543
544
545
545
548
549
551
552
555
559
565
575
587
601
618
633
648
661
673
679
685
686
686
683
680
674
670
664
659
653
648
643
636
631
624
618
611
605
599
594
587
581
577
571
569
567
566
565
563
562
559
559
558
558
555
553
550
549
545
544
543
541
538
536
534
532
529
528
528
528
527
528
527
525
526
526
525
526
526
528
529
532
532
532
532
533
532
534
535
537
539
541
544
543
543
543
543
544
546
548
548
548
549
549
551
551
553
555
556
559
565
574
585
596
610
623
637
649
659
668
674
676
678
678
676
671
666
661
657
650
645
642
637
631
624
618
612
606
600
593
590
586
580
576
572
571
568
567
566
565
564
562
561
559
556
554
552
550
549
548
546
545
543
539
537
535
534
533
534
533
531
532
531
530
529
530
529
530
529
530
530
533
532
535
534
536
536
538
537
539
540
543
545
546
547
548
549
552
553
554
554
555
554
554
554
554
555
557
558
559
562
566
574
583
594
605
618
629
640
648
658
665
670
671
671
669
667
664
660
656
652
647
642
637
632
626
621
616
611
605
601
595
590
586
583
581
579
577
577
576
576
575
574
573
570
567
563
561
559
558
557
555
552
549
546
543
541
540
537
537
535
536
534
536
536
538
541
541
540
540
538
538
537
537
536
537
538
539
538
540
540
543
545
546
546
546
546
548
549
549
548
548
547
549
549
550
551
551
552
552
555
558
561
567
574
584
594
607
618
631
641
652
662
668
674
676
678
676
675
672
669
666
661
656
650
644
638
631
625
616
610
604
599
593
589
585
582
580
581
580
579
577
576
572
570
567
566
564
563
562
560
556
554
552
550
547
546
545
542
539
538
538
536
533
532
531
532
534
533
534
535
536
535
536
535
538
538
539
538
539
539
540
540
543
544
546
546
549
550
553
554
556
555
555
554
553
551
553
552
553
551
551
552
554
557
563
572
586
600
614
630
643
655
665
672
677
679
680
679
676
669
664
657
650
644
638
633
627
622
615
608
601
596
590
585
581
579
575
573
570
571
571
571
571
572
571
570
567
564
561
559
557
555
552
550
547
543
541
540
538
537
536
535
534
532
529
529
529
529
528
527
527
529
531
533
534
535
536
536
536
538
540
541
543
543
546
546
548
549
548
550
550
550
552
553
554
554
555
555
557
557
557
558
562
566
575
584
599
614
631
646
662
673
684
692
697
697
694
690
686
680
675
668
662
655
648
641
634
627
621
614
607
600
592
586
580
576
571
567
562
561
560
560
558
557
555
552
549
547
546
545
543
543
540
537
534
531
529
530
527
527
524
522
520
519
518
519
518
520
521
520
521
521
523
524
524
525
526
526
526
527
528
530
530
533
533
532
534
534
536
538
540
542
542
542
541
540
542
543
546
548
549
550
553
557
567
579
594
612
628
645
661
675
687
695
701
703
702
698
693
688
682
673
665
658
651
645
640
634
626
619
610
603
596
589
584
577
570
564
560
556
552
552
551
549
548
546
543
541
539
537
535
534
533
531
529
526
522
519
515
514
512
510
509
508
507
507
507
508
509
511
511
512
512
512
512
513
514
516
518
520
522
524
525
527
528
531
531
532
533
535
536
537
538
540
541
541
540
539
541
543
545
548
552
555
562
573
586
602
620
637
653
668
680
688
695
697
697
694
691
685
681
674
669
660
653
646
641
634
628
620
612
603
596
588
581
575
571
567
563
559
558
555
554
551
551
549
547
545
543
541
539
538
535
533
530
528
526
524
521
519
516
515
513
514
512
512
510
511
511
513
512
513
514
516
516
518
518
520
521
522
524
527
526
526
527
530
531
531
533
534
536
537
539
540
542
544
543
543
543
543
545
549
550
552
552
555
561
570
583
598
614
630
646
660
672
682
688
691
690
687
684
678
674
667
660
653
647
639
634
628
623
617
611
605
599
593
588
583
578
572
568
565
563
562
562
561
560
558
556
553
552
550
549
546
543
539
536
533
531
530
528
527
526
524
523
522
520
519
520
522
524
524
523
524
523
523
524
525
529
531
531
532
531
534
534
536
535
535
535
536
538
540
539
541
541
542
544
546
548
549
551
552
554
555
557
558
560
566
574
585
598
613
629
644
655
666
673
678
682
683
682
678
674
667
662
655
648
640
635
627
622
615
609
603
597
591
586
580
577
571
570
566
565
563
562
562
562
560
559
557
554
554
554
553
552
548
545
543
542
540
540
539
537
534
533
531
531
531
531
531
531
532
533
534
534
534
534
536
537
538
539
539
540
541
541
544
545
548
548
549
549
548
548
548
547
548
547
548
548
548
550
552
553
557
558
559
562
566
574
584
595
610
623
637
650
663
672
680
684
684
683
680
676
673
668
664
658
652
646
640
635
629
623
615
609
603
598
593
589
583
580
576
576
573
571
570
569
566
565
563
564
562
561
558
557
553
551
549
547
544
543
541
539
537
536
537
537
536
534
533
534
533
533
533
534
535
534
535
535
537
539
541
540
541
542
544
544
545
545
547
547
548
548
550
552
554
554
555
556
555
554
556
557
558
559
562
564
567
567
573
579
591
603
617
631
642
653
662
670
677
682
684
684
681
677
673
668
663
658
652
645
638
634
628
624
617
611
604
598
592
589
584
582
578
574
571
570
568
568
568
567
566
565
563
562
559
559
558
557
555
553
549
547
546
545
545
544
544
544
543
542
541
541
540
540
539
539
539
538
538
539
539
540
539
539
539
539
540
540
541
541
541
542
544
544
545
546
547
548
549
550
551
551
553
552
554
554
556
559
562
564
570
576
585
596
609
621
635
647
659
667
675
678
680
679
678
675
672
667
662
656
650
645
640
634
630
623
618
611
606
600
593
588
583
579
575
573
570
569
568
568
567
567
565
565
563
561
558
557
556
555
552
550
547
545
542
540
539
538
537
536
535
534
533
533
532
532
532
534
535
534
536
536
536
537
538
539
540
540
539
540
541
542
543
544
545
545
546
546
548
549
550
551
552
552
553
553
554
556
558
559
562
563
566
570
577
586
598
613
627
639
652
663
671
677
680
680
679
677
673
667
663
655
650
643
636
632
627
621
616
610
604
599
594
590
585
582
579
577
575
575
575
574
573
572
571
570
568
567
566
564
560
558
555
553
551
549
547
545
542
541
539
539
538
538
535
536
534
534
534
534
534
536
536
537
537
539
539
541
541
541
542
543
545
545
545
547
548
551
552
552
552
555
554
555
556
556
557
557
559
560
562
561
563
564
568
575
587
600
615
629
643
654
666
673
679
682
682
679
676
671
667
661
655
645
639
632
627
621
616
610
605
599
595
591
586
581
578
576
574
574
572
572
570
569
567
566
564
563
561
560
557
556
551
549
544
541
538
537
535
534
533
533
532
532
530
530
530
530
530
531
532
534
536
537
537
539
538
539
541
545
546
548
548
548
548
551
552
553
554
555
556
556
555
556
556
557
558
561
562
562
564
565
566
566
569
575
584
597
611
628
644
657
668
676
682
686
688
687
684
679
673
667
661
653
646
641
639
639
639
636
631
624
616
606
597
589
580
574
570
566
564
561
559
557
554
552
551
549
547
544
541
538
535
533
531
530
527
524
522
521
519
520
520
519
519
520
520
522
524
526
527
528
527
528
528
529
530
532
532
534
534
534
535
539
539
542
542
544
544
545
545
546
547
549
549
550
551
553
554
556
558
559
562
566
573
584
599
615
632
649
665
679
690
697
703
703
702
698
694
687
679
670
663
655
649
643
637
630
625
618
611
603
597
Loop stopped.
