Output started
30000
667
686
693
696
702
708
716
724
733
739
747
753
758
760
763
763
764
762
761
759
757
753
751
746
742
740
737
734
728
725
720
716
713
712
709
707
705
704
701
700
697
696
693
693
692
691
690
687
685
682
679
676
674
674
672
670
670
668
666
664
663
659
660
659
659
658
659
657
656
655
655
656
656
659
660
660
659
661
664
664
665
666
665
665
664
664
663
662
662
664
665
668
671
677
685
691
700
710
720
729
737
746
750
753
755
756
757
756
756
755
753
751
748
746
740
736
731
729
725
721
719
717
714
710
709
706
706
705
704
701
699
696
693
689
688
687
687
685
685
684
681
679
677
676
675
673
672
669
667
666
664
663
663
663
661
660
658
657
655
657
655
656
654
655
655
658
657
661
661
662
662
663
664
665
664
664
663
663
662
664
665
669
670
677
684
694
703
713
722
732
740
745
750
752
753
753
755
753
752
750
749
745
743
739
736
731
726
721
717
714
713
710
709
707
705
702
701
699
700
698
699
696
696
695
693
692
690
686
684
682
680
678
676
674
674
672
670
669
666
664
662
661
661
659
658
656
656
657
656
657
657
658
660
662
662
661
661
661
661
663
665
666
667
666
666
666
666
667
667
667
666
668
668
671
675
684
695
704
714
723
731
737
743
748
752
755
755
755
753
751
747
746
742
741
735
733
729
726
721
718
715
711
709
708
706
706
703
701
699
698
697
698
697
697
696
695
693
690
688
686
684
682
682
679
678
675
674
672
671
670
670
667
666
664
665
664
665
663
662
662
661
659
660
661
663
662
664
662
662
661
661
661
662
663
664
663
665
664
663
664
665
666
667
670
673
679
686
695
704
715
722
731
737
745
748
752
754
756
754
754
750
749
744
742
736
734
733
730
725
722
717
714
711
709
705
703
702
701
700
701
700
700
700
698
697
693
690
688
686
682
681
678
677
675
673
669
668
665
666
666
668
667
669
668
667
669
670
669
669
666
664
663
662
662
662
661
663
663
664
665
666
669
667
668
667
666
666
666
664
663
663
665
668
670
673
679
686
694
703
714
724
732
739
744
748
752
755
757
757
756
753
750
747
744
738
734
730
727
723
721
718
715
713
710
707
703
700
698
696
694
693
693
693
692
692
691
692
691
689
686
683
680
678
677
673
673
671
669
667
667
664
664
660
660
659
660
659
659
658
658
656
657
656
656
654
652
653
652
653
655
654
654
656
658
660
660
661
661
661
660
661
661
664
665
669
674
683
690
702
712
722
732
739
746
752
756
759
759
760
757
756
752
752
751
749
744
740
736
733
730
728
723
720
717
714
711
710
709
705
703
700
698
695
693
689
687
685
685
683
682
681
680
679
677
673
672
668
668
666
666
663
663
661
659
658
659
659
659
661
662
665
665
665
665
663
663
661
660
660
661
661
662
663
665
666
667
667
667
666
666
667
668
670
673
676
683
691
698
707
716
724
733
741
748
753
757
760
762
762
760
759
756
753
748
744
739
735
730
727
725
722
717
714
709
705
702
699
696
694
692
691
689
688
686
687
685
683
681
679
674
671
667
666
664
663
660
657
657
656
655
654
652
652
651
649
649
650
649
650
651
650
650
651
651
650
652
653
654
653
655
656
658
658
659
661
662
661
662
662
662
661
661
660
662
663
668
674
682
691
701
712
724
734
743
752
759
763
766
767
767
766
766
763
760
757
753
749
745
742
737
732
726
722
717
714
710
708
705
702
700
699
696
695
693
693
691
691
687
686
684
683
681
679
678
676
674
672
670
667
664
660
657
656
652
651
651
651
651
651
650
649
650
650
652
652
654
654
654
654
655
656
657
658
660
659
662
663
664
663
664
662
663
663
664
664
666
668
673
681
690
699
711
723
733
743
751
758
762
763
763
764
762
759
757
753
751
745
743
738
734
729
724
720
715
711
708
705
702
700
699
698
697
696
694
692
692
690
688
686
684
683
681
679
675
674
671
668
666
662
660
657
655
655
654
653
653
654
653
653
653
653
653
654
654
654
655
655
656
657
657
659
659
661
660
662
662
663
663
663
665
665
664
665
665
667
668
670
674
681
690
699
709
719
729
737
746
751
755
755
755
755
755
753
751
748
745
741
737
731
727
722
718
713
708
702
698
695
694
691
693
693
695
695
696
696
696
695
696
695
696
695
693
691
688
686
683
681
677
674
672
671
669
669
667
666
663
663
662
662
661
660
659
660
660
661
660
661
662
663
664
667
666
667
667
669
668
669
670
670
671
672
673
673
673
675
676
678
681
688
694
702
710
719
726
733
739
745
749
752
754
752
749
745
743
740
738
736
734
732
731
729
726
723
720
715
714
711
709
707
706
705
705
703
703
701
702
701
701
700
699
698
696
696
693
692
690
689
686
686
684
680
681
679
678
676
677
676
676
675
675
676
677
676
676
676
677
676
676
676
676
676
677
678
680
682
681
681
680
681
681
682
683
683
683
682
683
685
686
689
695
703
708
716
723
733
740
746
750
753
754
754
754
753
751
749
746
745
741
739
734
733
728
725
721
718
717
716
715
714
712
711
710
710
709
708
707
705
704
702
701
700
700
698
697
694
692
689
687
684
684
683
683
682
681
679
678
676
677
676
676
677
676
674
675
673
674
673
673
673
674
674
675
675
677
678
680
680
680
681
682
682
682
682
680
679
679
680
682
685
688
693
698
705
712
721
728
737
743
749
753
757
759
761
760
761
759
756
755
753
750
748
745
742
739
737
736
733
730
726
723
720
718
718
715
714
712
710
708
706
704
703
702
702
701
699
697
694
693
691
689
686
684
682
681
679
677
675
674
672
671
670
669
669
668
668
667
667
667
666
667
666
667
667
669
668
669
670
669
671
670
672
671
672
671
671
671
671
671
671
672
673
674
675
678
684
693
701
713
723
734
744
753
761
768
771
773
772
770
768
766
763
759
756
750
746
742
739
736
733
730
726
721
719
716
714
711
710
708
708
706
707
705
703
700
699
695
694
691
690
688
687
684
680
676
675
672
672
669
667
665
663
659
659
657
657
656
656
655
655
655
655
656
655
654
654
654
654
655
655
656
655
656
655
655
655
657
657
658
659
660
660
659
658
658
659
662
662
667
675
687
699
712
724
736
747
758
764
769
772
774
775
774
773
770
767
763
758
753
749
744
742
737
734
729
724
719
715
712
708
706
705
702
700
698
696
694
692
689
686
683
681
678
675
672
668
663
660
658
656
653
651
649
647
645
644
642
641
641
639
639
638
636
636
637
636
636
637
638
639
640
640
640
641
643
644
644
647
647
648
648
649
649
650
649
648
648
647
647
650
652
655
664
672
684
699
715
730
744
755
766
770
776
778
780
779
778
774
769
765
760
754
748
743
738
733
729
724
720
714
710
704
701
696
693
689
689
688
685
683
681
679
679
676
676
675
672
671
667
663
658
656
651
647
642
640
638
637
635
634
631
630
628
629
629
630
629
631
631
633
633
635
636
637
637
639
639
641
641
642
642
644
644
647
646
647
647
649
648
649
648
649
652
657
663
670
680
692
706
722
737
751
763
770
776
779
780
778
775
772
769
763
759
751
746
740
735
730
724
719
714
708
703
697
694
691
688
687
686
685
684
682
679
678
676
674
671
670
667
666
663
660
658
655
653
649
647
645
643
642
640
639
637
636
636
635
634
634
634
636
635
635
635
636
637
639
640
643
644
644
644
645
646
647
649
651
653
655
656
656
655
657
658
659
662
666
672
680
690
701
713
724
734
745
755
764
770
776
777
777
776
773
768
763
755
749
743
737
731
725
720
717
713
709
705
702
699
697
694
692
690
689
689
687
687
685
684
683
681
678
676
673
670
665
664
660
659
658
656
654
652
650
649
647
645
643
645
642
643
641
642
641
642
641
644
643
643
642
644
645
646
646
647
648
649
650
650
652
653
653
654
655
653
652
652
652
653
655
658
664
669
676
685
696
706
719
729
738
744
750
752
754
753
754
752
750
749
746
743
739
735
731
726
722
718
715
711
709
706
704
701
699
697
694
694
692
691
689
689
688
688
687
685
682
681
678
678
675
673
671
671
667
667
664
663
661
659
658
657
657
657
656
656
656
656
657
658
661
662
663
665
665
665
667
667
667
667
667
669
669
669
669
669
669
670
670
670
671
670
670
671
673
675
680
687
696
703
713
720
729
736
741
746
748
750
751
750
747
745
742
740
736
733
732
729
727
726
723
720
719
716
715
712
711
708
706
705
705
704
703
701
700
698
697
693
692
690
689
687
686
684
683
681
678
677
675
673
672
671
670
669
668
667
667
667
666
666
667
667
668
668
670
671
670
672
672
674
672
672
672
674
675
677
677
678
678
679
678
680
678
678
676
677
678
679
680
685
690
699
707
716
725
735
742
747
751
754
756
757
757
754
753
750
749
745
742
740
739
737
735
732
730
725
721
717
713
711
708
706
704
702
703
701
699
697
697
695
695
693
692
690
689
687
686
685
682
681
681
680
678
676
675
673
672
671
673
675
679
682
685
686
684
681
678
676
672
671
671
670
668
668
667
669
669
670
671
672
674
674
675
674
675
675
676
676
675
676
678
680
684
690
698
705
714
723
733
741
748
753
758
761
761
762
761
760
757
756
754
752
747
745
742
739
738
737
734
732
728
726
722
720
719
718
717
716
715
713
711
709
707
704
702
701
700
699
696
694
691
689
687
684
681
679
677
675
674
672
671
669
670
671
670
671
672
670
670
669
671
671
673
673
675
674
675
674
675
674
674
674
675
676
677
676
678
677
677
677
677
676
674
675
677
682
689
696
705
716
727
739
748
757
764
770
772
774
773
773
769
767
764
763
758
756
752
749
748
745
742
739
736
733
727
723
720
719
716
715
713
713
710
709
707
704
701
699
696
692
691
687
685
683
680
677
675
672
669
666
663
660
660
659
660
658
658
656
657
656
656
656
657
656
656
656
656
655
657
658
658
659
660
658
658
659
659
660
659
659
657
656
658
659
659
660
660
663
669
679
689
702
715
730
742
754
764
771
777
780
780
780
778
776
771
768
764
760
755
751
747
741
735
731
725
721
716
714
709
707
702
701
699
697
695
694
695
693
690
687
684
680
676
674
670
668
664
663
659
658
654
652
648
646
644
643
640
640
638
638
637
637
637
637
638
639
639
640
640
639
641
642
644
646
648
648
648
648
648
648
649
649
650
649
649
649
650
650
652
654
661
669
680
693
708
723
739
753
764
773
780
781
783
780
778
773
769
764
759
753
748
742
737
731
725
722
716
711
706
701
697
694
691
689
685
684
681
682
679
679
676
673
670
669
666
664
658
653
649
646
644
644
642
641
638
636
635
634
634
633
632
632
632
632
632
632
631
630
631
633
635
636
637
637
636
638
638
638
639
640
641
642
644
644
645
644
645
644
645
645
647
649
655
662
674
688
703
719
735
748
759
766
774
777
778
777
774
770
766
761
755
752
748
743
737
732
727
723
717
713
707
703
700
696
692
689
687
683
680
679
675
673
671
672
670
668
664
660
658
654
651
649
647
643
641
638
636
635
632
631
629
629
628
627
628
630
630
632
633
633
634
634
634
636
637
639
641
642
644
645
645
646
646
649
649
651
651
652
652
652
650
651
650
654
657
664
670
682
693
706
718
730
741
751
758
762
764
763
763
760
758
754
750
744
739
735
732
728
725
720
715
710
708
703
700
696
694
691
690
686
684
683
682
679
677
674
673
672
670
667
665
662
660
658
658
655
653
650
648
649
647
648
646
646
644
644
643
644
642
644
645
646
645
646
647
647
647
650
650
653
653
655
656
657
657
658
657
658
658
659
659
660
660
660
659
661
665
670
678
684
693
703
713
722
730
736
741
746
747
748
747
746
744
741
738
735
733
729
726
723
719
717
714
712
710
706
702
699
697
695
695
693
691
691
690
689
687
686
684
683
682
680
679
678
677
674
673
671
668
667
667
668
667
666
666
665
664
664
663
662
664
663
664
663
665
664
667
666
668
668
669
670
671
672
674
675
676
675
676
676
675
675
675
675
674
674
674
674
676
679
685
693
699
706
713
721
726
732
733
736
737
737
737
738
735
735
733
731
728
725
723
723
719
717
714
713
711
711
709
709
706
705
704
703
703
704
703
702
701
700
699
698
697
694
692
690
689
687
686
684
684
684
683
682
682
680
680
679
680
679
680
680
681
681
684
684
685
684
685
685
685
686
686
687
688
689
690
691
691
689
691
689
690
690
691
690
690
689
690
691
694
697
701
707
714
719
727
733
740
745
748
750
749
749
747
746
743
741
739
737
734
732
730
728
725
725
722
722
719
719
716
716
714
715
717
714
713
711
708
705
704
704
705
706
706
707
706
706
704
704
702
703
701
700
698
696
694
693
692
691
688
688
688
689
690
690
688
687
688
688
689
689
689
691
691
692
693
693
693
694
694
695
694
692
693
692
693
693
694
695
695
697
700
704
711
717
725
731
739
745
751
754
759
759
761
760
760
758
756
753
752
751
748
747
745
742
739
736
733
731
729
728
726
723
721
720
719
718
716
715
714
713
710
710
708
708
706
705
702
702
698
698
695
694
694
692
691
691
689
688
686
685
683
684
683
683
683
683
682
682
681
680
680
Loop stopped.
