Output started
30000
564
554
548
543
540
535
532
528
524
519
516
511
508
502
499
496
495
491
489
488
486
485
484
483
484
484
483
483
482
480
479
478
475
474
471
470
468
467
465
465
464
462
462
463
462
462
460
460
459
459
458
459
459
458
458
460
459
459
460
461
461
462
463
465
465
467
467
468
469
471
470
471
472
472
472
472
471
472
473
474
476
477
479
481
486
491
500
510
521
530
540
547
555
560
567
569
573
572
572
568
565
560
556
551
548
545
543
539
536
533
529
525
521
517
513
509
506
502
499
496
493
490
488
486
485
484
484
483
482
481
479
478
477
476
474
473
471
470
467
466
465
463
461
461
460
458
457
457
456
458
457
458
457
458
458
459
459
460
459
461
462
463
462
463
463
465
465
467
467
468
468
470
470
471
472
473
473
474
473
474
474
475
474
476
476
476
477
479
480
481
483
485
491
497
505
511
522
529
539
546
555
561
567
569
571
571
570
566
564
558
554
549
546
541
538
534
532
530
527
524
521
515
513
509
507
503
500
497
495
492
491
490
489
489
488
488
488
488
487
486
485
484
482
481
479
478
475
474
473
472
470
470
468
467
467
467
465
466
464
465
464
465
464
465
465
466
466
466
466
467
467
467
467
468
468
469
470
471
472
473
474
475
475
475
476
476
477
478
479
479
480
481
480
481
481
484
486
486
487
486
488
490
494
498
505
511
520
528
537
544
551
556
562
564
566
565
564
561
559
556
553
548
545
539
537
532
529
525
523
519
517
512
511
508
506
502
501
498
498
497
498
498
497
497
495
496
496
496
494
493
492
491
489
488
487
486
484
483
480
481
479
479
476
476
475
475
474
474
474
474
473
474
473
474
474
476
475
478
478
478
478
479
479
480
479
482
481
482
482
483
483
484
484
485
486
488
489
488
490
492
494
496
499
506
513
520
529
537
544
549
554
556
558
558
558
555
553
549
545
540
536
532
528
523
521
517
515
512
511
507
505
503
502
499
498
496
497
497
497
498
498
498
497
496
497
495
495
495
494
493
491
490
490
488
486
486
485
484
483
482
482
481
480
480
478
478
477
477
477
477
475
475
474
475
475
478
478
479
479
480
479
481
481
483
485
486
484
484
482
484
485
487
488
489
490
491
492
495
499
505
511
518
526
534
541
548
553
557
560
562
562
561
558
554
551
547
542
538
535
532
530
526
523
520
517
514
512
509
507
503
501
498
497
495
495
495
496
494
496
495
495
493
494
492
492
491
489
487
487
483
482
480
479
477
478
477
477
475
475
474
473
472
472
471
472
473
474
474
473
475
475
475
475
477
477
479
479
480
480
481
481
483
484
486
484
484
483
485
486
488
489
490
491
492
495
501
506
513
520
528
535
543
549
555
559
562
564
567
564
563
559
558
553
550
545
542
538
536
533
529
526
523
520
517
514
511
509
506
504
502
500
496
496
495
496
495
495
494
495
493
493
492
491
490
489
486
485
484
483
481
480
479
478
477
476
476
476
475
474
474
474
474
474
474
475
473
474
473
474
474
475
476
476
477
477
477
478
479
480
481
481
481
482
483
483
484
484
485
484
485
484
485
484
486
485
486
487
490
493
499
505
513
521
531
537
545
553
560
565
569
570
571
569
568
564
561
556
553
549
546
542
538
535
532
528
524
520
518
516
512
510
508
505
503
502
500
498
497
496
496
496
496
496
495
495
493
492
490
490
488
487
484
483
482
482
480
479
476
476
473
473
471
471
471
472
471
471
471
472
472
473
472
473
473
473
472
474
473
473
473
473
474
475
476
477
478
478
480
479
480
480
481
481
482
481
481
481
483
483
485
486
489
491
496
502
510
518
527
534
543
550
558
563
568
570
573
572
571
568
565
560
557
551
547
543
540
536
533
530
528
525
522
517
515
510
508
505
502
500
497
495
491
488
487
487
486
485
484
483
482
482
480
480
479
479
478
478
476
477
476
476
474
474
473
473
471
470
469
470
470
469
469
470
471
472
471
473
474
475
476
477
478
480
480
482
482
483
484
485
485
487
486
487
487
487
488
489
489
488
489
488
489
490
493
494
495
495
496
498
502
507
515
521
531
539
547
554
560
564
568
569
570
567
565
562
558
553
550
545
542
537
534
530
527
522
520
517
514
510
508
506
504
502
501
500
499
498
498
496
497
497
496
496
495
494
493
492
490
489
486
485
483
482
479
478
476
476
474
473
472
473
471
472
471
472
470
471
469
470
469
471
471
472
472
473
473
474
475
476
477
479
479
479
479
480
480
481
480
481
482
482
484
485
486
486
488
489
491
494
500
506
514
523
532
540
548
555
561
563
567
566
566
564
562
556
552
548
543
539
536
531
527
523
520
515
512
508
507
503
501
499
498
496
496
496
495
496
496
496
496
495
494
492
492
490
489
488
485
484
483
482
480
479
477
476
474
474
473
474
472
472
472
473
471
472
471
472
472
471
471
473
473
475
475
476
477
478
478
479
480
480
481
483
482
483
483
483
482
485
486
487
488
488
489
490
491
494
497
502
509
517
525
534
542
549
556
561
565
564
565
564
562
557
555
550
548
543
540
535
533
530
528
524
521
516
515
510
508
504
503
499
498
495
495
494
495
493
494
493
492
490
490
489
489
487
486
485
483
482
480
478
478
478
477
477
476
474
474
472
473
471
471
471
471
471
471
471
471
472
471
471
470
472
472
474
474
476
475
476
476
477
477
479
480
481
480
481
480
481
481
484
484
487
486
488
487
489
491
497
502
509
516
525
532
540
546
551
557
560
562
562
560
560
557
554
551
548
545
542
540
536
533
530
527
523
520
516
514
510
510
506
504
500
499
497
495
494
494
493
493
491
490
488
487
486
485
483
481
479
478
476
476
474
474
473
473
471
470
469
471
470
470
470
469
468
469
469
469
469
470
470
469
470
471
472
472
472
472
474
474
475
474
476
476
477
478
480
480
482
481
482
480
482
482
483
484
487
487
489
489
492
494
501
507
515
521
530
537
545
550
556
559
562
563
562
561
559
557
554
553
550
546
543
540
538
536
533
529
527
524
520
518
514
512
509
507
504
504
502
501
499
499
498
497
495
495
494
493
492
490
487
487
485
484
482
480
478
476
474
474
472
472
471
471
470
470
469
469
468
468
468
469
469
470
470
470
470
471
473
472
473
474
474
475
475
475
476
476
478
480
481
481
482
482
482
481
483
483
484
484
486
483
484
484
485
485
487
488
490
492
496
499
505
511
519
525
533
540
547
553
557
559
563
563
563
562
560
558
555
552
549
546
543
540
537
535
534
531
528
526
522
520
516
515
512
510
506
504
502
502
500
501
499
499
498
499
497
497
495
495
493
492
490
489
487
485
483
482
481
480
478
478
475
475
474
475
474
473
473
473
473
473
474
474
474
474
474
475
475
476
477
477
477
477
478
477
478
479
480
480
482
482
484
482
484
484
485
485
486
485
485
485
487
486
487
487
488
489
491
493
496
499
506
512
519
524
531
538
545
549
555
559
564
565
564
562
560
558
554
552
549
547
544
542
539
536
533
531
527
525
521
519
515
513
510
509
506
505
503
501
499
500
499
499
498
498
496
496
494
494
491
490
487
487
485
483
482
481
480
478
476
475
474
474
474
474
473
474
474
474
473
474
474
474
475
474
473
473
475
474
476
476
476
476
478
478
479
478
479
480
481
481
483
484
485
484
486
485
486
485
486
485
485
484
486
485
488
488
491
493
497
502
509
515
522
527
535
542
550
556
561
566
569
568
567
566
563
561
559
556
553
550
547
544
541
538
535
533
528
524
520
518
516
514
511
509
506
505
503
503
501
502
500
502
501
500
499
498
496
495
493
492
490
489
487
485
484
484
481
480
478
478
476
476
475
475
474
473
474
474
474
474
474
474
474
475
476
475
476
476
476
477
477
477
478
478
479
479
480
480
482
482
482
481
483
484
485
485
487
485
486
484
485
485
487
487
489
490
492
494
497
501
509
514
522
529
537
543
551
556
561
565
566
566
565
563
561
558
553
550
546
543
540
537
535
531
527
524
520
518
514
514
511
509
506
504
502
502
500
500
499
500
499
499
498
497
496
495
494
493
491
490
489
487
485
484
482
481
479
478
477
475
474
474
475
474
473
473
473
473
472
471
473
473
474
474
475
475
475
476
477
478
479
479
480
481
481
481
482
482
484
483
484
483
486
485
487
486
487
488
490
491
493
494
495
495
496
499
503
508
514
520
530
536
545
551
557
560
565
566
566
565
564
561
557
553
548
545
540
537
532
528
524
520
516
514
510
509
506
505
503
502
500
501
500
502
502
504
503
503
502
501
499
499
496
496
494
493
490
489
486
486
484
484
481
481
478
477
476
475
475
475
475
474
474
473
473
474
474
475
475
476
477
476
478
479
479
481
481
482
483
482
483
484
485
484
485
486
487
487
488
487
488
488
490
492
493
492
494
494
496
499
505
511
519
527
537
546
554
560
565
567
569
568
566
564
561
556
551
547
541
537
533
529
527
523
520
517
514
512
509
506
504
502
500
498
497
498
498
500
499
501
499
499
496
496
495
495
493
493
492
491
489
487
485
485
483
482
480
480
479
478
477
478
475
475
474
475
475
474
475
476
476
477
478
478
479
479
479
481
481
483
484
484
484
484
484
484
485
484
485
484
483
483
485
487
488
489
492
491
493
494
497
501
510
515
524
533
542
549
557
562
566
567
569
567
566
562
560
556
553
547
544
540
537
533
530
527
523
521
517
514
510
508
505
503
501
499
497
497
497
498
497
497
496
496
494
494
492
491
488
487
484
483
481
480
478
478
476
475
473
472
470
470
468
468
467
467
465
466
467
467
466
468
468
469
469
470
470
471
472
472
472
474
475
477
477
478
478
478
480
480
482
482
483
482
482
483
485
486
488
488
489
489
493
496
503
510
520
528
538
547
555
561
567
569
572
572
571
568
566
562
559
553
550
546
543
539
536
532
529
525
522
519
517
514
511
509
506
503
500
498
497
496
496
495
495
495
494
492
489
488
486
484
481
481
479
478
475
475
473
472
470
471
468
469
466
466
465
466
466
465
465
465
465
466
465
467
466
468
468
468
468
469
470
469
470
471
472
474
474
475
476
477
477
478
478
479
480
479
479
479
479
481
482
483
484
485
486
486
492
495
504
511
521
530
540
546
556
562
569
571
574
574
574
570
568
564
560
556
553
549
546
543
540
536
534
529
526
522
520
515
512
508
506
503
500
497
496
495
495
495
493
493
491
492
489
488
486
483
480
480
477
476
474
473
470
470
468
468
466
466
464
464
463
463
463
464
463
464
463
464
464
465
464
466
466
468
467
469
469
470
470
471
470
472
471
473
475
475
476
476
476
478
478
479
480
480
480
480
480
481
482
483
485
485
488
490
495
500
508
517
527
535
545
553
561
566
572
574
576
574
573
570
569
564
561
557
554
550
548
544
541
537
534
529
526
521
519
515
513
510
507
504
502
500
498
496
495
495
494
495
493
493
490
488
486
484
482
480
478
475
472
472
469
468
467
467
465
465
463
463
462
462
461
462
461
462
461
463
464
464
464
465
465
467
467
467
467
469
469
470
470
471
472
473
474
475
474
475
476
477
478
478
479
480
479
479
480
480
481
482
484
484
487
488
494
500
510
518
527
535
544
551
560
564
571
573
575
575
573
569
568
563
559
555
552
549
546
542
540
536
532
527
525
520
517
513
512
508
506
503
500
498
496
495
495
495
494
494
494
493
491
489
487
485
482
481
479
478
476
475
472
471
468
468
467
467
466
466
465
465
465
464
465
466
465
466
466
466
467
468
467
466
467
468
469
471
471
472
471
473
473
475
475
476
477
477
479
480
480
480
480
481
481
481
482
482
481
483
484
485
487
489
495
502
510
516
525
532
540
548
555
560
567
569
570
570
569
566
564
560
557
553
551
548
545
542
539
535
532
528
526
521
518
515
513
511
509
506
503
501
499
497
496
495
495
494
494
494
493
490
488
486
484
483
481
480
478
477
474
474
473
472
471
471
470
470
469
468
468
468
468
469
469
469
468
469
469
470
470
471
470
471
472
474
474
475
474
475
475
476
477
478
479
480
479
480
481
481
481
482
481
481
482
482
484
485
486
487
490
491
496
500
507
514
522
529
538
544
553
557
564
566
569
568
568
566
563
558
556
552
549
546
544
540
537
533
531
526
523
519
516
514
513
509
508
506
504
502
501
500
500
500
499
498
497
496
495
494
492
491
490
489
485
485
482
482
479
479
477
476
474
473
472
471
470
471
470
472
471
474
472
472
471
473
472
474
475
476
475
476
476
477
478
479
480
481
481
481
481
482
482
482
483
483
484
484
485
485
487
487
489
489
490
491
494
498
502
507
516
523
532
539
548
554
560
563
565
565
566
562
560
557
555
551
546
542
539
535
532
527
524
520
516
513
512
508
507
504
504
503
504
502
503
502
502
501
501
501
500
499
498
497
496
495
493
491
489
487
485
483
481
481
479
479
478
478
477
477
476
475
474
474
474
475
475
476
476
477
478
479
479
481
481
482
482
483
483
485
485
486
486
487
486
487
487
488
488
489
490
491
491
492
493
494
496
500
507
514
523
532
542
549
556
562
567
568
572
Loop stopped.
