Output started
30000
522
514
516
517
515
514
511
509
507
505
502
500
496
494
492
490
488
487
485
483
479
478
475
472
470
468
466
465
463
462
459
458
457
456
454
453
450
451
449
449
449
448
448
447
446
445
445
445
445
445
445
443
445
445
446
445
446
445
446
446
447
447
448
447
449
449
450
450
452
451
453
453
453
454
455
454
456
455
456
455
457
456
457
457
459
458
459
459
460
461
461
460
461
460
462
461
462
462
464
464
466
465
464
468
473
479
488
496
504
510
514
518
522
522
522
522
521
521
519
520
518
518
517
517
515
513
510
509
509
514
512
510
505
503
499
496
493
490
486
485
482
479
476
474
472
471
468
467
463
461
460
459
456
456
455
453
452
452
450
450
449
449
448
447
447
447
446
446
445
444
445
445
445
445
444
444
444
442
443
443
443
443
444
443
444
443
446
446
448
446
448
448
450
449
450
449
450
451
452
452
452
453
453
453
454
454
456
456
453
453
457
456
451
461
454
453
453
454
456
456
457
459
460
461
462
462
464
467
469
474
479
485
491
499
505
513
517
524
526
529
528
529
527
526
523
522
518
517
515
515
512
507
515
516
514
511
508
506
503
499
496
493
490
488
487
485
484
481
480
477
474
473
471
468
466
464
463
461
459
457
457
454
454
453
453
450
452
448
449
447
448
447
447
447
447
447
448
446
447
446
448
447
448
448
449
449
450
450
450
450
450
451
452
452
452
452
453
454
454
454
455
455
455
456
457
457
458
460
460
460
461
462
462
463
463
464
465
463
462
466
460
460
460
461
461
462
463
465
465
468
470
475
480
486
493
501
506
514
518
523
524
525
524
524
522
521
518
517
514
512
506
514
514
512
510
507
503
501
497
494
492
489
486
484
482
481
479
477
475
474
473
471
469
467
466
463
462
460
459
457
456
455
454
452
453
451
452
449
449
450
451
450
450
449
450
450
451
450
451
451
452
452
453
451
452
452
452
453
454
454
454
454
456
455
456
456
456
457
456
457
456
457
457
458
456
458
458
460
460
461
461
462
462
462
462
464
463
464
465
465
465
466
466
467
467
468
467
469
470
471
468
472
477
487
493
502
509
514
518
521
522
522
522
519
517
514
512
510
509
501
511
511
511
508
507
503
501
498
495
491
489
484
483
480
479
476
475
473
473
470
469
466
466
464
464
461
460
457
457
455
454
453
452
452
452
451
451
450
450
448
450
450
449
449
449
450
451
451
450
451
451
451
451
453
452
454
453
454
454
455
454
455
454
455
455
456
454
455
455
456
456
457
458
458
458
460
460
461
460
461
460
461
460
462
462
463
463
464
464
465
464
466
466
468
469
469
469
470
470
471
471
470
473
480
488
495
504
510
515
518
522
522
522
522
521
518
516
514
512
509
508
507
512
511
511
507
505
501
498
494
492
488
486
483
481
479
479
477
476
473
473
470
469
467
466
464
463
461
460
458
457
456
454
454
454
453
452
451
452
452
451
452
452
452
452
451
451
453
452
452
453
453
453
454
454
454
454
455
453
455
455
457
456
457
456
457
456
458
458
459
459
459
458
459
459
460
460
461
461
462
462
463
463
464
464
465
465
465
466
466
466
467
467
467
468
468
469
469
469
470
470
470
471
469
471
472
475
472
472
476
482
489
498
503
509
513
518
519
521
520
519
516
517
513
512
509
508
506
505
507
511
501
507
505
504
500
499
496
494
492
489
486
484
482
480
480
478
478
476
475
475
473
470
469
467
466
464
464
461
462
460
459
458
457
456
457
456
456
456
455
455
455
454
454
455
455
455
456
456
456
456
456
456
457
456
456
455
455
455
455
456
457
456
456
456
457
456
458
458
459
459
459
460
460
462
462
463
463
463
463
463
462
464
464
465
465
466
465
466
466
468
466
467
467
468
468
469
468
469
469
470
469
471
473
472
471
476
482
489
496
504
511
517
519
524
525
524
524
521
521
518
517
514
512
510
509
508
503
510
511
509
508
506
503
499
497
493
492
489
488
485
485
483
481
478
478
476
475
472
471
469
468
466
464
462
461
459
459
457
457
455
456
455
454
453
453
453
453
452
454
453
454
454
454
453
452
453
453
453
453
453
454
454
454
456
455
455
455
456
456
457
456
456
456
456
455
457
455
457
456
458
458
459
458
460
460
461
461
462
461
463
463
465
464
465
464
466
467
467
466
467
467
469
467
469
468
468
468
471
477
470
471
476
482
489
498
505
512
517
522
524
526
526
525
522
520
517
515
514
513
510
509
509
514
513
512
509
508
506
504
501
499
497
495
493
491
489
489
487
486
484
483
480
480
477
476
473
473
470
469
467
465
464
462
461
459
457
455
455
455
454
453
452
451
452
450
450
449
449
448
449
449
449
449
450
449
450
449
451
450
451
451
452
452
452
452
452
452
454
454
455
455
456
455
457
458
458
458
460
460
460
461
462
462
463
463
464
463
464
465
465
467
467
467
466
466
466
468
468
468
468
470
474
469
471
476
481
489
496
505
511
517
521
525
525
526
524
523
519
519
515
513
510
509
509
507
506
505
509
511
510
509
506
505
501
500
497
496
494
492
490
490
488
487
485
482
480
478
478
476
474
471
470
468
466
464
464
461
460
459
458
455
455
454
455
453
453
452
452
451
451
450
451
449
450
449
449
449
451
450
451
450
451
451
452
452
452
452
452
452
452
451
452
453
453
453
453
453
454
454
455
456
456
458
458
459
460
459
456
461
457
455
454
457
457
459
459
462
465
470
475
482
487
495
502
509
515
521
524
528
529
529
528
526
524
523
521
520
519
518
517
515
512
517
517
515
513
510
508
505
501
498
495
491
489
488
486
483
482
479
477
474
472
469
469
466
464
461
460
458
457
454
452
452
452
450
451
450
449
448
449
447
448
448
448
448
448
448
447
447
448
447
449
448
449
449
449
449
449
450
450
449
449
450
451
451
451
451
452
452
452
453
454
455
454
455
455
457
457
458
458
460
462
458
459
465
471
479
487
495
501
507
511
514
516
516
515
513
511
510
508
507
505
505
503
503
501
500
499
498
497
496
498
500
494
498
497
496
493
491
487
485
483
479
477
474
472
469
467
465
463
460
459
456
455
453
453
450
449
447
448
445
445
442
442
442
443
442
442
442
443
442
442
442
444
444
445
444
445
445
445
445
446
445
446
446
446
446
447
447
447
448
449
450
450
451
451
452
452
453
454
454
455
456
456
457
458
455
454
459
464
455
453
458
462
470
477
485
492
500
506
513
516
518
518
520
518
516
513
512
509
507
504
503
498
507
508
502
502
502
501
499
497
494
491
489
487
486
484
481
479
479
477
474
473
471
469
465
464
462
462
460
458
456
455
453
453
451
450
450
452
450
450
449
448
448
449
448
449
448
448
449
451
451
452
452
453
453
454
454
455
455
455
455
457
456
456
457
457
457
458
459
459
459
459
459
460
460
461
461
461
463
462
464
464
465
463
465
465
467
470
467
469
476
482
490
497
504
510
515
518
521
520
521
519
517
514
512
509
506
502
510
509
508
504
503
499
497
493
491
487
484
482
480
479
477
475
474
473
471
470
468
467
465
464
461
460
459
457
455
455
453
452
451
452
450
451
450
450
449
451
450
452
451
453
452
453
452
454
453
454
453
454
453
454
453
453
453
453
454
455
454
455
455
456
456
456
456
456
456
457
457
458
459
459
460
459
461
461
462
460
462
462
463
462
464
463
466
468
465
467
474
481
490
498
506
511
516
519
521
521
521
519
519
516
515
513
511
508
506
509
511
509
507
504
501
496
494
490
486
483
481
479
476
475
473
472
471
471
469
467
466
464
462
461
459
459
456
456
454
454
452
452
450
449
449
449
448
448
447
448
447
448
447
447
447
448
448
449
449
449
449
450
450
451
451
451
451
452
451
452
452
453
453
452
453
454
454
454
455
455
456
456
457
457
458
458
459
459
459
459
460
460
461
461
461
461
462
461
463
464
464
460
465
469
478
486
495
501
509
514
519
521
523
523
523
522
520
517
515
512
510
507
507
509
512
509
506
503
499
496
493
490
486
482
479
477
474
473
471
469
468
466
464
463
461
460
458
457
454
455
453
453
450
449
448
448
446
446
446
446
444
445
445
446
445
446
446
447
447
448
447
447
447
449
449
450
448
450
449
450
450
450
451
451
451
451
451
452
454
454
454
454
454
454
455
455
456
456
458
457
458
459
459
458
460
459
462
460
462
461
463
463
464
465
464
462
471
455
465
464
465
467
473
478
487
495
503
510
517
522
526
526
527
526
526
523
520
519
517
514
511
513
516
515
511
509
506
504
499
496
492
488
485
483
479
478
475
474
472
471
468
468
466
465
463
462
460
459
458
456
454
454
452
453
450
450
450
450
449
448
447
446
445
446
445
445
446
447
447
446
446
447
448
447
449
448
449
450
451
451
453
452
452
453
454
454
454
453
454
455
457
456
456
455
457
457
458
457
460
459
459
460
461
462
461
460
462
462
464
463
463
464
465
464
465
465
466
466
467
466
469
475
469
468
474
480
489
497
505
513
519
524
525
526
526
525
523
520
517
514
510
505
513
513
511
509
506
503
499
497
493
492
490
488
484
483
481
481
479
478
476
476
474
474
472
472
470
469
467
466
464
464
462
462
460
459
457
457
456
455
454
453
452
452
451
450
451
451
452
450
451
451
451
449
450
450
451
451
453
451
451
452
453
452
453
453
454
452
454
454
456
457
458
456
456
456
457
457
459
459
459
460
461
460
461
461
462
462
464
463
464
464
463
464
465
466
466
467
468
467
465
467
471
478
485
493
500
509
515
522
525
529
528
530
527
526
524
522
518
516
512
511
515
516
514
512
508
507
504
503
499
497
493
494
489
489
488
487
485
485
483
483
480
480
478
475
473
470
468
467
465
464
462
460
459
457
455
452
452
451
451
450
449
449
449
448
448
446
446
446
446
445
447
447
447
447
448
447
448
448
449
449
450
451
451
451
452
452
453
452
453
453
453
453
455
456
455
456
456
457
457
457
459
460
461
462
461
460
455
462
459
456
457
458
460
462
463
465
468
473
478
485
491
499
506
514
521
528
531
535
534
534
532
529
525
523
518
517
511
519
519
519
516
514
511
509
506
504
501
500
497
495
493
491
489
488
487
484
482
481
480
478
476
474
472
470
468
465
462
461
459
456
456
453
454
452
451
450
450
448
448
447
448
447
447
447
448
447
449
448
448
448
449
448
449
448
449
448
449
450
450
451
451
451
453
452
453
452
453
453
453
453
454
454
455
455
455
457
456
458
457
459
459
460
460
462
462
463
463
464
463
465
465
467
465
466
470
478
485
494
501
509
514
519
522
524
524
524
521
519
517
514
510
508
507
512
511
510
507
504
501
498
495
493
490
488
486
485
483
481
480
478
477
475
473
472
471
468
466
464
463
460
460
457
456
454
455
453
453
452
452
451
452
450
452
451
452
451
452
452
452
453
454
454
455
454
455
455
457
456
457
456
456
456
457
457
456
455
456
456
455
456
455
455
456
458
457
457
456
458
459
459
459
459
460
462
462
463
463
464
464
466
