Output started
30000
672
687
690
690
688
688
687
685
682
680
677
675
674
673
671
671
670
670
669
668
668
669
669
669
668
668
668
668
668
668
668
669
670
673
675
676
679
682
685
686
688
691
693
696
699
700
702
702
702
703
703
704
704
703
704
703
703
702
702
701
701
701
700
700
699
698
698
696
694
692
692
692
691
690
689
687
687
686
685
685
685
684
683
682
681
678
679
678
678
679
679
678
677
677
675
675
674
674
673
672
671
670
670
669
668
668
666
665
663
662
661
662
661
661
661
662
662
663
663
662
662
662
661
660
658
659
658
658
658
658
659
660
661
665
666
669
673
675
677
679
681
684
687
688
692
694
696
698
700
701
702
703
703
703
704
703
704
702
702
701
701
701
701
700
700
698
697
694
693
691
692
691
690
690
690
689
688
686
685
683
682
679
679
677
677
676
674
673
672
673
672
672
671
670
669
669
668
669
668
667
666
666
665
665
665
665
664
664
663
663
663
663
661
663
661
661
660
659
658
659
658
658
658
657
657
658
658
657
658
658
658
658
658
658
659
660
661
665
668
672
674
676
678
681
682
683
685
687
690
690
692
694
695
695
696
696
696
696
696
695
695
693
693
692
690
689
687
685
684
683
682
682
682
681
680
679
678
676
675
675
675
675
674
674
673
671
669
667
665
664
664
662
664
663
663
663
662
662
663
663
663
663
664
663
663
664
663
664
663
664
664
663
664
665
665
665
665
664
663
664
663
663
663
664
664
665
664
664
664
666
666
667
667
668
668
668
669
670
672
674
676
678
679
682
683
686
688
691
693
695
697
697
697
698
698
699
699
699
698
697
697
694
692
689
688
686
686
684
684
683
680
679
679
677
677
676
676
676
676
675
673
671
672
670
671
669
668
668
666
665
665
665
663
664
664
664
663
662
662
662
662
661
662
661
661
662
662
661
661
662
661
661
661
661
662
662
662
663
661
662
661
662
662
662
662
663
663
664
665
666
666
666
665
664
664
664
663
666
668
671
672
674
676
679
680
682
685
686
687
689
688
691
692
695
697
698
699
699
699
699
698
698
697
698
698
696
695
694
692
691
689
688
687
684
684
682
682
681
680
678
678
677
677
675
675
674
675
672
670
669
668
666
666
665
665
663
663
664
663
664
663
664
663
662
662
660
661
661
661
661
662
661
662
661
660
659
659
660
660
659
659
659
659
659
659
660
660
661
662
662
663
664
664
665
664
665
665
666
666
668
669
672
672
675
676
679
680
683
684
686
687
689
690
692
693
695
696
697
697
697
698
698
698
698
698
698
697
695
695
694
694
694
693
693
693
693
691
687
687
685
684
683
682
681
681
679
677
677
676
674
673
673
672
670
671
669
669
669
668
668
667
667
667
665
665
665
665
666
666
665
665
665
664
664
664
664
663
661
661
660
660
660
659
660
660
660
660
661
660
661
660
660
661
661
661
661
661
661
661
662
662
663
663
666
668
671
671
675
677
679
683
685
688
690
691
693
694
695
696
697
698
699
699
699
699
699
699
698
697
696
695
696
695
695
693
692
691
689
687
686
683
683
682
681
680
680
680
676
676
675
675
674
674
673
672
671
670
669
668
669
669
667
667
666
665
664
665
664
665
664
665
664
663
662
661
661
662
661
662
661
662
660
660
658
659
659
660
660
662
662
662
662
662
663
663
663
663
665
667
668
668
670
670
670
669
669
669
670
671
672
674
675
675
677
678
679
680
683
686
689
691
694
693
695
695
697
697
698
698
697
698
697
696
695
694
693
692
691
689
688
686
685
683
684
682
681
681
680
679
678
677
676
675
673
673
672
671
668
667
665
664
662
661
661
662
662
663
663
663
662
662
663
664
663
663
662
662
661
661
661
662
663
663
665
664
664
663
663
662
660
660
659
659
658
658
657
658
657
657
657
657
656
656
655
655
656
656
656
655
655
655
656
655
656
659
661
665
667
668
671
673
676
679
681
683
687
690
693
694
696
698
699
700
700
700
700
699
699
699
698
699
699
698
698
695
694
692
692
690
689
688
688
685
685
683
683
682
682
681
680
680
677
677
677
675
675
674
673
672
670
669
667
667
668
667
667
668
668
668
666
666
665
666
664
665
664
664
663
663
663
663
664
665
665
665
665
665
665
664
664
663
662
663
663
663
662
663
662
662
661
662
662
663
663
664
664
665
667
668
670
673
676
678
680
682
684
685
688
690
693
694
696
696
699
698
700
699
700
698
698
696
695
693
693
690
688
687
686
685
685
683
682
681
680
678
677
675
674
672
671
671
671
670
670
669
667
665
665
665
663
662
662
663
661
661
660
659
659
660
661
661
659
660
658
659
658
658
658
658
659
658
658
658
658
660
659
660
660
660
660
659
659
659
659
659
660
659
660
660
659
659
658
658
658
659
658
658
657
658
659
661
665
669
672
675
679
683
686
688
690
693
696
699
701
701
703
703
704
704
704
703
702
702
701
699
698
697
695
693
691
690
690
688
687
685
683
683
681
680
680
678
676
674
672
669
668
665
665
662
662
660
658
656
656
654
653
653
654
654
655
654
654
655
655
654
652
652
652
651
651
651
650
651
651
652
651
652
652
653
652
653
653
654
652
654
654
655
655
655
655
655
655
655
656
656
656
656
656
658
657
659
660
662
664
668
670
673
678
682
686
690
693
695
698
700
703
705
706
708
709
708
708
708
708
707
707
706
706
702
700
697
695
692
690
688
686
684
684
679
679
676
675
674
675
673
671
669
667
665
663
662
660
657
657
655
655
653
653
652
652
652
651
651
650
649
648
648
648
648
648
647
647
647
645
645
646
647
647
647
646
646
645
645
644
644
644
645
645
646
646
648
647
647
647
648
649
649
648
650
651
651
652
653
654
654
656
657
659
660
664
669
674
678
684
687
691
695
699
701
703
704
706
707
706
706
706
705
705
705
704
702
701
699
696
694
693
691
689
687
686
684
681
679
678
675
674
673
671
670
669
667
666
665
663
662
661
661
659
657
656
654
653
651
652
650
648
646
646
644
644
643
642
640
640
640
640
640
639
639
638
638
637
636
635
635
636
636
636
636
635
634
633
634
635
637
636
637
637
637
637
640
640
640
639
640
640
642
642
644
646
650
652
655
659
663
668
673
678
684
687
693
697
701
704
708
709
709
709
708
707
706
706
706
706
705
703
699
697
694
694
691
690
686
684
681
677
673
672
670
670
667
666
662
661
659
658
657
656
654
653
651
649
646
645
644
642
642
641
640
640
640
640
640
639
639
638
637
638
637
638
639
638
639
638
639
639
638
638
639
639
639
638
638
638
638
639
639
641
642
641
641
640
641
641
641
640
641
641
641
641
643
643
643
643
644
644
644
645
646
649
652
656
661
666
670
675
681
686
690
695
698
701
703
704
706
707
708
706
704
704
703
701
701
700
699
698
696
693
691
688
685
684
680
679
676
675
673
671
669
668
666
665
663
663
660
659
656
655
654
653
651
650
648
649
648
647
647
646
645
644
643
643
643
642
640
640
639
640
639
640
640
641
640
639
639
638
639
639
640
639
640
640
641
640
641
641
641
642
644
643
645
644
645
646
646
646
647
646
646
646
647
647
649
648
650
650
653
655
660
662
666
671
675
679
683
687
692
694
697
699
700
698
699
700
699
698
697
695
693
693
692
692
690
689
686
685
682
681
679
678
675
675
674
673
671
671
670
670
669
669
666
665
664
664
661
661
658
656
654
653
652
652
652
652
652
652
653
652
652
652
652
651
650
648
647
647
647
647
645
646
645
645
646
646
646
646
647
645
645
645
646
646
646
648
648
648
648
648
649
648
649
649
649
649
648
649
648
648
650
649
650
650
651
651
654
656
658
660
663
667
671
676
681
685
687
690
691
692
693
693
694
693
694
692
693
691
691
690
691
690
690
689
689
687
686
684
683
682
680
679
678
676
677
678
678
678
677
676
675
675
673
673
671
671
669
669
666
667
664
664
663
662
660
659
657
658
658
658
658
656
655
654
653
652
650
650
649
649
648
649
647
648
647
648
648
646
646
645
646
646
647
646
647
646
646
646
646
647
648
649
649
648
647
647
648
647
648
648
650
650
651
651
654
655
659
662
666
669
673
676
680
685
688
690
691
694
695
697
698
699
699
697
698
698
699
698
697
696
695
693
692
690
687
686
684
684
681
680
679
678
678
678
678
677
675
674
672
672
671
669
667
666
663
662
660
661
659
659
658
657
655
654
652
651
651
651
651
650
650
649
649
649
650
650
650
651
651
651
650
649
647
648
648
649
650
650
651
650
651
651
652
654
655
656
657
658
658
659
660
661
661
662
660
659
659
658
659
661
664
666
669
673
677
679
684
687
690
692
694
695
698
699
701
701
702
701
700
699
699
698
697
695
694
691
689
686
685
682
681
679
677
675
674
672
672
671
670
670
668
667
665
665
664
664
661
661
658
656
654
652
651
652
651
651
650
651
649
649
648
649
649
649
648
649
648
650
650
650
650
650
650
650
650
651
651
652
653
654
653
653
653
653
653
654
654
655
656
656
657
657
659
659
659
658
659
658
659
658
660
660
661
661
664
666
671
673
678
680
685
687
689
693
696
698
701
702
703
703
703
702
702
701
700
699
698
698
696
694
691
688
686
684
684
683
681
679
677
676
674
673
672
672
669
669
668
666
664
662
660
659
657
656
654
653
652
651
649
650
649
649
649
649
646
646
646
646
646
646
647
647
646
647
646
646
647
646
647
648
648
648
647
647
648
647
646
648
647
647
647
649
650
651
650
651
650
651
651
652
653
654
653
654
655
657
659
662
663
665
668
671
675
679
684
689
693
696
698
699
702
703
703
702
702
700
700
698
698
697
696
695
693
691
690
688
687
686
684
682
680
678
676
673
673
671
670
667
667
665
663
661
660
659
657
654
652
650
650
650
648
648
646
646
645
643
643
644
643
643
641
640
640
640
639
641
640
642
641
641
640
641
641
642
642
642
640
642
642
642
642
643
644
644
645
644
643
644
644
645
645
646
647
648
648
648
649
649
650
650
653
654
657
661
664
667
670
674
677
680
684
687
691
692
693
694
696
696
698
698
698
696
697
696
696
694
692
689
688
685
683
681
680
679
677
675
673
672
671
670
667
666
666
664
664
662
661
660
659
655
654
653
650
650
648
647
646
646
645
645
644
644
643
644
644
643
644
643
642
642
641
641
642
642
643
644
643
643
642
642
642
642
643
644
644
643
642
642
642
643
643
644
645
646
645
647
646
647
648
649
649
651
651
652
653
654
657
660
664
666
669
671
674
677
680
683
685
688
689
690
690
690
692
691
692
692
692
690
690
688
687
687
686
684
683
681
679
678
676
675
673
671
671
671
671
670
669
667
667
666
665
664
665
664
664
662
661
660
660
659
659
659
659
659
660
659
658
658
658
657
657
658
658
658
657
657
657
657
656
657
657
658
656
657
657
657
656
655
655
655
653
654
652
653
653
654
654
655
656
656
657
657
657
656
657
658
657
657
657
658
657
658
659
660
663
665
667
670
671
673
676
678
680
682
683
684
684
684
685
686
687
687
688
686
686
684
684
683
684
684
684
683
682
680
679
677
677
676
676
675
676
677
676
676
676
676
675
675
675
675
674
672
673
672
672
671
671
671
671
670
670
669
669
670
670
670
669
669
669
668
667
669
669
670
669
669
667
666
663
663
662
662
662
662
662
660
659
658
657
655
654
653
653
653
652
652
653
653
653
653
654
656
657
657
657
658
658
659
660
663
663
665
666
669
671
673
675
678
682
684
685
686
688
687
689
690
692
694
696
697
698
698
698
698
698
696
697
695
694
690
689
686
685
684
684
683
684
683
683
682
681
680
680
679
679
679
679
678
678
675
675
672
673
672
671
671
672
671
671
671
671
669
668
667
666
667
667
666
666
668
668
668
668
669
669
671
672
673
673
674
673
673
673
674
674
675
675
676
673
673
672
672
671
671
671
672
672
674
675
676
676
677
677
678
677
679
680
682
681
684
684
684
685
686
687
687
687
687
689
689
689
689
691
690
691
691
692
691
690
689
688
686
686
685
685
683
684
683
684
684
684
682
682
682
682
682
681
680
679
679
679
678
676
675
673
672
671
671
671
670
671
671
671
671
669
670
669
669
669
668
667
668
667
667
667
667
666
667
667
666
667
667
667
667
668
668
668
668
668
668
669
670
669
670
667
668
668
670
671
674
676
676
678
678
678
679
679
680
682
683
685
687
688
692
695
697
698
699
698
698
699
699
700
701
701
701
700
700
699
699
699
699
698
696
695
693
691
691
690
688
687
687
686
685
685
684
684
682
682
680
680
678
677
676
676
674
673
672
672
672
673
673
674
674
674
673
673
671
672
672
673
672
673
674
673
673
673
673
674
674
674
674
673
673
671
671
670
669
668
668
668
668
668
669
668
669
668
668
666
667
666
668
667
670
671
670
670
672
672
673
673
676
679
683
685
686
687
690
692
694
696
698
699
700
700
702
703
704
704
705
704
704
705
705
706
707
707
705
704
704
705
704
703
702
703
701
700
699
699
697
697
697
697
696
697
695
694
690
689
687
684
682
683
681
681
682
681
681
681
682
682
681
681
680
680
679
679
679
680
680
680
Loop stopped.
