Output started
30000
678
689
689
687
685
681
677
673
670
667
665
661
657
655
652
650
647
646
645
646
648
651
652
653
653
653
651
649
644
641
637
636
634
635
637
640
641
643
643
644
644
644
644
643
642
639
639
639
642
645
650
659
670
681
694
708
720
730
741
750
756
760
762
763
764
764
763
759
758
754
752
748
746
744
743
739
734
728
725
721
716
711
707
703
698
694
691
688
686
683
680
679
678
677
675
672
668
665
660
658
654
652
649
646
642
639
635
634
631
632
630
631
628
627
627
626
627
630
631
633
634
635
633
633
632
635
636
640
641
642
641
641
641
641
641
641
643
644
645
647
647
645
644
642
642
643
646
653
662
675
690
703
716
728
739
747
755
759
763
764
764
760
759
754
752
745
743
741
737
732
728
724
721
716
711
707
702
699
698
693
691
690
690
689
686
683
680
679
676
675
671
670
666
663
659
657
653
652
648
647
645
644
641
638
633
630
627
627
626
626
625
624
623
623
622
623
624
625
626
628
628
631
634
635
637
637
637
637
638
639
641
641
641
642
642
641
639
638
639
641
643
646
650
653
658
664
674
686
698
710
722
733
742
750
757
759
759
759
757
754
751
748
746
745
744
740
736
730
724
718
712
705
701
696
693
690
688
689
687
685
684
682
681
682
682
682
680
678
675
670
666
661
660
657
655
651
648
645
641
637
636
634
634
632
631
629
629
629
629
630
631
633
633
634
635
637
639
640
642
644
646
648
648
649
650
652
651
651
650
648
645
643
641
641
644
647
649
651
652
655
658
666
673
687
700
715
727
740
749
757
763
767
768
771
771
771
768
765
762
758
754
750
745
740
735
729
725
720
715
708
704
700
697
694
692
688
687
684
683
680
680
677
676
674
672
670
668
664
662
659
657
652
650
647
645
641
640
636
636
631
632
629
627
625
624
624
623
624
624
624
625
626
628
631
633
637
640
642
642
641
640
640
639
640
640
641
642
644
645
647
646
647
646
646
645
646
645
648
651
661
671
686
701
717
732
747
759
769
778
783
787
789
789
787
784
782
778
772
766
760
756
753
751
747
745
738
733
726
720
714
709
704
703
700
700
698
696
692
690
686
684
681
679
675
672
667
663
658
655
651
649
647
645
641
640
636
634
632
629
629
628
628
627
627
627
628
628
626
625
624
624
623
625
625
628
630
631
632
632
632
632
633
635
635
636
635
635
636
635
637
639
642
643
645
646
647
650
654
661
671
684
698
715
732
749
765
779
789
796
801
804
807
807
803
800
793
788
781
775
769
761
756
750
745
739
733
725
717
710
704
698
696
693
691
689
686
682
678
675
671
667
665
662
659
656
653
650
646
643
640
636
631
628
626
623
622
621
618
616
615
617
618
620
619
619
620
621
622
623
625
626
627
628
627
628
629
630
630
631
633
634
634
635
633
635
634
636
637
640
640
642
643
643
644
643
643
643
645
653
665
681
699
716
734
749
765
776
787
793
799
800
803
799
796
790
786
779
773
765
760
753
746
739
730
723
716
710
705
700
697
690
687
682
678
675
675
673
672
670
668
666
663
660
657
654
651
647
642
638
634
631
628
626
624
623
620
619
617
617
615
613
612
611
611
612
612
616
615
616
616
617
617
618
618
619
618
619
620
621
623
624
626
627
628
630
631
633
634
636
637
637
637
636
637
639
639
640
642
646
655
666
684
701
723
743
762
775
788
794
800
800
803
801
799
794
789
781
773
764
757
750
744
737
730
722
713
704
699
693
691
689
686
684
682
680
679
678
677
675
671
666
663
659
655
651
646
641
636
633
629
625
622
618
615
613
612
611
609
610
609
609
608
608
608
608
609
611
613
615
617
618
619
621
622
623
624
624
625
625
624
624
625
626
629
631
635
637
638
637
638
638
639
638
638
637
636
639
640
645
653
666
682
698
716
734
749
764
776
785
791
793
793
792
787
784
778
772
764
756
748
742
736
731
725
717
709
701
695
689
685
681
678
677
675
671
671
668
667
665
662
659
658
657
656
653
651
647
645
640
639
634
632
627
624
621
620
619
619
618
617
618
617
615
615
615
616
616
616
618
619
621
624
629
632
635
636
638
639
640
640
639
639
641
643
645
646
648
646
646
647
647
646
648
648
649
651
655
660
671
683
698
716
735
751
768
782
794
802
807
805
805
801
796
791
786
779
772
767
761
754
747
738
729
722
714
707
702
696
691
687
682
681
679
679
676
675
674
672
666
664
659
655
650
647
640
637
632
630
627
623
620
618
614
612
609
608
606
606
605
605
605
606
607
608
609
610
612
614
617
621
623
624
626
628
631
632
633
635
637
638
641
642
643
643
644
645
646
647
649
647
646
645
647
648
652
658
668
680
696
712
731
748
765
781
793
803
809
813
813
811
807
801
795
790
783
776
769
763
756
750
743
736
727
719
709
702
695
689
683
680
677
674
672
669
665
663
659
658
657
657
654
650
647
644
639
636
633
630
625
624
620
617
616
614
611
609
609
606
607
608
609
608
609
609
610
610
611
615
617
622
624
626
627
629
630
630
633
635
636
638
638
639
640
641
642
642
642
643
643
642
644
644
645
647
652
659
670
684
704
724
745
764
781
796
808
815
819
820
819
815
812
805
798
792
785
778
771
765
758
751
743
735
728
718
710
700
696
690
687
683
680
677
676
674
671
668
664
660
658
655
653
649
644
638
632
626
621
617
616
613
611
610
608
606
606
605
605
605
604
606
607
610
610
611
611
612
611
612
615
619
622
626
628
631
631
631
630
632
632
635
636
637
638
638
637
637
636
636
636
638
638
640
642
647
655
667
685
705
725
747
767
784
801
812
822
824
827
823
818
811
804
794
786
776
770
762
756
746
740
728
721
713
706
698
690
683
678
673
670
668
665
662
661
660
658
656
655
651
646
642
638
635
631
628
625
621
617
616
614
614
612
611
606
604
601
600
599
600
599
601
602
605
605
609
610
611
611
612
612
615
616
619
621
622
621
622
623
624
625
627
628
630
632
631
631
631
633
634
634
635
636
638
641
647
657
672
692
715
739
760
781
796
811
818
824
825
824
820
815
808
802
791
781
771
762
754
747
739
731
723
715
706
698
689
683
676
670
668
666
664
664
662
658
655
651
650
647
645
643
639
636
632
628
624
620
616
612
609
608
608
605
605
602
600
600
600
601
603
602
603
604
605
606
606
607
611
614
618
620
623
623
625
626
627
628
630
633
635
636
638
640
640
640
640
638
640
642
643
645
646
647
649
654
663
677
695
716
738
757
775
790
801
810
816
819
820
816
810
802
793
784
773
763
753
744
736
728
722
714
704
695
686
679
672
668
665
664
663
660
657
655
652
651
649
648
646
645
642
639
636
633
629
626
623
620
618
616
612
611
607
607
604
604
603
605
604
606
607
609
610
612
615
617
622
625
627
630
631
634
635
635
634
636
637
640
644
645
648
649
651
650
650
648
648
648
648
648
650
650
654
657
665
676
693
713
733
752
771
786
799
808
813
816
817
814
812
805
798
791
782
773
765
756
747
738
729
720
710
702
695
688
682
677
672
667
665
665
664
666
664
665
663
661
657
656
652
649
643
639
634
632
627
625
619
617
612
611
608
608
609
608
608
609
610
609
609
610
610
611
612
616
618
622
626
630
632
636
637
637
640
642
643
643
645
646
649
648
650
649
650
648
647
648
649
649
653
654
660
667
679
694
714
734
755
773
791
804
813
818
820
819
817
812
806
799
791
782
772
763
754
747
739
731
721
711
701
692
683
677
672
668
664
661
658
656
654
653
651
650
647
644
641
640
637
636
634
631
626
622
617
614
611
610
608
607
605
602
602
602
602
603
605
606
607
610
613
615
616
620
624
627
629
630
632
632
634
635
638
640
642
643
643
643
642
641
639
640
640
639
639
639
640
641
642
646
650
659
672
689
707
729
750
771
791
809
821
829
833
831
829
824
818
810
801
792
785
776
767
758
750
741
732
722
714
704
695
685
677
671
666
661
657
652
649
645
642
638
636
635
633
630
627
621
616
609
602
597
594
592
592
592
591
590
590
590
590
590
590
592
594
596
598
601
603
607
610
614
616
619
619
622
624
627
628
634
634
636
637
638
640
642
644
646
646
646
646
646
645
647
645
646
647
648
647
649
651
658
668
683
703
724
746
766
785
801
816
826
832
834
834
831
826
819
811
801
793
784
776
765
756
747
739
729
719
708
699
688
681
671
667
662
659
656
654
650
647
644
639
636
633
630
627
622
619
614
610
607
605
601
599
598
597
597
595
593
591
592
591
592
593
596
598
600
600
602
604
609
612
616
618
620
622
624
626
628
629
631
632
632
633
636
637
639
641
643
645
647
649
650
651
651
651
650
649
649
651
652
656
666
680
698
720
742
763
782
799
811
822
827
830
830
827
823
818
810
802
792
782
773
765
756
747
739
731
721
713
703
694
686
680
674
671
667
665
664
662
658
657
654
653
654
651
650
647
645
640
637
633
629
626
624
622
621
619
616
614
612
610
608
608
609
610
612
612
613
613
615
617
619
622
625
626
627
627
627
629
629
631
630
631
633
633
633
634
636
636
636
638
639
640
642
643
645
644
644
645
645
647
649
657
669
687
707
729
751
769
786
799
812
819
825
827
826
821
814
806
799
788
779
771
763
754
747
738
730
722
715
707
700
694
688
684
679
676
674
671
669
668
665
663
659
657
653
652
649
647
643
640
636
633
630
628
626
624
619
617
614
613
609
612
611
612
611
614
613
614
613
615
616
619
620
620
623
623
625
625
626
626
628
631
634
636
638
638
638
638
639
639
641
642
645
644
646
645
644
642
645
645
648
651
655
662
673
688
708
729
751
769
789
803
815
823
829
830
829
825
819
811
802
790
781
772
764
757
749
740
732
723
713
704
696
690
686
683
679
676
672
670
665
664
661
658
655
655
652
650
647
643
638
636
632
629
626
623
619
617
613
611
608
606
604
604
604
604
605
605
607
608
610
612
614
616
619
624
628
630
634
635
639
640
642
643
644
646
646
647
647
647
647
647
648
647
649
650
651
651
650
650
652
652
655
659
662
666
676
690
707
726
747
767
786
802
815
824
830
830
827
823
818
812
802
793
782
772
763
755
746
738
730
720
710
699
689
681
676
672
671
670
667
666
664
661
658
656
655
653
651
649
646
642
638
632
628
623
619
615
613
610
607
604
602
601
600
601
603
603
604
606
608
610
611
612
614
617
620
623
624
628
630
633
635
639
639
640
641
644
645
648
650
651
652
651
650
650
649
650
650
651
652
652
652
652
654
655
660
668
680
697
717
737
759
778
798
812
824
830
835
836
835
830
825
814
806
798
790
780
772
763
755
747
737
726
716
706
697
689
683
676
672
666
662
658
655
653
651
648
645
643
638
633
630
624
620
615
611
608
603
600
597
596
593
593
592
593
593
593
593
593
594
596
597
601
603
608
610
613
616
619
619
621
622
624
626
629
630
631
631
632
632
635
635
638
637
639
639
640
640
639
638
639
640
640
641
642
643
646
652
662
677
695
718
739
762
781
801
816
830
839
846
844
842
834
828
818
811
800
792
783
776
767
760
752
742
732
720
709
699
690
682
677
671
667
663
659
657
653
650
646
643
641
638
634
630
625
620
617
613
611
608
604
599
597
595
593
590
589
586
585
584
586
589
592
594
597
598
602
604
607
607
609
612
613
614
615
616
618
621
622
623
623
625
624
623
622
623
623
625
628
630
634
635
637
637
639
643
644
646
647
650
656
668
683
703
726
748
770
790
806
820
831
837
842
844
840
834
826
816
806
797
787
778
769
761
754
745
736
727
715
704
696
688
684
677
673
668
663
660
659
656
654
652
648
646
640
635
630
626
621
619
615
612
609
605
602
600
597
596
594
592
591
590
589
589
592
595
598
598
600
602
602
602
604
606
609
613
617
620
622
621
623
623
624
626
629
631
633
635
636
634
635
635
636
634
636
638
642
643
647
646
650
650
654
658
665
678
696
717
741
763
784
802
817
826
832
835
834
832
827
821
811
803
794
786
776
768
757
748
738
729
719
708
698
689
679
674
668
664
658
656
653
651
648
646
642
639
637
634
632
630
625
623
618
615
612
610
607
606
604
602
601
600
598
598
597
596
597
598
600
603
607
608
610
612
616
618
622
625
627
629
631
632
635
638
641
641
643
642
643
642
644
646
648
648
649
647
647
647
647
648
648
650
651
651
651
653
658
666
679
696
717
737
758
776
792
806
816
824
827
829
824
820
811
804
795
786
776
769
760
752
743
735
723
714
703
696
686
678
671
667
663
661
657
655
652
648
647
645
641
638
635
629
625
620
616
613
611
608
605
602
602
601
600
600
599
600
600
601
602
603
605
607
612
616
619
620
621
622
627
630
634
637
639
642
642
644
647
649
650
650
651
652
650
651
651
652
653
654
657
656
656
655
655
655
656
659
663
668
677
692
710
730
749
768
788
804
819
828
836
836
834
828
821
811
802
794
785
775
766
757
748
738
727
715
705
694
684
675
668
661
657
653
650
647
645
643
640
637
636
635
634
632
629
625
620
615
611
608
605
604
603
601
600
597
595
593
591
590
590
595
598
603
606
610
613
617
620
623
625
627
Loop stopped.
