Output started
30000
645
641
634
626
617
611
602
594
587
579
574
570
566
561
558
557
554
553
551
552
550
550
548
547
544
543
541
538
538
536
534
532
531
530
529
527
526
525
525
524
524
522
523
523
523
523
525
524
525
526
528
531
537
544
555
566
581
595
610
623
635
644
651
656
660
660
659
657
654
649
643
638
631
623
616
608
599
592
585
579
573
568
563
560
557
556
554
553
551
551
550
549
548
547
545
544
543
542
540
538
536
534
533
532
530
529
528
528
526
526
525
526
525
524
523
523
524
525
525
526
527
529
533
539
547
559
572
586
601
614
627
637
646
653
657
660
661
659
657
653
650
644
638
632
625
616
608
601
594
587
581
575
571
566
564
560
557
555
554
552
551
549
549
547
546
544
543
540
538
537
534
533
531
529
528
526
525
524
522
523
521
521
521
521
521
520
521
521
521
521
521
523
524
526
529
535
543
555
567
582
595
610
622
634
643
650
655
657
658
658
657
654
649
644
638
633
625
619
610
603
596
590
584
579
574
570
566
562
560
557
556
553
552
551
549
547
546
544
541
541
537
535
533
531
530
528
527
525
525
523
522
521
522
521
521
521
522
520
520
520
521
521
523
522
525
526
528
531
536
541
551
561
576
590
605
617
630
639
648
655
659
661
662
661
659
656
651
646
640
633
626
618
611
604
597
591
585
580
575
572
568
565
562
560
558
557
555
554
551
551
549
548
546
544
542
541
539
537
535
533
531
529
527
527
524
525
524
523
521
522
523
523
521
523
523
524
525
526
527
529
530
533
539
544
554
565
579
592
606
618
629
638
646
651
655
656
656
654
653
647
642
635
630
622
615
606
599
592
587
579
575
570
567
564
563
561
560
559
558
557
557
556
556
554
554
551
551
549
549
548
546
545
544
542
541
540
539
537
536
536
536
535
535
535
535
535
535
536
535
536
536
537
538
541
542
551
560
572
584
598
611
625
635
645
652
658
662
665
664
664
661
656
651
646
638
631
622
615
606
600
592
586
581
577
572
568
566
563
562
561
560
560
559
559
558
558
557
555
553
552
551
550
548
547
546
543
542
540
540
539
539
537
537
536
536
535
535
534
535
534
535
536
537
537
539
541
547
553
564
577
592
607
621
632
645
652
660
665
668
670
669
667
664
660
655
649
642
634
626
617
608
599
592
585
578
573
568
565
561
559
558
556
555
555
553
553
551
551
548
547
545
544
542
539
537
536
534
532
531
530
529
529
528
528
527
527
526
526
526
526
527
527
527
529
529
530
533
537
545
556
569
585
599
615
629
640
650
658
665
668
670
670
669
666
662
656
651
643
637
628
621
613
604
596
591
583
577
571
568
565
562
559
558
556
555
553
552
550
550
547
545
543
541
539
537
535
533
531
530
528
526
525
523
523
522
522
521
520
520
519
520
520
520
521
521
522
523
525
528
535
542
552
565
580
595
611
625
637
647
655
660
665
665
666
664
661
656
652
645
639
631
623
614
606
597
590
582
575
569
565
561
556
554
551
549
548
547
545
543
541
540
538
537
536
533
531
530
528
527
524
523
523
522
521
521
519
520
519
519
518
519
518
518
517
518
518
519
519
521
522
524
527
533
540
551
564
579
594
610
624
637
646
655
662
666
667
666
664
662
658
653
646
640
633
625
614
606
599
592
584
577
573
568
564
559
557
555
554
551
550
548
548
545
545
543
541
539
538
535
533
531
530
527
526
524
523
522
522
522
521
521
521
521
521
521
521
521
521
522
521
521
522
524
524
526
529
535
542
554
567
582
598
613
627
638
648
654
660
664
665
665
663
660
656
652
645
639
631
623
614
605
597
590
583
579
574
568
563
562
558
556
555
553
552
551
549
548
546
545
544
542
540
538
536
535
533
531
530
528
526
526
526
525
524
525
525
524
524
524
523
523
523
523
524
524
527
527
529
532
537
544
554
567
580
595
610
623
635
645
654
659
664
666
665
664
661
656
652
645
638
630
623
613
606
599
592
586
580
575
570
567
564
561
559
557
556
554
553
551
549
547
546
544
542
540
538
537
535
534
531
529
527
525
523
523
521
521
520
520
520
521
519
520
519
519
519
521
521
522
523
527
528
532
538
549
560
575
589
605
618
631
641
650
656
660
661
662
661
658
654
648
643
636
629
621
613
605
598
591
585
580
577
573
569
566
565
564
562
561
560
559
558
556
555
553
552
550
549
547
545
543
541
540
538
536
535
534
533
531
531
529
528
527
527
527
527
526
525
525
526
525
527
528
530
536
544
555
567
581
595
609
622
633
641
649
653
657
657
658
654
652
647
641
635
629
621
612
603
596
588
582
576
571
566
563
560
559
556
554
553
552
551
551
549
548
547
548
546
546
544
541
538
536
534
532
531
529
528
527
525
525
523
522
521
520
520
519
519
519
520
521
522
525
532
539
549
561
576
591
605
619
631
640
648
653
657
658
658
654
651
645
640
633
627
618
610
602
595
587
580
573
569
564
561
559
557
555
554
553
553
551
550
549
549
548
548
547
546
545
543
541
539
537
535
534
532
530
529
529
527
527
526
526
525
524
524
524
525
525
526
528
530
536
544
555
568
583
598
613
625
638
647
654
659
662
662
661
658
654
648
642
635
627
620
610
602
593
586
579
573
567
563
559
556
554
553
551
551
549
549
548
547
545
545
543
542
540
539
537
536
534
534
531
531
530
530
529
529
528
528
527
527
526
526
527
529
528
530
531
534
539
548
560
574
589
604
619
632
644
652
660
664
668
668
667
665
661
656
650
643
637
627
620
610
602
593
586
578
574
569
566
562
561
558
558
556
558
556
555
553
552
550
549
547
545
542
540
537
536
533
532
530
528
527
526
525
525
523
523
523
522
522
522
523
524
524
526
529
535
544
556
570
585
601
615
630
640
651
658
662
665
666
664
661
657
652
646
640
633
624
616
607
596
589
580
574
567
562
556
553
550
547
545
545
544
543
541
541
539
538
536
535
535
533
532
530
529
526
525
524
522
522
522
521
521
520
520
519
519
518
519
518
520
521
523
526
532
539
551
564
580
595
612
626
639
648
656
661
666
665
664
661
658
652
646
639
632
623
615
604
596
586
579
571
567
562
558
554
551
548
547
545
544
543
542
540
539
537
535
534
532
531
529
528
526
525
524
524
522
523
521
522
522
522
520
520
520
520
519
520
519
521
520
523
524
529
535
546
557
573
588
604
619
633
643
651
656
661
661
662
661
657
653
648
641
634
626
617
608
599
591
583
577
570
565
559
557
552
551
548
548
546
546
545
544
542
541
538
538
536
535
532
532
530
529
526
525
523
523
522
522
522
523
522
523
522
523
523
523
523
523
522
523
524
525
527
529
532
540
550
563
577
593
608
623
635
645
653
658
664
664
666
663
661
656
651
644
637
629
620
609
601
592
586
577
571
566
562
557
554
552
550
548
548
546
546
544
544
542
541
539
538
536
536
534
533
531
530
529
528
527
527
526
525
524
524
524
525
523
524
525
525
526
525
526
527
528
529
530
532
536
543
552
564
577
592
607
621
633
643
651
657
661
664
663
661
659
655
651
644
638
631
623
615
607
598
592
585
580
574
570
566
563
561
559
557
556
554
554
552
552
550
548
546
545
543
541
541
538
536
534
533
531
530
528
528
526
527
526
527
526
527
525
526
525
526
527
527
527
529
529
531
532
536
540
549
559
572
585
600
613
627
638
648
655
662
664
665
664
661
658
653
648
642
634
627
619
611
603
597
591
585
579
574
570
567
565
563
562
560
559
558
558
555
554
554
553
550
549
545
544
542
541
538
537
535
533
532
532
530
529
528
528
527
528
526
527
526
526
527
528
528
528
528
529
530
531
534
539
545
555
567
581
596
611
624
636
646
653
659
663
666
664
663
659
655
649
645
637
630
624
616
608
600
593
588
581
577
571
568
565
562
560
560
558
557
555
555
553
552
550
548
547
545
544
542
539
537
535
534
531
530
528
527
525
524
524
524
523
522
523
523
523
523
524
524
525
524
526
526
528
530
535
540
549
560
574
587
602
616
629
639
649
655
660
662
663
661
659
655
651
645
640
633
626
617
610
602
596
590
584
579
575
570
567
566
563
562
561
559
557
557
556
554
553
553
550
549
546
544
542
541
539
538
535
535
532
531
530
529
528
527
527
527
526
527
526
527
526
527
527
529
529
530
530
532
535
541
546
557
568
582
596
611
624
636
646
655
661
664
667
667
665
663
658
654
648
642
635
627
619
611
603
596
590
583
578
573
570
567
566
564
562
559
559
557
557
555
555
552
551
548
547
544
542
540
538
536
535
532
531
528
528
525
525
524
524
523
523
523
522
522
522
523
523
524
523
524
526
528
530
534
539
547
557
570
584
599
613
626
638
646
653
660
662
663
663
661
657
653
648
642
634
629
621
613
604
598
591
586
579
575
571
567
563
563
560
560
557
557
555
554
552
550
549
547
545
543
542
540
537
536
535
534
532
530
528
528
526
525
525
523
524
524
525
525
526
525
524
525
525
526
527
528
530
531
534
539
547
557
571
585
600
614
627
638
647
655
661
663
665
664
661
657
653
647
641
633
626
618
610
602
594
587
581
576
573
570
566
564
562
562
562
561
561
560
558
558
556
554
552
552
550
548
546
544
542
541
539
538
536
535
534
534
533
533
531
531
531
531
530
531
529
530
530
532
532
533
533
536
539
546
555
567
580
595
611
624
637
647
655
661
666
668
668
666
664
659
655
648
642
634
627
617
610
601
592
585
580
575
570
567
564
561
560
558
558
557
557
556
555
553
551
549
547
544
543
541
539
536
534
532
531
529
529
528
528
527
526
526
526
526
525
525
526
526
526
527
527
528
529
531
532
537
545
556
569
584
600
617
629
642
651
660
666
670
670
670
668
666
661
657
650
643
636
628
619
612
603
595
587
582
577
574
570
568
565
563
562
561
560
558
557
554
552
551
547
545
542
540
536
534
532
530
528
525
523
521
519
518
518
518
518
517
517
517
517
517
516
517
517
517
520
521
523
526
532
538
549
562
578
593
610
625
639
650
659
663
668
669
670
670
667
664
659
653
647
639
631
623
613
604
595
588
581
574
569
564
560
558
555
553
550
549
547
545
544
542
539
538
534
533
529
528
526
525
523
521
520
519
517
517
516
516
516
516
516
516
516
516
516
517
516
519
519
520
521
523
525
528
531
538
549
561
575
592
607
622
636
647
654
661
665
667
667
665
663
658
655
648
642
635
627
619
610
600
593
585
579
571
566
560
557
553
552
549
548
545
545
543
542
539
537
535
533
532
530
528
527
524
522
520
519
518
517
516
515
514
513
514
514
513
513
514
514
515
515
516
515
516
517
518
519
522
524
530
536
546
558
573
589
605
617
631
641
650
656
660
661
662
662
658
654
651
644
638
630
623
614
606
597
589
581
575
569
564
560
557
554
552
551
550
548
547
546
545
544
542
541
539
536
532
530
528
527
525
525
523
523
522
521
521
521
520
521
521
521
521
521
521
522
523
525
525
526
525
527
527
528
529
531
533
537
543
552
562
577
591
606
620
632
642
650
656
661
664
663
662
661
657
654
649
643
636
628
620
612
604
596
589
583
578
573
570
566
563
560
559
558
558
557
556
555
553
552
550
547
547
545
543
540
539
536
534
533
531
530
529
527
528
527
527
528
528
527
528
528
529
529
529
529
531
532
532
533
534
534
536
536
538
542
546
553
561
574
585
599
611
625
636
645
652
658
660
663
662
661
658
656
650
647
639
634
626
619
611
604
596
591
585
581
576
572
569
567
565
564
561
560
560
559
559
557
556
555
554
552
552
551
549
547
545
544
542
540
539
537
538
536
536
534
534
534
535
534
535
535
536
535
536
536
537
537
539
539
541
542
543
544
549
556
566
576
589
601
616
628
639
647
655
659
664
666
666
664
661
657
652
648
642
635
628
620
613
606
599
593
588
582
578
575
573
571
568
567
566
565
564
564
562
561
559
557
555
554
552
550
547
545
543
542
539
539
537
535
534
533
532
532
532
533
533
533
533
534
535
534
534
534
535
535
537
537
538
540
543
549
556
566
577
591
603
617
629
639
648
655
661
664
666
665
664
660
658
652
647
640
633
626
619
611
604
596
591
585
580
576
573
569
567
565
564
563
563
561
561
558
559
555
554
551
549
548
547
545
543
541
540
538
537
536
535
534
533
531
532
532
532
532
531
532
532
533
533
534
533
534
535
537
539
541
545
550
557
568
580
594
608
621
633
644
652
660
664
669
669
669
667
664
659
654
647
641
632
626
618
611
604
597
591
585
580
576
574
570
568
566
565
563
562
560
559
557
557
554
553
550
549
547
546
543
542
540
538
537
535
534
533
532
531
530
531
529
530
529
529
527
528
527
529
529
530
529
531
532
536
540
547
556
568
581
594
609
622
634
645
653
659
663
666
667
665
661
657
652
647
641
634
627
619
611
604
597
591
587
582
578
574
571
570
568
567
567
565
565
562
561
559
558
557
555
553
550
547
546
543
540
539
537
536
535
533
532
532
530
529
528
527
526
526
525
525
525
525
526
527
528
528
530
534
540
548
559
571
585
600
613
627
638
648
655
661
664
666
665
664
660
657
651
Loop stopped.
