Output started
30000
547
550
552
553
553
552
552
553
553
554
554
555
554
556
559
565
571
580
588
599
608
619
628
636
640
645
644
646
642
639
635
632
627
623
616
611
605
601
596
594
589
587
583
581
579
577
575
573
571
570
570
569
569
567
566
563
561
558
556
553
551
550
549
548
547
545
545
544
545
543
543
543
543
541
542
542
543
543
544
545
545
546
547
546
547
547
548
547
548
548
549
549
551
552
553
553
554
553
554
555
556
557
558
558
558
559
560
563
569
575
583
592
602
612
622
630
638
643
646
648
647
646
642
637
631
627
620
616
610
605
600
596
591
589
584
582
579
579
577
577
575
575
575
574
574
574
571
571
568
565
563
561
558
556
554
552
550
549
548
547
547
547
548
548
547
546
546
546
545
545
545
544
544
544
544
545
546
546
547
548
549
549
551
551
554
555
556
556
556
557
557
557
557
558
558
557
556
555
557
561
566
571
581
590
602
613
624
632
639
645
648
649
647
643
638
632
627
621
616
611
606
600
596
592
588
585
583
582
579
578
577
577
579
584
588
590
588
584
579
575
570
567
562
559
555
554
551
550
548
548
547
548
546
547
547
547
546
547
546
548
547
548
548
547
548
549
550
551
552
554
554
556
557
558
558
560
561
561
561
562
562
563
564
564
566
566
566
565
566
568
574
579
588
596
607
618
628
635
642
645
650
650
650
648
644
639
634
626
622
616
612
606
603
597
595
591
588
585
583
581
578
578
577
576
574
575
574
573
572
570
568
567
564
562
560
558
556
555
552
552
551
551
548
548
545
545
543
544
544
544
543
544
543
545
545
547
547
549
548
548
549
550
550
552
551
553
553
554
554
555
554
556
557
559
560
561
561
562
566
569
575
584
594
605
616
626
638
645
650
653
654
653
651
647
643
637
632
626
622
617
613
608
604
600
595
591
588
585
582
578
577
575
575
574
574
573
572
571
571
569
566
563
561
557
556
554
553
551
550
549
548
548
547
547
546
546
546
545
545
543
543
543
543
543
545
544
545
545
546
548
550
552
552
553
555
555
554
554
554
553
553
552
554
553
555
558
559
563
568
575
582
592
602
612
620
629
637
643
647
651
650
649
647
644
642
638
636
633
630
626
621
615
609
603
597
593
589
586
584
582
579
576
575
573
573
572
570
567
565
562
560
557
554
552
550
546
545
543
543
541
542
542
545
545
547
546
546
546
547
546
545
543
543
541
542
541
542
541
542
543
543
544
545
546
547
548
548
549
550
552
553
553
553
554
554
556
556
558
560
564
568
576
584
595
606
618
628
638
645
652
655
658
656
655
650
648
642
638
632
629
623
618
613
609
604
600
596
593
590
587
583
581
579
577
576
575
573
573
571
569
567
565
563
562
560
557
556
554
554
551
551
549
548
546
544
542
541
541
542
542
542
541
541
541
541
541
542
544
546
546
546
546
549
549
551
552
554
556
557
556
555
555
556
558
560
560
562
563
565
565
568
574
580
590
600
610
621
630
638
645
652
655
658
656
654
650
646
641
636
632
626
621
616
610
603
600
596
592
589
588
584
581
579
579
576
574
573
572
570
568
567
566
563
561
558
556
554
554
551
550
549
549
548
547
546
545
545
544
544
544
543
543
543
544
544
544
545
546
547
545
547
547
548
549
548
547
547
546
547
548
550
550
551
552
556
560
568
575
585
594
605
615
626
634
641
644
647
645
644
640
637
632
630
625
622
615
610
605
600
596
591
588
584
581
578
576
575
573
572
572
571
570
570
569
568
566
565
562
560
558
556
554
552
551
549
549
547
547
544
544
542
542
542
542
542
543
542
544
544
544
544
546
547
548
549
549
548
548
547
548
547
549
552
553
554
556
558
560
563
570
577
587
597
607
618
627
635
641
645
648
649
649
647
643
640
634
629
623
617
611
605
599
594
590
587
584
581
580
578
577
576
575
575
574
574
573
572
570
569
567
566
563
560
557
555
552
552
551
549
548
547
547
546
547
547
546
546
544
544
544
543
544
545
546
545
545
545
547
548
549
549
551
551
552
552
552
553
554
554
555
556
556
557
558
560
564
570
578
587
599
610
622
631
640
645
650
652
651
649
647
643
639
632
628
623
618
612
606
602
598
595
591
588
586
584
583
582
581
580
580
579
578
576
575
574
571
570
568
565
562
560
557
554
553
551
551
550
549
548
547
546
546
547
546
547
545
545
545
546
546
547
546
548
547
549
550
552
552
554
554
555
554
556
556
556
557
556
557
557
557
558
559
559
559
560
566
573
582
591
603
615
626
634
643
649
653
654
655
653
649
645
640
634
628
621
616
608
602
596
593
589
587
583
580
578
577
575
575
574
575
574
576
574
573
571
570
570
568
566
564
563
561
559
557
556
555
554
554
554
554
556
556
555
554
552
552
552
551
551
551
551
550
551
551
551
550
550
550
550
550
550
550
551
552
553
554
555
556
558
558
560
560
562
562
565
569
576
585
595
607
619
630
640
649
654
659
661
662
660
656
652
647
642
637
630
625
619
614
609
605
600
596
592
589
586
583
581
580
580
580
579
579
577
577
575
574
571
570
567
564
561
559
556
554
552
550
549
549
549
548
548
548
548
547
546
545
546
548
548
548
548
548
549
550
549
550
550
552
553
554
555
556
556
555
556
557
558
559
561
561
561
560
560
562
566
572
579
588
600
612
626
636
647
653
659
661
663
661
661
656
651
644
638
632
627
619
614
611
607
603
599
596
593
590
589
586
585
583
580
578
577
575
574
574
571
569
566
563
560
558
557
557
554
553
551
550
549
549
546
547
545
547
549
551
552
553
553
554
553
554
553
553
553
552
550
549
547
548
548
547
546
546
545
546
545
545
544
544
545
545
545
546
548
549
552
555
562
572
583
596
609
620
632
640
648
653
657
656
655
651
648
642
637
631
627
621
617
612
609
605
601
598
596
592
589
585
583
581
579
576
575
573
572
571
571
568
566
564
561
558
556
554
551
549
547
546
546
544
543
543
542
541
539
537
536
535
535
536
536
537
538
539
538
539
539
539
539
540
539
541
542
543
543
546
546
547
547
548
548
550
550
553
555
556
556
558
560
565
571
581
592
605
618
629
639
648
655
659
660
658
655
651
648
644
637
631
626
621
615
609
605
600
596
593
589
585
583
579
578
577
577
575
573
572
570
568
568
564
563
559
558
554
553
551
550
548
546
544
543
542
542
541
540
539
539
539
540
540
541
540
541
540
541
540
541
542
543
543
544
544
545
545
545
547
547
548
549
550
551
551
551
553
554
555
554
556
557
558
559
562
565
570
577
589
600
614
625
638
647
655
659
662
662
662
660
657
650
643
636
631
626
622
616
609
604
600
596
593
590
587
584
581
578
577
576
574
573
571
571
570
569
567
565
563
561
558
556
554
554
551
550
547
548
546
547
545
545
544
545
543
544
543
544
544
545
545
547
547
548
548
549
548
549
548
549
551
552
552
553
553
554
554
556
557
556
557
556
557
557
556
558
559
561
564
568
577
585
596
606
619
629
641
650
658
662
665
665
665
660
656
650
645
639
633
627
621
615
611
604
600
596
593
589
586
584
581
580
579
579
579
578
576
574
572
570
568
565
563
562
560
557
555
553
552
551
550
550
548
547
546
545
544
545
544
545
545
545
545
545
545
546
545
546
546
548
547
549
548
549
550
552
551
553
553
554
555
557
556
556
556
557
557
559
558
560
561
562
566
571
577
587
597
609
621
631
641
649
654
658
660
660
658
653
650
646
640
633
629
624
619
613
608
603
600
596
594
591
590
586
585
582
582
580
580
577
575
573
572
569
569
566
564
561
560
556
556
553
551
548
547
546
545
544
543
542
542
542
541
541
539
540
541
543
544
545
546
547
547
548
547
549
549
551
551
553
554
557
557
558
558
558
557
558
558
560
561
562
562
562
562
563
566
573
580
591
602
613
623
634
643
651
656
661
660
657
655
649
644
639
635
628
623
618
612
606
601
596
593
590
588
585
584
582
581
579
578
578
578
576
575
572
572
568
568
565
562
559
557
554
554
552
552
550
549
547
547
546
547
546
547
546
546
546
548
549
549
550
551
551
551
551
551
551
551
553
553
553
554
554
555
555
555
556
557
559
560
560
560
560
559
560
564
570
577
587
598
611
622
635
643
649
653
655
655
654
650
646
642
637
630
625
619
613
609
603
598
595
592
590
586
584
581
581
580
581
580
579
579
577
575
574
572
570
567
564
562
560
558
556
553
553
551
549
548
547
547
546
546
546
546
546
547
546
546
546
546
546
547
547
548
548
549
550
551
552
552
553
555
555
556
555
555
555
557
558
558
557
559
560
564
569
579
589
601
613
624
635
645
653
658
659
658
656
654
650
645
639
633
630
624
619
615
611
604
601
596
593
589
586
583
582
581
581
580
578
574
573
572
572
571
571
567
565
562
561
559
557
554
552
550
548
546
546
544
543
542
543
543
542
543
542
542
542
542
542
542
542
542
542
542
543
545
544
545
545
546
546
547
547
549
550
552
553
554
554
555
559
566
572
583
595
608
621
634
644
651
655
657
656
655
652
649
644
640
634
630
625
622
617
613
609
604
601
596
592
588
584
582
580
579
577
575
574
573
571
570
569
565
563
559
557
553
549
546
543
540
539
538
537
536
537
536
537
537
537
537
538
538
538
537
537
536
538
541
541
541
543
544
545
545
545
544
544
544
544
544
545
546
546
546
546
546
549
555
561
570
583
595
608
621
633
642
649
653
654
654
652
648
644
641
638
633
628
623
618
613
607
602
596
593
589
586
582
579
576
575
573
573
570
571
568
567
563
562
561
559
555
552
548
546
545
542
540
537
536
535
534
533
533
533
534
533
533
534
533
534
534
534
535
535
536
538
539
539
540
540
542
543
544
544
545
545
545
544
545
546
548
547
549
549
552
553
558
563
571
583
596
609
623
634
645
652
659
662
662
660
656
652
648
643
638
633
628
621
615
610
605
600
596
591
587
584
580
579
575
574
572
571
569
567
564
563
560
560
558
556
554
552
549
546
544
543
542
540
539
537
536
536
535
535
535
536
537
537
537
537
536
537
539
541
539
539
538
538
539
540
540
542
542
543
543
544
545
546
546
546
546
545
546
546
549
550
552
552
556
559
565
573
584
596
608
620
630
639
647
652
657
658
658
656
654
651
648
642
638
632
629
623
619
615
610
605
601
598
595
591
588
586
584
581
579
578
576
574
572
570
568
565
562
560
557
555
552
550
548
548
546
544
541
539
537
537
537
539
537
536
533
534
534
536
536
538
536
536
537
539
540
541
540
540
538
539
539
541
541
542
541
543
543
544
545
545
545
547
547
548
548
549
549
551
555
562
568
578
588
598
610
621
632
640
646
650
653
653
654
651
648
644
640
634
630
625
621
615
611
605
601
596
593
589
587
583
581
578
578
576
575
574
573
571
570
568
566
563
563
560
559
556
553
550
547
546
544
543
543
541
540
540
540
539
540
540
539
539
538
539
540
541
540
542
540
542
543
545
546
547
548
548
547
549
550
551
551
553
555
557
557
558
557
560
560
562
561
562
562
562
562
563
567
573
582
592
603
613
623
633
640
646
649
650
650
647
644
638
635
630
627
621
617
611
608
603
602
598
595
592
590
588
586
585
585
584
584
582
581
579
578
577
576
575
574
572
570
567
565
563
562
560
559
557
555
553
552
552
551
550
549
549
549
550
549
551
550
548
548
548
549
550
551
553
553
553
554
555
557
559
560
563
562
563
562
562
562
561
562
564
564
565
564
563
564
566
571
577
584
595
605
616
624
634
641
647
649
651
649
647
644
639
635
632
628
625
621
615
610
606
603
599
596
592
589
587
585
583
583
584
583
581
581
580
579
577
576
574
573
570
570
568
567
566
564
561
560
558
557
555
555
555
557
556
556
553
555
555
556
555
556
555
556
555
556
554
555
555
556
557
559
560
561
561
562
561
561
560
561
561
562
562
560
559
557
558
559
564
571
581
592
603
612
624
631
639
643
646
646
646
643
642
637
633
628
624
618
615
612
609
606
604
601
599
595
594
591
589
587
587
586
584
582
581
579
577
575
574
571
568
567
566
564
562
560
558
556
555
556
554
553
551
550
550
548
549
548
548
550
550
550
549
548
549
551
551
552
551
551
552
554
556
557
556
556
554
553
553
555
556
558
557
558
558
558
559
562
567
574
583
593
603
614
624
632
639
642
645
645
644
642
639
635
630
626
621
618
614
611
608
605
603
599
598
595
593
590
588
585
585
582
582
580
578
577
576
573
572
569
569
567
566
564
562
561
560
557
556
553
553
552
552
551
549
550
549
549
548
547
548
549
550
551
552
551
551
551
551
552
551
552
552
552
552
553
554
555
555
556
556
557
556
557
555
557
558
563
569
578
585
596
607
620
629
636
641
644
644
645
644
641
637
633
628
623
619
616
613
609
606
601
598
595
593
591
588
586
583
582
581
580
579
578
577
576
575
573
572
569
567
564
564
561
558
557
556
554
553
550
550
548
549
548
548
547
547
546
546
545
546
546
546
546
549
549
551
551
552
550
551
553
554
554
553
552
553
552
553
555
556
557
558
558
559
560
564
569
575
585
594
605
615
626
Loop stopped.
