Output started
30000
548
550
551
550
551
551
551
551
550
551
552
554
557
560
564
570
574
580
587
594
599
604
607
609
610
610
609
607
605
603
600
597
593
590
586
583
579
578
574
572
569
567
564
563
561
563
562
561
560
559
558
558
557
557
556
555
554
553
552
552
550
549
548
547
546
545
544
543
542
542
541
540
540
540
540
541
541
542
542
542
542
541
541
540
542
542
543
544
545
546
548
550
554
558
563
570
577
583
590
596
602
604
607
607
609
609
608
606
604
600
596
593
589
586
582
578
575
572
570
568
568
566
565
563
561
562
561
561
560
560
559
559
557
558
557
557
555
555
553
553
552
551
550
550
548
547
545
545
544
544
543
543
543
543
542
543
542
543
542
542
542
543
543
543
544
545
544
544
545
546
548
550
554
558
563
570
576
583
589
595
600
604
606
607
609
608
608
604
602
599
596
591
588
585
581
578
576
573
572
569
568
565
565
563
563
562
562
561
561
561
561
560
559
559
558
556
555
554
553
552
551
549
548
547
546
545
545
546
544
544
543
542
543
542
543
543
543
545
545
546
545
547
546
548
547
548
547
549
549
552
553
556
559
565
569
575
581
589
594
599
602
605
606
607
606
604
601
600
595
592
587
584
581
578
575
572
570
567
564
563
562
560
559
559
557
557
556
555
555
554
554
554
554
552
552
550
550
549
549
548
547
546
546
545
545
546
546
544
544
544
544
543
543
544
544
543
544
543
544
544
545
546
547
547
549
549
550
552
554
557
561
565
570
577
584
590
595
601
605
607
608
609
609
608
606
603
599
596
592
589
585
582
578
576
573
570
568
565
563
561
559
559
558
558
556
556
556
556
554
555
554
553
551
553
551
549
547
547
546
545
544
544
543
543
542
542
541
540
540
540
540
541
541
542
543
543
544
545
545
544
545
545
548
548
551
553
556
559
565
568
574
580
587
593
598
602
605
606
607
606
605
602
599
596
593
588
586
582
580
575
572
568
566
563
560
559
557
556
555
554
552
551
551
550
551
549
549
548
548
547
546
546
545
544
543
543
542
542
541
541
540
539
539
539
538
539
539
540
540
541
542
543
542
543
541
543
542
542
542
542
542
543
545
548
552
556
560
567
572
578
585
590
595
598
601
603
602
602
602
599
597
594
591
588
584
581
579
576
574
570
567
565
564
562
561
560
561
559
559
557
557
556
555
553
553
552
552
550
549
548
547
546
544
543
542
540
541
541
541
540
540
539
539
539
538
538
538
539
540
540
541
541
541
541
541
542
542
542
542
542
543
545
546
549
552
555
559
564
570
575
582
588
593
596
599
601
601
601
600
598
596
593
589
586
582
579
574
572
569
567
562
561
559
557
555
555
554
554
554
554
553
553
553
552
552
552
552
551
550
549
547
546
545
544
544
542
542
542
542
541
542
541
542
541
540
539
539
538
539
538
539
539
540
540
542
542
542
542
543
542
543
542
543
543
545
547
550
555
560
564
571
577
583
589
596
601
605
608
610
611
611
608
607
605
602
598
593
589
585
583
578
575
572
569
567
566
564
564
562
561
561
561
559
560
558
558
556
557
556
555
553
553
551
551
548
547
545
545
543
543
542
540
540
540
539
539
538
539
538
539
540
541
541
541
540
541
541
542
542
542
543
544
544
544
545
546
548
551
555
559
564
570
577
584
591
596
603
606
609
610
611
610
609
607
605
601
598
594
590
585
582
578
576
572
570
567
565
562
561
559
559
559
558
557
556
555
555
554
554
554
553
552
552
551
550
548
547
546
546
544
544
543
543
542
542
542
540
540
540
541
540
542
541
542
542
543
543
544
544
545
545
546
547
548
549
551
551
553
554
558
561
566
570
578
585
592
598
603
607
610
612
612
612
609
607
605
601
597
593
590
586
582
578
575
572
568
566
564
563
561
561
560
560
560
559
557
558
556
557
555
555
554
553
552
552
550
548
547
547
545
545
543
543
542
544
542
543
541
541
541
542
542
542
543
543
544
544
545
546
546
546
546
547
547
547
548
549
551
552
555
559
563
567
574
580
588
593
600
604
608
610
612
612
611
608
607
603
601
597
595
590
587
582
580
576
573
570
567
565
565
563
563
562
561
561
560
559
559
558
557
557
556
555
554
554
553
552
551
549
547
546
545
546
544
544
543
543
542
543
542
541
541
541
540
541
541
541
541
542
541
542
541
542
542
543
544
547
549
553
555
558
563
568
574
582
588
596
602
608
612
614
616
616
617
614
612
609
605
602
597
593
589
584
579
575
574
571
569
567
567
565
564
563
562
561
560
558
559
558
558
556
555
554
553
551
551
550
549
548
547
545
546
544
544
543
543
542
542
541
540
540
541
541
541
541
541
541
541
540
541
540
541
541
542
542
543
545
548
550
552
557
561
568
573
580
586
594
599
605
609
611
612
613
611
611
607
606
601
598
594
591
586
583
579
577
573
571
567
566
565
563
560
560
559
558
558
556
556
554
553
552
551
549
549
547
546
546
545
544
544
543
542
541
541
540
539
540
540
540
541
539
540
540
541
540
542
542
543
542
543
542
544
544
543
544
546
548
551
554
557
560
567
573
581
588
596
600
605
609
611
612
612
611
610
607
604
601
597
592
588
584
581
578
575
571
570
568
565
564
562
562
561
559
558
558
556
555
553
553
551
551
548
548
545
545
544
543
542
542
540
539
538
538
537
537
536
537
535
536
536
536
536
537
537
538
539
538
539
539
538
538
539
539
540
541
542
545
548
552
556
562
569
575
582
590
596
600
604
607
609
609
609
607
605
602
600
596
593
589
587
583
579
576
573
571
568
566
564
561
561
559
559
557
557
555
554
553
553
552
550
549
548
546
545
544
543
541
540
539
538
537
537
535
535
533
533
531
531
531
530
532
532
533
532
533
533
534
533
534
534
535
536
538
539
543
545
548
552
557
562
569
576
585
591
598
603
607
609
611
609
608
606
604
602
600
597
593
589
584
580
576
572
567
563
560
558
556
554
553
552
550
549
546
545
544
544
543
543
542
543
541
540
539
538
538
538
536
535
534
534
533
533
534
535
535
535
534
535
535
535
535
536
536
535
534
535
534
535
534
535
537
539
539
540
542
545
546
550
555
559
566
573
580
588
594
599
604
605
607
607
607
605
604
600
597
591
588
584
582
578
574
570
568
564
562
558
555
553
553
550
550
548
548
546
547
547
546
545
545
544
543
542
541
540
540
538
536
536
536
535
535
533
533
533
533
533
533
533
533
534
534
535
535
536
535
537
537
538
537
539
539
539
538
539
538
539
538
540
540
543
544
547
551
557
562
569
576
584
591
597
602
607
609
611
610
610
609
607
605
602
600
595
591
587
582
578
574
570
566
562
560
558
559
557
556
554
554
552
551
550
549
549
549
547
547
544
544
542
541
539
538
538
538
536
536
535
535
533
534
533
532
531
533
532
534
534
535
534
535
536
537
538
539
540
540
541
541
541
540
540
541
540
541
543
544
546
550
553
556
563
569
578
584
593
598
604
607
610
611
613
612
612
609
606
602
599
593
589
585
582
577
574
569
566
562
561
559
558
556
555
553
554
552
552
551
550
549
549
548
546
545
545
544
543
542
541
540
540
538
539
539
537
538
537
537
537
538
537
537
536
537
537
538
537
538
538
541
540
542
541
542
542
543
544
544
544
545
544
547
548
550
553
558
563
569
575
584
590
597
602
606
609
610
612
612
610
608
605
602
598
594
589
586
582
578
575
570
568
565
564
561
561
560
559
558
558
557
556
556
556
554
555
554
553
553
553
551
550
548
549
547
546
545
545
545
545
543
544
542
543
542
543
543
543
543
543
543
543
544
545
546
545
546
545
545
545
546
547
548
548
550
552
555
558
562
567
573
579
586
593
598
603
607
609
611
611
611
609
609
606
603
598
594
589
587
582
578
575
573
569
567
565
564
562
562
561
560
558
557
556
556
554
555
555
554
553
553
550
550
549
549
548
548
547
546
546
545
544
544
543
543
542
542
543
543
543
543
544
545
546
547
546
546
547
548
549
548
549
549
551
551
553
555
559
563
569
573
581
587
593
599
603
607
609
611
613
613
612
610
608
605
602
598
594
590
586
582
579
576
573
571
569
566
565
564
562
562
561
560
559
559
558
558
556
556
554
555
553
553
551
551
549
549
547
546
546
545
544
543
542
543
542
542
543
543
543
544
544
545
543
545
545
546
547
547
548
548
550
551
552
555
558
562
568
574
582
588
596
602
607
610
613
615
616
616
614
612
611
607
604
599
596
590
587
583
579
575
572
569
567
564
563
561
561
559
559
557
557
555
556
556
556
556
556
554
553
552
551
549
548
546
545
544
543
542
541
541
539
538
538
537
538
538
538
539
538
540
539
540
540
541
541
542
543
543
545
548
550
554
559
565
572
581
588
596
602
607
610
612
613
613
612
611
608
606
602
599
595
591
588
583
579
576
573
570
568
566
565
564
563
562
562
561
560
558
558
556
556
555
555
554
554
552
550
549
547
545
545
544
544
543
542
541
540
540
538
538
538
537
538
537
538
537
537
537
538
538
540
541
543
545
547
551
556
560
567
574
581
590
595
601
605
607
609
608
608
607
605
603
599
595
590
586
583
580
576
574
570
568
564
563
561
561
559
559
558
557
556
556
554
554
552
553
551
551
549
549
548
548
546
544
543
543
542
541
540
539
538
539
538
537
538
538
538
538
536
537
537
537
537
536
538
538
539
541
544
547
552
557
565
571
580
586
593
598
602
603
606
605
605
603
600
597
595
590
587
583
581
577
574
571
568
565
563
561
560
557
558
557
557
556
555
555
554
552
551
551
549
548
547
546
544
543
543
542
541
541
539
539
538
538
537
538
536
536
535
535
534
535
534
536
536
538
538
539
541
543
545
549
554
559
566
573
581
589
594
600
604
607
608
609
610
608
605
601
598
593
589
585
580
576
572
567
564
561
559
557
555
554
552
551
550
549
549
548
547
546
545
545
545
544
543
541
541
540
539
537
538
537
537
536
535
534
534
534
534
534
535
535
535
534
535
534
534
533
533
534
534
535
535
536
538
540
543
548
552
559
567
574
583
590
596
600
605
606
606
606
604
602
600
598
593
590
586
584
580
577
573
571
567
565
561
560
557
556
553
553
551
550
548
549
547
546
543
542
541
540
539
539
537
536
535
534
532
530
529
528
528
528
528
527
527
527
527
529
529
529
529
528
529
529
530
529
530
530
530
530
532
534
537
539
545
549
556
563
573
580
588
594
601
604
608
608
609
607
607
604
601
597
595
591
588
585
582
579
575
572
569
566
562
559
556
554
553
552
550
548
547
546
546
545
543
542
540
539
537
536
535
533
532
530
528
528
527
527
525
526
525
526
525
527
527
528
527
528
529
530
529
530
530
530
529
531
531
532
532
535
536
539
543
548
553
560
568
577
585
592
598
602
606
607
608
607
606
604
601
597
595
591
588
583
580
576
573
569
566
562
560
557
555
552
551
550
548
546
545
543
543
541
541
539
540
538
537
536
535
533
533
531
531
530
531
530
530
529
528
529
530
529
529
529
529
529
530
530
530
530
531
532
532
533
532
534
533
534
533
535
536
538
540
545
550
556
563
571
579
587
594
600
604
607
608
610
609
609
605
603
600
598
593
590
586
582
578
575
571
569
566
563
561
559
558
556
555
554
552
550
549
548
546
545
544
543
541
540
540
538
536
534
535
534
533
532
532
532
532
532
533
532
532
531
532
532
532
532
533
534
535
534
535
535
536
536
536
536
536
537
537
537
539
541
543
546
551
555
561
568
575
584
592
598
603
608
611
613
614
613
612
610
606
605
600
597
593
589
585
583
579
576
572
568
564
562
560
559
557
557
554
553
552
552
550
550
547
547
545
546
544
543
541
541
539
538
536
537
537
536
535
534
534
534
534
535
534
534
534
535
534
535
535
535
537
538
539
538
538
538
539
539
540
540
541
542
544
546
549
552
557
561
568
574
582
589
596
601
606
609
612
611
613
611
610
607
604
600
596
592
588
584
582
578
575
573
570
567
566
564
562
560
558
557
557
556
556
554
552
553
552
552
551
549
547
547
546
546
544
544
543
542
541
542
541
541
540
540
539
540
540
540
539
540
540
542
542
543
543
544
543
543
543
544
543
544
545
545
546
549
551
555
558
563
569
576
583
590
597
603
606
609
612
612
613
611
610
608
606
602
599
594
591
587
583
578
576
573
570
567
564
562
561
559
559
557
557
556
555
553
553
552
554
553
552
552
552
551
550
548
548
548
546
545
545
545
544
543
543
543
543
543
543
543
542
543
543
544
544
544
543
545
544
545
544
545
545
546
548
550
551
555
559
564
569
576
584
592
597
602
606
609
609
612
610
610
607
606
602
600
596
593
588
585
582
578
576
573
569
568
566
564
563
561
560
558
557
557
556
556
555
555
555
554
555
554
554
553
554
553
553
552
551
549
548
547
547
547
547
546
546
546
547
546
548
546
548
548
547
546
547
548
549
548
549
550
552
552
556
560
564
569
575
582
590
597
602
607
611
612
613
613
613
612
611
608
605
602
598
595
589
586
581
578
574
572
570
568
565
565
564
564
562
562
560
560
559
558
558
558
558
557
Loop stopped.
