Output started
30000
500
497
496
496
495
497
498
501
506
511
517
524
528
532
537
540
543
545
547
548
548
547
546
542
539
535
533
532
529
526
525
521
519
516
515
512
512
510
509
509
509
509
510
510
510
510
510
509
510
509
509
509
509
507
506
505
505
504
504
503
501
501
500
501
501
501
499
498
498
499
498
498
498
499
500
500
499
500
500
504
508
514
519
526
530
535
539
544
546
550
550
551
550
549
547
545
542
539
535
533
529
528
524
522
518
517
516
515
514
513
511
511
511
510
512
511
511
510
509
510
510
509
509
508
508
506
506
505
505
504
503
501
500
498
499
497
497
496
497
495
494
494
494
493
494
495
495
495
496
495
499
501
506
510
516
521
527
531
536
539
542
544
546
546
546
546
544
541
539
536
532
529
526
523
521
519
516
514
512
511
510
509
507
507
506
506
505
507
507
508
507
509
509
509
508
508
507
507
506
505
504
503
502
501
499
499
499
498
497
497
496
496
495
495
494
494
494
495
494
494
495
498
501
505
510
515
521
525
531
536
539
541
544
545
546
545
544
540
538
535
533
529
527
523
520
517
515
511
510
507
507
506
505
505
506
504
506
506
505
505
506
507
507
507
507
506
507
506
505
504
505
504
504
503
503
503
504
502
501
501
500
501
501
502
502
502
502
502
502
503
505
508
511
516
520
526
531
537
541
545
547
551
551
553
553
552
550
548
545
542
538
536
532
528
524
522
518
516
514
512
510
509
508
507
507
507
506
507
508
509
509
508
509
509
509
510
510
510
510
509
508
507
507
506
506
506
506
504
505
503
502
501
502
502
502
501
502
501
503
502
502
504
507
510
515
520
526
530
536
541
546
549
552
553
554
553
553
550
547
544
542
539
535
531
529
526
523
520
516
513
511
511
510
509
508
508
507
507
506
507
506
507
505
507
506
506
505
505
505
505
504
504
502
501
500
500
499
501
499
499
499
498
496
498
496
496
495
496
496
497
496
497
497
499
502
507
512
518
524
530
535
540
544
548
551
553
554
553
552
549
548
544
544
539
537
533
531
527
524
521
519
517
516
514
514
513
513
510
511
510
510
509
510
509
511
509
509
507
507
506
506
504
502
501
501
499
499
497
496
496
495
494
494
494
493
494
492
491
491
492
492
492
493
495
495
495
494
496
497
503
507
515
520
529
534
540
543
548
550
553
554
555
552
551
548
545
542
540
536
535
531
528
524
522
519
517
515
514
513
512
510
510
509
509
508
508
508
508
507
506
506
506
506
504
504
503
501
500
500
498
498
497
496
493
493
492
492
492
492
492
492
490
490
490
490
489
489
489
491
490
491
491
493
492
496
499
506
511
518
524
530
536
541
545
550
552
555
556
556
554
552
549
546
544
541
538
535
533
529
526
522
520
517
517
515
515
513
513
510
510
510
511
509
509
508
508
506
506
505
504
502
502
501
501
498
496
494
492
491
492
492
492
490
489
488
489
487
488
487
487
487
488
489
489
489
489
488
489
490
491
492
493
495
499
503
510
516
521
528
533
539
543
547
548
550
549
549
547
544
540
538
534
531
527
524
521
518
515
512
509
509
506
505
503
504
502
502
501
501
501
502
502
502
502
502
501
501
500
500
499
498
497
496
496
495
495
492
492
490
491
490
490
489
489
488
489
488
489
488
490
490
491
492
493
493
494
493
495
496
501
505
513
519
525
532
538
543
548
551
556
557
558
558
557
553
549
545
540
537
533
530
526
522
517
514
512
510
508
506
505
504
503
502
502
503
502
503
503
504
503
505
504
503
502
502
500
500
499
498
496
496
494
494
492
493
491
492
490
491
490
491
490
490
490
491
491
492
492
493
494
494
495
495
497
501
505
510
516
522
529
536
543
547
553
556
559
561
562
560
559
556
553
549
546
541
539
536
532
528
525
522
520
516
514
512
510
509
510
509
508
508
508
508
509
508
510
509
509
509
509
507
506
507
505
504
504
502
501
500
499
498
497
496
496
495
495
494
494
494
493
493
492
494
493
495
494
497
496
498
500
505
510
517
523
530
536
542
545
550
552
555
555
555
553
551
547
545
542
539
536
531
527
524
520
517
514
511
509
507
506
506
504
502
501
500
501
501
502
501
502
501
501
500
501
498
498
496
497
496
496
494
494
492
493
492
491
490
491
490
491
489
489
487
488
488
489
490
491
491
491
491
491
493
497
502
509
515
522
526
534
541
544
548
552
554
555
556
555
553
550
547
544
540
536
533
529
526
522
520
516
514
512
510
507
506
505
505
504
503
503
504
503
504
502
502
501
503
502
502
501
500
498
497
496
495
493
494
493
492
490
490
488
488
487
487
487
487
486
487
488
488
488
487
487
487
488
490
495
500
507
513
520
525
531
535
541
544
547
547
548
546
545
541
538
534
532
529
525
521
517
513
509
506
504
502
502
501
499
497
499
498
499
499
501
501
501
501
503
503
502
502
501
500
500
500
499
498
496
496
493
494
494
495
494
494
491
492
490
491
491
492
491
493
491
492
492
494
496
499
504
511
518
524
531
538
542
548
551
554
554
556
555
553
550
547
543
540
536
533
529
525
521
518
515
511
509
507
504
503
503
503
504
504
504
504
504
505
505
506
507
506
507
506
507
504
504
502
502
500
500
500
500
498
499
498
499
498
499
497
498
497
498
497
499
498
498
499
500
501
506
511
518
524
531
537
542
547
551
555
557
559
558
558
556
554
550
548
543
541
538
534
529
527
522
520
516
514
511
512
509
508
507
506
504
505
504
504
505
506
506
506
505
504
501
502
501
502
500
501
498
497
495
495
494
495
494
493
492
491
490
490
490
490
490
491
491
491
491
491
495
499
506
513
518
523
531
536
542
546
551
553
555
553
553
550
548
544
542
537
535
532
529
525
522
519
517
515
513
511
510
509
507
505
505
505
505
505
505
504
505
506
506
506
505
503
502
502
500
500
499
498
495
494
493
493
492
493
491
491
489
489
487
488
487
488
488
489
488
489
489
491
494
499
505
512
519
527
531
537
541
545
547
550
550
551
549
547
544
542
539
536
533
531
527
525
522
520
518
516
513
511
511
510
510
508
507
506
506
506
506
506
505
503
503
500
500
499
498
496
495
492
492
489
489
487
487
485
486
486
486
485
485
484
484
483
484
484
485
485
486
485
486
487
489
492
498
503
511
517
524
530
535
539
543
545
547
548
547
545
542
539
534
531
528
525
521
518
514
512
508
506
503
502
501
500
500
501
499
500
499
500
499
500
500
501
500
500
499
499
498
498
497
497
495
495
493
493
492
492
491
492
491
492
491
491
490
490
490
490
491
492
493
491
492
493
494
497
501
507
514
520
526
533
539
542
547
549
551
551
552
550
548
545
543
539
536
532
529
525
523
519
516
513
511
509
508
506
504
502
502
501
501
500
499
500
500
500
499
499
499
498
497
496
496
496
495
496
494
493
492
491
492
491
491
492
492
493
491
492
492
493
493
494
494
495
494
496
496
499
503
508
513
521
527
534
541
546
550
555
557
560
560
560
558
556
552
549
546
543
539
535
532
529
526
523
520
517
514
514
512
511
509
508
506
506
506
506
504
503
504
503
503
502
502
499
499
498
498
497
496
494
493
492
492
491
492
492
492
492
492
491
492
491
492
492
493
493
493
493
493
493
494
497
502
507
513
520
526
532
538
543
546
550
552
554
553
553
551
548
544
541
537
535
530
529
525
523
519
518
513
514
510
510
507
507
505
506
503
503
503
504
504
504
502
503
501
502
500
500
499
498
497
496
494
494
493
493
492
492
491
490
491
491
490
490
490
490
491
491
491
492
492
492
493
493
495
497
501
506
514
520
527
532
538
542
547
550
553
554
555
553
552
549
549
545
543
539
538
534
532
527
525
522
521
517
515
512
512
509
509
507
506
505
503
503
503
503
502
502
501
500
499
499
498
498
496
495
493
493
491
490
489
489
487
488
487
486
486
486
486
485
483
484
484
486
485
486
486
486
486
490
493
498
503
510
517
524
530
534
538
543
545
548
547
547
546
545
542
539
535
532
528
524
520
517
515
511
508
505
506
503
502
500
501
500
501
501
501
502
503
502
504
502
503
502
502
502
501
500
499
498
496
495
495
494
495
493
493
492
493
492
493
492
493
492
494
494
495
494
494
495
496
498
502
508
514
520
526
532
537
543
547
551
554
555
555
554
552
550
546
543
539
536
532
529
525
523
519
516
513
511
508
507
506
505
504
504
503
503
501
501
501
503
502
501
501
500
500
500
499
499
498
497
497
496
496
495
495
495
495
494
495
494
494
494
494
494
495
495
496
495
497
497
499
502
507
513
520
525
531
537
542
545
550
552
554
553
553
551
549
545
542
538
535
531
528
524
522
518
516
512
509
506
506
504
504
502
501
501
501
501
501
501
502
502
502
502
502
501
501
501
500
500
499
499
497
497
496
496
494
495
494
494
494
494
494
495
495
496
496
496
495
496
498
501
504
510
514
521
526
533
538
544
548
552
553
554
554
553
552
549
546
543
539
536
533
530
528
524
521
519
516
514
513
511
510
508
508
508
507
507
508
508
509
508
509
508
508
508
508
507
506
505
505
503
502
500
500
498
499
498
499
497
497
495
495
494
495
494
495
495
495
496
497
498
502
507
513
518
524
530
536
541
545
547
549
551
551
550
547
546
542
539
536
534
530
527
523
522
518
516
512
511
508
508
506
506
504
504
503
505
504
505
505
505
504
505
504
505
504
505
503
503
502
503
501
499
499
499
498
498
497
497
495
495
496
495
495
496
497
497
496
495
497
498
502
506
512
517
523
528
535
538
544
546
549
549
550
549
548
545
544
540
538
534
533
529
527
524
522
519
517
514
514
513
512
510
509
507
507
506
506
506
506
506
507
508
506
505
504
503
502
503
502
501
500
498
497
496
496
494
492
492
491
492
492
492
490
492
491
493
492
493
494
497
500
506
511
518
523
529
532
537
540
543
544
545
545
545
543
542
539
538
534
531
529
526
523
520
518
515
513
510
509
507
507
506
506
506
506
505
505
504
504
503
504
503
502
502
501
500
501
499
500
498
497
496
496
494
494
492
493
491
492
491
493
491
492
491
491
491
492
494
500
504
510
516
520
525
529
534
537
540
541
542
542
541
539
537
534
532
530
528
525
523
520
518
515
514
512
511
509
508
507
508
506
507
506
508
507
508
507
508
507
507
505
506
504
503
501
501
499
498
497
498
496
496
493
492
492
491
490
490
490
489
488
487
487
488
491
494
499
505
511
516
521
526
530
531
535
536
538
537
537
533
532
527
525
522
520
517
514
511
508
505
504
502
502
502
502
501
501
502
503
503
505
504
507
507
508
509
510
509
511
509
509
508
507
508
507
507
507
506
505
504
505
505
504
505
504
503
503
503
502
504
506
509
512
519
524
529
534
539
543
547
548
551
551
552
549
548
545
542
538
536
532
529
525
522
518
516
512
511
507
507
505
504
504
504
504
502
503
504
504
505
506
505
505
505
505
504
504
504
503
503
503
502
501
500
502
501
500
499
500
501
501
501
502
500
501
502
504
507
