Output started
30000
351
332
326
325
326
328
328
330
332
335
339
342
347
354
361
366
371
375
382
386
392
393
395
393
394
391
390
387
387
384
384
381
380
379
380
375
376
373
376
374
373
369
370
367
368
366
366
364
363
363
364
362
362
361
361
358
357
355
354
351
350
348
349
347
345
345
344
343
342
341
340
341
339
340
337
338
337
339
337
338
337
338
335
336
335
338
336
337
335
336
335
337
335
336
337
339
340
339
338
340
342
347
351
358
363
368
372
376
378
379
379
382
383
384
384
383
381
381
379
376
376
375
375
372
372
371
369
367
368
365
367
366
365
362
361
359
359
358
359
358
360
358
359
358
358
355
357
356
356
354
352
350
350
349
348
346
345
344
344
343
344
343
343
343
342
341
341
340
339
338
338
338
339
341
341
341
341
340
339
340
339
340
340
340
339
340
339
341
340
342
341
341
341
342
343
346
348
353
356
360
363
369
372
377
378
382
382
384
383
384
384
385
383
381
379
377
375
373
373
373
372
372
370
368
365
365
363
361
360
360
359
358
358
358
359
359
360
359
358
357
355
354
353
351
351
349
348
345
344
342
343
342
342
340
341
338
338
337
338
337
338
336
337
335
336
335
336
334
337
336
338
337
340
339
340
340
341
340
341
342
343
343
345
346
348
349
349
350
349
351
352
354
356
360
363
369
373
379
380
385
386
388
388
391
388
390
387
388
385
386
382
382
378
378
375
376
373
372
370
370
368
368
366
365
362
363
363
363
362
362
360
359
358
359
358
358
357
356
356
354
353
350
350
347
348
345
346
342
343
340
341
337
338
336
338
336
338
336
337
336
338
337
339
339
340
339
340
338
339
338
340
340
340
339
341
342
342
343
343
343
344
344
345
345
346
348
347
350
349
351
353
358
359
365
368
373
377
384
385
390
391
396
396
398
397
398
396
396
392
393
390
389
388
387
385
384
381
381
378
378
375
374
371
369
368
367
366
365
364
364
363
362
363
361
361
359
357
355
355
353
352
351
351
349
348
346
346
343
344
342
342
341
341
339
340
337
339
338
338
337
338
338
338
337
338
338
339
338
339
339
339
340
342
342
342
341
341
343
343
343
343
344
345
345
346
347
348
349
349
347
349
350
353
357
361
365
370
375
380
386
389
393
395
397
397
398
397
397
394
394
391
390
387
386
384
381
380
379
376
376
374
373
370
368
367
366
365
367
364
364
361
361
359
359
359
358
357
357
355
355
353
352
350
349
348
348
346
346
345
345
345
344
344
343
343
341
340
339
340
339
340
338
339
339
339
338
339
337
339
338
340
338
339
339
341
340
342
340
343
342
344
343
344
343
345
344
345
345
347
346
347
348
349
348
350
350
351
353
356
359
364
370
375
379
385
390
394
398
399
403
402
402
399
399
396
396
391
391
388
387
384
385
382
382
378
378
375
374
371
370
368
369
365
366
364
364
362
363
362
363
361
361
359
358
357
356
354
354
352
352
349
347
346
345
344
342
342
340
340
338
339
337
338
336
337
335
337
336
338
335
337
336
338
336
338
336
338
337
339
336
337
336
339
339
338
337
339
338
340
340
342
342
343
343
344
344
346
347
347
347
348
349
350
352
353
358
361
367
371
376
380
387
390
395
396
400
400
402
399
398
394
393
388
387
383
383
379
379
375
374
371
370
366
365
363
362
360
360
359
359
358
358
357
359
359
360
359
360
359
357
356
354
354
354
353
352
351
349
350
347
347
347
346
344
346
345
345
344
344
344
345
344
346
345
347
346
348
349
349
347
349
348
350
350
351
351
351
350
351
351
353
354
354
355
355
356
356
356
356
355
356
356
356
356
357
359
362
365
370
374
378
384
389
393
398
401
404
407
408
408
405
404
400
397
393
390
388
386
383
381
377
375
372
369
367
364
360
359
357
357
356
355
354
354
353
354
354
355
354
355
354
354
352
353
351
350
349
348
346
345
343
343
341
341
340
341
339
341
341
342
342
343
344
344
345
345
346
346
347
345
346
345
347
347
348
348
350
348
350
351
352
351
353
352
353
352
354
353
354
353
355
354
356
355
359
359
364
366
372
377
384
389
395
397
403
405
407
407
407
406
403
401
399
397
394
394
389
389
386
384
381
379
375
374
370
370
367
368
365
365
363
365
363
365
364
365
363
365
362
362
359
360
359
358
356
356
353
353
351
350
349
348
345
344
343
342
342
342
341
341
340
339
339
339
339
340
340
341
343
341
343
342
344
342
344
342
343
341
344
343
345
344
346
345
346
344
345
345
349
349
353
357
363
369
376
381
388
391
396
397
400
400
400
398
397
393
392
389
386
384
381
380
378
375
372
371
368
365
362
361
359
360
358
359
357
358
356
358
356
358
356
358
355
356
355
355
352
353
351
351
349
348
345
346
344
343
342
342
340
340
339
340
338
338
338
337
337
338
337
338
338
338
337
338
338
337
336
336
338
338
340
339
340
340
341
340
341
341
342
341
343
342
345
347
352
354
361
366
374
380
387
391
397
399
403
403
403
403
400
397
394
390
387
385
383
381
379
377
375
372
370
367
365
364
362
360
359
358
358
357
356
356
356
357
356
356
356
356
354
352
351
349
348
347
345
343
341
340
339
339
337
337
335
335
334
334
333
334
333
333
333
335
334
334
333
336
335
336
336
337
337
338
338
339
339
340
340
340
339
339
339
341
340
341
341
342
342
343
342
344
344
346
349
351
355
360
366
373
380
386
393
397
402
403
406
405
404
400
399
394
392
387
386
383
382
378
376
372
369
365
365
361
361
358
357
355
357
355
357
354
356
355
357
357
358
356
355
353
352
350
349
349
348
346
345
344
342
343
339
340
336
337
334
335
333
333
331
333
331
333
332
333
332
335
333
335
334
335
333
335
334
337
336
337
335
336
336
338
338
340
341
342
342
344
344
345
345
346
345
345
346
347
349
351
356
361
367
373
383
388
396
401
406
407
410
407
409
405
404
398
396
389
388
383
382
377
376
371
370
366
365
361
360
357
356
355
355
353
355
355
355
355
356
355
355
354
354
353
352
351
350
349
348
347
345
345
342
342
341
342
341
342
339
341
338
340
339
341
340
341
340
342
340
341
341
343
342
342
341
343
343
344
343
346
346
347
347
347
348
349
348
349
350
349
350
350
349
350
350
351
352
354
358
362
367
373
380
387
393
399
405
409
412
413
414
412
411
407
404
400
397
393
392
387
385
381
378
375
373
370
367
365
363
361
360
359
359
357
358
358
358
358
359
358
357
356
355
354
354
353
352
349
348
345
344
342
341
340
339
337
336
336
336
336
338
338
338
338
338
339
339
341
341
342
342
342
341
342
342
344
344
346
345
346
346
347
346
348
348
349
349
350
349
350
349
351
351
352
351
352
352
355
356
361
366
374
379
387
393
400
404
410
412
413
412
412
409
408
403
399
397
393
392
388
385
382
379
376
374
371
369
365
365
362
362
360
361
359
360
359
360
360
361
359
360
358
358
356
355
352
351
349
348
345
344
341
340
338
338
337
337
336
336
334
335
334
334
333
334
334
335
335
336
338
337
337
337
339
338
340
339
341
339
341
339
342
340
342
339
342
341
342
339
341
340
342
341
344
343
345
344
346
346
348
350
355
359
365
371
380
386
395
401
407
410
413
414
414
412
409
407
402
400
395
393
390
388
384
383
378
377
372
372
367
367
362
363
359
360
359
360
358
360
359
361
359
359
357
358
355
354
352
351
348
348
345
343
341
340
338
336
334
333
333
332
331
330
330
329
330
329
328
327
328
329
329
329
330
330
331
330
332
330
333
331
334
333
334
333
335
334
336
336
337
335
337
336
337
336
338
337
339
339
340
339
340
340
343
346
350
355
362
369
377
385
391
398
402
404
406
406
405
403
401
397
393
389
386
384
380
378
374
371
369
368
364
363
360
359
357
357
356
357
355
357
356
357
356
357
356
356
355
355
353
352
350
349
347
346
343
342
341
339
338
337
337
336
335
336
335
335
335
334
334
335
335
336
335
336
335
337
337
339
339
339
339
341
341
340
341
341
342
343
343
343
344
344
344
344
345
345
346
346
347
346
347
345
346
346
348
352
356
361
368
374
383
388
395
399
403
405
407
407
406
403
400
396
393
389
387
383
382
377
374
371
369
365
364
361
360
359
357
357
357
357
357
358
358
359
357
359
358
360
357
358
355
355
352
352
349
349
346
346
343
344
342
343
342
342
340
342
340
341
339
341
339
342
341
342
341
343
342
344
344
344
343
343
343
344
344
344
345
346
348
347
348
347
348
347
349
347
349
347
350
348
350
349
350
348
349
349
352
353
359
362
369
374
382
388
396
400
406
406
410
409
409
406
404
400
398
393
391
388
386
383
381
378
375
371
367
365
364
363
360
359
357
358
357
357
356
359
356
358
356
356
354
355
351
351
347
348
345
345
342
341
338
338
335
336
333
334
331
332
332
331
330
331
330
330
329
330
330
331
332
333
333
333
335
333
332
332
333
332
333
333
335
334
337
336
338
338
341
340
341
339
341
340
341
341
344
342
344
343
346
346
350
351
356
360
368
374
382
388
396
400
406
408
408
408
406
404
401
397
393
390
388
387
384
382
379
376
373
370
369
366
363
361
360
359
359
358
358
358
358
358
357
357
356
356
355
353
352
351
348
347
345
344
342
341
339
339
337
336
334
334
332
332
331
332
331
331
330
331
331
331
331
332
332
333
334
335
334
334
335
336
336
336
334
335
334
336
336
337
338
339
340
341
341
342
344
344
344
345
346
346
346
346
347
347
350
351
354
358
364
368
377
382
390
394
399
402
404
403
404
401
399
395
393
387
385
382
379
375
374
369
368
365
363
359
358
356
356
354
355
354
354
354
356
355
356
358
358
359
357
358
356
355
352
352
350
349
347
348
345
345
343
343
341
342
341
342
340
342
340
342
340
343
342
344
344
346
344
348
347
347
345
348
347
349
347
349
348
350
350
352
351
352
352
353
354
354
354
355
357
356
358
357
357
356
358
357
359
359
363
366
372
375
384
387
396
400
406
408
411
410
411
406
405
401
398
393
392
388
386
381
380
376
374
371
369
367
365
363
361
359
359
358
357
356
356
357
357
358
358
359
358
360
357
358
355
355
352
352
349
350
347
349
345
345
342
344
342
343
342
344
342
345
344
345
344
346
345
347
348
348
348
349
349
350
350
351
351
352
352
352
353
353
354
354
355
356
355
354
354
354
356
355
356
355
357
355
357
357
361
363
368
372
378
383
392
397
403
406
411
411
412
411
409
405
403
399
396
393
391
387
386
383
381
378
376
373
370
368
367
365
364
363
363
362
363
362
362
362
363
362
362
362
362
360
359
356
357
357
355
354
352
352
350
349
348
348
347
347
345
346
345
346
347
347
347
348
347
347
348
348
348
349
348
349
349
350
349
350
350
351
351
353
353
353
354
354
354
354
354
356
354
355
354
355
355
356
355
356
355
357
358
360
364
369
375
382
389
395
402
406
410
412
413
412
411
408
407
402
399
394
393
391
389
385
384
380
379
376
375
371
371
367
367
364
365
364
365
364
