Output started
30000
452
443
442
440
443
442
443
440
441
440
442
443
445
447
451
455
461
462
466
467
469
468
469
468
468
467
468
467
468
467
468
466
467
465
465
464
464
463
461
459
458
457
457
456
454
456
455
456
454
453
451
451
449
448
447
446
444
444
442
443
441
442
440
440
439
439
439
439
438
437
436
436
434
434
434
434
434
435
435
435
435
435
435
436
436
437
437
437
437
436
435
436
436
437
437
436
435
435
436
436
437
436
437
437
438
440
441
441
441
441
442
440
441
440
442
442
444
444
445
444
445
443
445
445
448
451
455
459
462
464
468
470
473
474
476
475
476
475
474
472
473
472
473
472
473
472
470
470
469
467
467
467
467
465
464
462
461
461
459
460
458
459
456
457
453
454
450
451
450
451
450
450
448
448
445
446
444
445
443
445
443
444
443
444
442
442
440
440
439
441
441
441
439
439
438
437
436
435
436
435
435
433
434
433
434
435
436
437
438
437
438
437
439
439
441
440
440
439
439
437
438
437
438
439
441
440
442
441
441
440
440
439
440
440
442
440
440
439
440
439
440
442
445
447
451
454
458
462
467
468
469
469
470
469
468
467
468
468
469
470
471
472
471
470
470
469
469
470
469
468
466
465
462
461
461
460
459
459
457
457
455
455
453
454
453
453
452
452
452
452
450
451
449
449
449
450
449
449
446
446
444
443
441
440
439
440
439
439
437
437
437
436
437
437
437
438
438
437
438
439
440
440
441
442
444
442
442
440
440
439
440
439
440
440
441
439
440
440
442
443
444
444
445
443
444
443
445
445
445
444
444
442
441
439
441
442
445
446
448
450
455
459
462
463
465
466
467
468
469
470
470
471
471
471
471
472
469
470
469
468
466
467
464
464
462
461
459
461
459
459
456
455
453
454
454
454
452
451
449
448
447
447
445
446
444
443
442
441
439
439
438
438
438
437
435
436
435
435
435
435
436
437
438
439
441
441
442
443
443
441
441
440
440
439
440
438
439
437
438
437
438
439
439
439
440
439
439
437
438
438
439
439
439
439
440
439
439
438
438
438
438
439
440
441
442
441
442
441
441
442
444
446
448
450
453
454
458
459
461
464
465
466
466
468
467
468
468
470
470
470
468
469
468
468
466
467
466
465
462
463
461
459
457
458
456
457
455
455
454
454
452
453
451
451
450
451
449
449
448
447
446
446
444
445
443
442
441
442
442
441
442
442
441
441
442
440
441
440
441
440
440
438
440
438
441
439
440
441
442
441
441
440
440
439
441
441
442
441
442
441
441
440
442
442
442
442
443
443
444
444
445
445
445
445
444
443
443
443
443
443
443
442
442
442
442
442
444
446
447
450
452
455
458
461
463
464
465
466
466
468
467
468
467
468
469
470
470
470
469
470
469
468
466
466
463
463
460
458
458
458
455
456
453
453
453
454
451
453
451
452
449
450
448
447
447
445
445
445
443
443
442
441
441
440
440
440
440
439
439
440
441
439
440
439
439
438
439
438
438
439
441
440
440
437
439
437
438
437
438
438
439
438
439
439
440
438
439
439
440
440
440
439
440
439
439
439
440
439
440
440
441
441
440
441
440
441
441
443
443
444
443
444
442
442
439
441
439
443
444
448
450
456
459
463
465
468
469
471
470
471
471
472
472
473
474
474
474
474
474
475
473
473
473
473
472
470
468
466
464
463
462
462
461
461
460
459
458
457
455
454
453
452
452
452
452
450
450
449
448
445
445
443
442
440
439
438
438
436
438
436
438
438
439
438
438
437
439
439
441
441
442
441
442
441
442
442
445
444
447
445
447
446
446
446
446
445
445
446
445
445
445
446
446
447
448
449
451
451
450
449
448
449
450
451
450
452
451
452
451
450
449
449
449
451
452
456
459
462
465
470
472
474
475
476
476
478
477
478
476
476
475
476
473
474
474
476
475
475
473
473
471
470
467
466
464
462
461
460
459
458
458
457
455
453
452
452
452
449
449
448
448
446
446
443
443
442
442
441
440
439
439
438
440
440
442
441
442
441
441
441
441
442
443
443
444
445
445
446
446
446
446
445
445
445
445
444
445
445
445
446
446
447
448
449
448
448
448
448
447
447
447
447
446
446
444
445
444
446
445
446
447
447
448
448
447
448
446
446
445
447
447
451
453
458
461
466
468
473
475
477
479
480
479
480
479
478
479
480
479
479
479
480
479
477
477
475
474
474
474
472
472
469
468
467
468
466
466
464
464
462
462
460
460
458
457
455
455
453
451
449
449
448
448
446
446
445
444
440
439
436
434
432
433
433
435
436
438
437
439
439
441
441
441
442
443
443
443
444
444
445
445
447
446
446
446
446
445
446
444
444
442
443
444
445
444
446
444
445
443
445
443
444
444
446
445
445
444
445
444
446
446
447
448
450
449
449
447
447
448
448
449
451
454
457
461
463
467
470
472
474
475
477
477
478
478
479
480
480
481
481
480
481
482
480
481
479
479
477
477
474
471
470
469
466
465
463
462
460
460
458
457
456
457
457
459
459
460
459
458
456
455
453
451
449
449
446
445
443
441
437
436
434
432
431
429
428
427
428
428
431
433
435
435
435
435
435
437
437
436
438
437
438
436
437
434
434
432
433
431
434
435
439
439
440
439
440
440
441
441
442
442
444
444
445
444
444
444
446
446
447
446
448
448
447
447
447
447
447
447
447
447
448
449
449
450
452
455
455
460
463
466
468
471
472
474
472
473
473
475
474
477
476
478
476
477
476
478
478
480
478
480
478
478
475
473
469
469
469
468
466
464
463
462
460
458
457
456
455
457
455
455
455
454
453
453
451
450
448
446
446
443
442
441
441
441
442
441
442
440
441
440
441
440
443
444
445
444
444
441
441
439
440
439
440
439
441
440
442
440
440
439
439
438
439
439
440
438
438
437
436
436
437
436
438
438
440
440
442
443
443
444
445
445
446
447
446
447
446
446
444
443
442
443
443
446
445
446
446
447
446
446
445
446
447
449
452
456
457
462
464
468
469
472
472
474
474
474
474
476
475
477
476
477
476
478
478
479
479
479
479
478
477
475
474
472
469
468
467
465
464
462
462
461
462
460
459
456
455
452
453
451
451
450
451
449
449
446
444
443
443
441
442
440
441
439
439
438
439
439
440
440
439
440
440
439
439
439
440
439
440
440
440
440
440
439
439
438
439
439
439
440
440
441
441
442
441
442
442
442
441
442
440
441
442
443
443
445
444
445
445
445
445
445
444
444
443
444
444
444
444
445
445
444
443
443
442
443
443
445
445
446
444
444
443
444
443
444
445
447
450
452
455
459
465
469
472
474
475
475
475
475
476
476
477
477
479
477
477
476
477
476
478
478
479
477
476
473
472
470
470
469
469
467
468
466
466
465
465
463
463
462
460
459
460
458
459
458
458
457
456
454
452
449
447
444
443
442
443
443
443
443
444
444
442
442
440
439
438
439
436
437
436
437
436
437
435
436
435
437
435
437
436
437
434
435
435
435
435
436
436
438
437
438
437
438
437
437
437
438
437
437
436
436
436
437
437
438
441
442
443
442
442
442
442
443
444
445
446
445
446
445
446
446
445
444
446
447
450
452
455
458
462
465
469
472
475
477
481
481
481
480
480
477
477
476
476
476
476
475
475
474
474
474
474
472
472
470
468
466
465
463
463
462
460
458
457
456
454
452
453
453
453
452
450
449
448
446
445
446
445
445
443
444
442
441
441
441
441
442
442
442
442
442
440
440
440
441
441
441
441
442
444
446
445
446
445
446
445
444
443
444
444
446
446
448
448
448
447
447
447
447
448
447
448
448
449
448
450
450
451
451
451
450
452
451
453
452
454
455
457
455
456
455
456
453
454
452
454
454
456
458
460
462
465
469
473
475
478
480
482
483
484
483
485
485
485
484
484
483
484
482
481
480
479
479
478
476
475
474
473
470
470
470
469
468
467
466
464
464
462
461
460
460
457
457
457
457
455
455
453
453
451
451
449
449
449
449
449
448
446
445
443
442
442
441
440
442
441
442
442
442
442
443
443
444
443
444
445
446
445
444
444
444
445
445
445
445
445
445
446
446
447
445
446
446
448
447
449
449
449
449
451
452
453
454
454
452
452
450
450
449
448
448
449
449
451
450
451
449
449
449
449
449
451
451
454
456
460
463
466
470
472
473
476
480
483
485
485
485
484
483
480
478
476
477
475
476
476
477
475
477
476
476
473
474
471
470
468
468
466
466
464
465
463
463
461
461
459
458
455
454
453
452
452
451
449
448
446
446
443
443
443
443
442
442
441
440
439
439
439
440
439
439
440
438
440
440
441
439
440
439
440
438
439
439
440
439
439
440
442
441
442
442
442
441
440
439
438
438
439
440
442
441
443
443
444
444
445
445
446
445
445
444
443
442
444
442
444
443
445
445
445
445
446
447
449
450
449
449
449
448
448
448
451
453
455
459
462
466
469
474
474
478
477
480
479
479
478
479
477
477
476
476
475
476
475
476
475
476
476
477
476
477
475
476
473
470
470
469
467
468
468
466
465
462
462
459
458
456
456
455
455
453
455
452
452
449
448
445
445
443
443
441
443
442
442
440
441
440
440
439
439
438
440
439
439
438
438
437
438
436
436
436
438
437
437
437
438
438
440
440
441
441
441
441
441
440
440
438
439
438
439
439
438
438
439
440
440
441
442
443
442
442
439
441
440
441
440
442
442
443
443
443
443
445
446
447
446
447
447
449
447
449
448
449
447
448
448
450
449
452
455
460
465
469
472
476
477
478
478
477
478
477
476
477
478
479
480
481
481
480
480
480
481
481
481
482
482
480
479
476
474
472
471
470
470
467
467
465
463
462
463
462
462
460
459
457
457
454
454
452
451
450
448
447
446
445
444
441
441
439
440
439
438
437
438
439
440
441
441
441
440
440
439
440
439
439
439
441
441
443
442
441
441
442
441
440
439
441
440
441
440
441
440
442
443
443
444
445
444
444
443
444
443
445
445
445
446
446
445
444
443
443
443
444
445
445
446
445
446
447
447
446
447
447
447
448
450
450
450
449
451
451
453
454
457
460
465
467
471
473
475
477
479
478
479
479
479
478
481
480
481
479
479
478
478
478
479
478
477
476
475
473
471
469
469
468
466
464
462
461
460
458
458
455
454
454
453
452
453
451
451
450
449
448
447
446
445
444
443
443
443
443
440
441
440
439
439
440
440
441
440
441
439
440
439
440
439
439
438
439
438
439
438
439
438
438
438
440
439
441
441
441
440
442
442
442
442
441
442
443
443
444
443
443
444
444
445
445
446
445
446
445
444
443
444
443
444
443
445
444
446
445
446
445
446
446
448
448
450
449
449
447
447
448
450
452
456
460
463
467
471
473
476
476
477
478
478
479
480
479
481
481
481
481
482
481
481
482
481
481
480
479
477
476
473
472
470
469
466
464
462
462
461
460
459
459
456
455
454
454
452
452
450
449
448
446
445
444
442
443
441
442
440
439
438
438
437
440
438
439
438
438
438
439
439
438
438
438
437
438
438
437
438
439
439
439
439
440
441
440
441
442
441
439
440
439
441
443
445
445
446
445
444
443
443
442
443
442
444
443
444
442
443
442
443
442
442
441
442
440
442
442
442
443
444
444
444
443
444
443
445
445
448
450
451
449
450
450
450
451
451
454
454
457
459
462
462
465
467
471
472
477
479
482
483
486
485
486
484
484
482
482
480
479
478
478
475
476
473
472
471
472
471
470
469
469
466
465
463
461
459
457
456
456
455
453
452
450
448
446
445
443
444
442
443
440
440
441
441
441
441
441
441
440
439
438
440
439
441
440
440
441
440
440
440
439
438
436
436
435
436
436
438
439
440
440
440
438
438
438
440
441
442
443
444
443
444
444
445
445
447
449
449
450
451
452
453
454
454
454
453
453
452
451
450
451
451
455
459
464
467
471
473
477
477
479
479
480
478
480
478
480
480
481
481
482
481
483
481
482
480
480
477
477
474
471
470
469
467
467
465
464
464
463
461
461
460
458
457
456
456
456
457
455
456
456
457
456
458
455
454
451
449
446
446
443
443
441
441
438
438
436
436
435
436
434
434
433
435
436
439
439
441
441
441
440
439
437
438
438
438
438
439
439
440
440
441
442
441
443
442
443
441
440
441
441
442
444
443
445
444
446
445
446
444
446
447
448
447
448
446
446
445
447
448
452
453
458
460
465
468
472
476
479
480
482
482
483
483
483
482
483
482
481
481
481
482
483
483
483
483
483
482
481
479
476
475
472
470
468
466
465
464
464
463
462
460
459
457
455
454
451
452
449
447
445
444
442
442
440
441
439
439
438
439
437
437
437
437
437
439
437
437
437
438
438
439
439
439
438
439
438
439
437
437
437
437
437
437
437
438
439
440
440
440
441
441
442
441
443
444
446
445
446
445
446
446
448
448
449
448
450
450
451
450
451
450
452
452
452
450
450
449
450
449
451
453
458
461
466
469
473
474
475
476
477
477
479
478
479
479
479
480
480
482
482
483
484
485
485
485
485
484
482
480
477
475
472
471
468
468
465
466
464
464
463
464
461
461
459
458
456
456
454
454
451
450
449
447
447
445
444
443
443
441
441
440
439
439
438
439
439
439
439
440
438
438
439
Loop stopped.
