Output started
30000
628
644
645
648
647
648
647
650
653
659
668
683
696
713
727
739
749
756
760
760
759
754
749
742
734
725
717
709
701
692
686
679
672
666
660
654
649
643
640
635
633
630
630
631
632
632
633
634
635
634
635
634
633
632
631
629
627
625
623
622
621
619
617
615
615
614
613
612
612
612
613
612
612
615
616
617
617
618
617
618
618
618
620
621
623
625
626
627
628
629
631
631
633
634
635
636
638
640
642
641
641
642
643
645
650
655
668
682
699
713
728
740
751
758
763
764
764
761
755
750
745
736
728
721
712
706
699
692
686
680
672
666
660
654
648
644
638
636
633
633
633
633
632
633
633
634
633
633
633
632
631
629
627
625
623
622
621
620
618
617
616
614
614
614
614
616
617
615
616
616
617
617
617
618
619
620
621
619
621
622
623
624
627
627
628
628
631
632
633
634
637
637
640
641
642
642
643
643
643
645
645
646
647
650
654
660
671
683
699
715
729
744
753
763
767
770
770
769
762
757
749
743
732
726
718
712
705
699
692
687
680
676
670
664
659
655
651
649
646
644
641
640
640
640
640
639
638
639
638
636
636
634
633
630
629
626
625
624
622
620
621
619
620
617
618
617
617
617
616
616
618
617
619
619
619
619
621
621
623
623
624
625
625
628
628
629
631
631
632
634
635
638
639
641
641
642
641
642
641
642
641
643
644
646
650
658
668
681
693
708
723
735
746
755
759
761
761
759
757
752
746
738
731
723
716
710
702
697
691
684
678
671
666
660
655
650
647
645
643
642
642
642
642
642
644
645
646
644
643
643
642
639
637
634
632
631
629
627
625
624
622
621
620
620
619
618
618
618
617
618
617
618
617
618
618
618
618
619
618
620
620
622
623
624
624
623
624
625
628
629
630
632
637
636
639
640
642
641
643
643
644
644
647
651
658
666
679
693
708
721
736
744
755
759
763
763
762
757
751
744
736
726
718
710
703
696
689
682
675
669
662
657
652
647
644
642
640
640
640
640
640
642
643
645
643
645
643
643
640
639
637
637
633
633
630
630
627
626
624
625
622
621
620
619
618
618
617
617
616
617
617
618
617
617
618
619
620
622
625
625
627
628
630
630
633
634
637
636
638
638
640
639
641
640
643
645
646
644
645
644
646
647
651
656
667
680
698
715
732
748
762
772
779
784
785
784
780
774
767
758
749
739
730
721
713
705
698
692
684
678
670
665
658
655
650
647
644
644
642
642
641
642
642
642
641
641
638
637
635
633
629
627
625
623
621
619
616
615
613
610
609
608
608
607
608
608
609
607
607
605
606
606
607
609
610
611
612
614
615
616
616
618
620
621
622
624
625
626
628
629
630
631
632
632
633
634
634
635
635
637
640
643
651
661
675
692
712
730
747
761
773
782
788
789
788
783
778
770
761
750
741
731
722
713
706
696
689
681
674
665
658
651
646
639
636
632
631
629
628
627
627
627
627
627
627
627
627
625
624
621
619
617
614
613
612
611
609
607
606
605
602
601
600
600
599
599
598
599
598
600
598
601
601
603
603
604
604
605
606
608
609
611
612
613
613
616
615
618
619
620
620
621
623
625
626
627
628
628
630
632
636
641
650
664
682
701
722
741
758
771
781
787
792
790
789
781
773
763
754
741
733
722
714
705
699
690
682
674
667
659
652
644
637
633
629
626
624
623
623
622
624
626
627
628
627
625
623
621
618
617
614
612
608
605
602
600
596
595
593
593
590
590
589
590
590
591
591
592
592
594
594
595
595
598
599
600
600
601
605
607
608
610
611
612
614
616
619
620
622
623
626
626
627
628
629
629
630
630
631
632
634
636
642
649
662
678
698
717
737
753
766
776
783
786
784
781
775
767
757
747
737
728
720
711
703
694
688
681
673
665
659
651
644
637
632
627
624
623
621
621
621
622
623
623
622
622
622
620
620
618
616
612
610
606
606
604
602
601
600
598
598
597
597
597
597
597
597
597
598
598
601
602
602
603
604
604
605
605
607
609
610
611
614
617
618
620
620
623
623
625
625
627
627
628
630
631
631
632
632
632
632
633
635
640
649
662
676
695
713
729
742
753
760
764
766
764
760
754
746
737
727
718
709
700
694
686
679
672
666
658
652
645
640
634
632
628
629
627
628
628
630
630
633
632
633
631
632
631
630
628
628
626
624
621
618
616
615
613
612
611
610
610
610
608
609
610
610
611
612
612
613
614
613
614
613
615
616
617
618
620
621
623
623
626
627
629
629
630
631
632
632
634
634
636
637
637
636
636
635
635
635
637
642
650
662
673
690
705
719
732
742
750
753
754
753
749
745
737
728
719
712
703
697
689
685
676
671
664
660
655
651
646
645
642
642
640
640
640
640
641
642
643
644
644
643
643
641
640
639
636
634
632
630
629
627
626
624
625
624
624
624
624
624
625
625
623
623
622
622
623
623
624
625
626
627
628
629
631
631
632
632
634
635
635
637
639
641
642
643
644
645
646
647
648
646
647
648
648
650
651
654
658
667
678
691
705
717
730
738
745
748
750
750
747
744
738
731
724
717
710
703
698
692
686
680
676
670
667
662
658
654
652
648
648
647
647
646
647
648
650
649
651
649
648
649
647
647
645
644
642
641
639
638
636
634
633
632
629
630
628
629
626
626
624
625
625
626
627
628
628
630
629
629
630
630
629
632
634
637
636
639
639
640
640
642
643
644
644
644
645
645
646
648
649
648
650
650
651
653
656
662
670
678
690
701
713
724
735
743
749
751
755
753
752
747
744
738
733
725
720
714
709
703
698
692
687
682
677
672
667
663
660
657
655
653
652
652
653
653
653
654
652
652
651
651
649
648
645
643
642
641
638
637
634
634
633
632
630
630
629
629
628
628
628
629
628
628
629
629
629
630
631
632
632
632
635
636
636
636
637
638
640
640
642
642
643
643
645
645
645
645
646
646
646
645
646
646
648
649
653
657
666
676
688
701
715
728
738
748
754
759
762
762
759
755
751
746
740
733
727
722
717
711
706
701
695
689
684
678
673
669
663
660
657
654
653
652
652
652
651
650
649
650
650
648
646
644
642
640
638
636
634
631
629
626
625
624
623
623
622
620
620
619
619
619
619
619
619
619
620
620
621
622
622
624
624
626
626
628
628
630
630
632
632
633
635
635
636
637
637
637
637
638
637
638
636
638
638
640
641
647
652
662
673
688
704
720
735
749
760
767
772
774
772
769
764
758
752
744
736
729
723
716
710
702
697
689
683
675
669
662
658
652
650
647
647
645
644
643
645
644
645
643
643
642
640
636
633
630
628
625
624
620
617
616
615
613
612
611
609
608
608
608
607
608
606
608
607
607
607
608
607
608
607
609
609
611
611
614
614
617
617
619
619
620
621
623
624
625
626
628
629
631
631
631
632
631
631
633
634
637
645
655
670
687
706
724
741
754
764
771
775
773
770
763
757
747
738
727
718
708
699
692
684
676
668
661
654
648
642
638
635
633
631
630
630
630
631
633
635
635
635
635
636
634
630
628
626
623
622
620
617
615
611
610
607
606
605
604
603
601
601
600
599
599
600
601
600
601
602
602
603
604
605
606
607
609
611
613
616
617
619
621
621
621
622
622
623
624
624
626
627
629
630
630
630
630
632
633
635
640
648
661
679
699
719
738
754
767
777
783
785
783
778
772
762
752
740
731
720
710
700
691
683
675
667
661
654
647
641
636
634
630
627
625
625
626
627
627
628
629
628
627
626
624
624
621
620
618
618
615
614
611
609
605
604
602
602
601
600
598
598
597
597
596
598
598
599
598
599
599
601
600
602
602
604
605
606
608
609
611
615
617
619
621
622
623
623
623
625
626
627
628
629
631
630
631
631
635
637
646
657
674
692
713
730
746
759
770
775
778
775
772
766
758
749
740
729
720
711
702
693
686
679
672
665
658
651
644
639
633
630
626
624
622
622
622
622
622
623
622
623
622
621
619
618
616
614
611
610
608
607
604
603
599
599
597
597
595
597
597
598
598
599
598
599
600
601
604
604
605
605
606
606
609
609
611
612
615
617
619
621
622
623
624
625
626
626
628
628
629
628
630
630
631
631
632
633
635
637
643
651
665
680
698
713
730
743
754
760
765
766
765
760
754
746
737
729
721
713
706
699
693
686
679
673
666
661
653
648
643
639
636
632
630
629
628
628
629
630
631
631
630
629
627
625
624
622
622
620
618
615
614
612
610
608
607
606
605
604
604
604
605
606
607
607
608
609
609
610
611
613
613
613
613
616
617
619
619
620
622
623
624
625
626
627
627
629
630
631
630
632
632
635
633
634
634
636
637
640
644
650
658
671
684
699
714
726
738
746
751
753
754
752
748
742
736
727
720
713
707
701
696
689
683
676
672
665
660
655
651
647
645
643
641
638
639
639
640
641
641
640
642
640
641
638
638
635
634
631
628
626
624
622
621
619
617
617
616
616
614
615
613
613
612
614
613
614
614
615
615
617
617
618
618
620
622
623
624
626
626
630
629
631
632
635
635
637
638
640
641
642
643
642
643
644
643
645
644
647
650
655
663
674
688
701
715
724
734
739
743
742
741
738
733
726
721
711
705
697
692
685
681
674
670
664
660
655
653
649
645
642
640
640
642
643
646
646
647
647
648
648
646
645
644
643
641
641
639
638
636
635
634
633
632
630
629
629
627
628
628
628
627
627
627
628
627
629
627
628
628
629
629
631
631
632
634
634
635
636
638
639
639
641
642
643
644
644
643
645
647
646
647
647
649
650
650
650
654
659
667
677
690
702
717
728
739
748
752
755
755
754
751
744
738
731
723
717
709
704
698
694
689
683
678
673
669
665
661
658
654
652
651
651
651
651
651
652
651
651
651
650
649
647
646
643
642
638
637
636
635
634
633
631
630
628
627
624
625
624
624
623
624
624
624
623
624
623
625
625
626
626
628
628
631
631
632
633
635
636
635
636
638
639
639
639
640
640
641
642
643
643
644
645
646
648
651
658
666
678
691
708
720
737
747
758
764
769
768
767
764
760
754
747
741
734
724
719
711
706
699
694
687
682
676
670
665
659
655
651
648
646
646
646
647
647
648
648
647
645
644
641
640
637
636
633
630
627
626
622
622
620
617
614
615
613
613
611
611
609
611
610
610
611
610
612
612
614
615
615
617
618
619
619
620
621
623
625
627
629
630
631
631
630
630
631
630
633
632
634
633
634
634
636
638
644
650
664
679
697
715
732
748
761
771
778
779
781
777
772
764
756
746
738
730
721
715
707
701
693
687
680
673
666
660
654
649
644
641
638
633
633
632
632
633
634
633
631
629
628
626
623
621
618
615
612
609
606
604
601
600
598
597
596
597
596
596
596
597
596
596
596
598
599
599
600
601
603
603
605
605
607
608
610
611
615
617
619
620
621
622
623
624
624
625
625
626
626
626
626
626
626
627
630
634
641
653
668
687
704
724
739
753
765
771
773
772
771
765
757
748
739
730
721
713
705
698
691
684
677
669
662
655
648
643
637
633
629
625
624
623
624
622
623
622
623
621
620
619
619
616
616
613
611
610
608
605
603
600
600
598
598
596
595
594
593
593
593
594
593
594
595
596
597
599
600
602
604
605
605
607
606
609
612
615
615
617
617
619
619
621
621
622
623
624
624
626
625
628
628
630
630
630
631
635
641
653
666
684
701
718
733
743
752
755
758
756
752
747
741
730
721
711
703
694
687
679
673
664
658
651
646
639
635
629
627
623
623
620
622
622
625
627
629
629
629
629
629
627
627
625
622
619
618
615
613
611
610
607
606
605
604
604
603
604
603
604
602
604
602
602
600
603
604
607
608
611
613
617
618
621
621
623
625
627
628
629
629
632
632
635
636
637
638
639
640
640
641
641
642
641
642
643
647
652
662
676
692
708
723
736
747
754
759
759
758
753
748
740
733
724
715
706
700
692
686
679
673
667
661
655
650
643
640
636
634
632
631
631
632
633
634
634
635
635
635
634
633
633
632
632
630
629
626
624
621
621
618
617
616
614
613
612
612
611
610
608
610
611
613
614
615
617
618
620
620
622
623
625
625
626
627
628
630
631
633
634
635
636
637
638
639
640
641
643
644
645
645
647
647
649
651
656
664
677
690
707
722
736
747
755
760
763
762
760
754
749
739
731
721
714
705
698
690
684
677
672
664
659
654
649
644
641
637
636
633
633
633
634
634
635
637
636
636
636
636
634
634
633
631
630
628
625
624
621
622
619
619
616
617
616
617
617
618
618
618
618
619
617
620
618
620
620
622
621
624
625
627
628
629
629
630
631
631
633
634
635
636
637
638
640
641
643
643
644
644
645
645
648
648
654
657
666
677
694
708
724
736
748
755
761
761
763
759
757
751
745
736
729
720
713
707
698
693
688
680
675
670
663
658
655
651
647
644
641
640
639
639
638
639
638
639
637
638
637
638
636
637
635
634
632
631
629
626
624
624
622
622
621
620
619
620
620
620
620
620
620
621
621
622
623
623
623
624
624
625
626
627
629
629
630
631
632
633
635
636
637
636
637
638
639
639
640
639
640
641
642
643
646
650
658
667
680
694
710
725
739
750
759
765
768
768
766
762
757
751
744
736
728
721
715
708
703
696
690
684
677
672
665
Loop stopped.
