Output started
30000
616
622
623
623
623
623
623
621
619
617
616
614
611
609
608
606
605
603
602
601
599
597
596
594
594
593
592
591
590
588
589
588
589
589
590
591
592
592
593
594
595
595
596
596
597
599
600
601
602
605
610
617
624
631
639
649
657
663
669
675
679
681
683
683
681
678
674
671
665
659
656
650
646
640
637
632
630
626
625
622
620
618
618
617
615
614
615
614
615
616
615
615
614
612
611
610
607
606
605
603
601
601
600
600
598
598
596
596
595
596
595
596
595
597
597
599
599
600
600
601
601
602
601
601
601
601
600
601
602
603
603
603
604
608
612
619
627
636
645
655
664
672
680
684
688
690
690
688
687
683
681
676
671
665
661
655
651
645
643
638
635
630
629
624
622
619
618
616
616
615
615
616
616
616
615
614
612
611
610
607
606
604
603
601
600
599
599
597
597
597
596
597
596
597
595
595
595
596
596
596
597
598
597
597
598
598
598
598
597
598
598
599
600
600
601
602
602
604
605
611
615
622
630
639
647
656
665
673
678
684
688
691
692
691
689
686
681
677
671
667
661
657
653
648
645
641
636
633
629
627
625
624
622
621
621
619
620
618
617
617
617
616
614
613
612
611
609
607
605
603
602
601
601
598
597
595
595
595
594
593
592
591
591
590
590
590
590
590
589
589
590
590
590
591
591
592
593
594
595
595
595
595
596
597
597
599
599
600
601
604
605
609
613
620
628
639
647
657
666
676
682
689
693
696
696
698
695
693
689
687
682
678
671
666
661
657
653
649
645
641
636
632
630
626
624
621
619
618
617
617
616
615
615
613
613
612
611
609
607
604
603
601
600
599
598
596
597
597
596
595
596
595
595
594
594
594
593
593
593
592
590
590
589
588
588
588
588
589
590
589
591
592
594
595
595
597
596
597
598
598
598
598
599
600
599
600
602
604
610
617
626
635
646
655
664
675
683
689
695
698
700
702
700
699
696
692
687
682
676
672
667
663
658
654
650
648
643
640
636
635
633
632
630
629
627
627
625
623
620
619
617
617
614
612
611
610
607
605
603
602
599
597
595
594
593
592
591
590
589
588
589
588
589
589
588
587
588
587
588
588
590
589
591
591
594
594
596
597
599
600
602
601
602
601
602
602
602
602
603
603
605
604
604
605
606
610
617
625
634
643
653
663
672
679
687
694
698
700
699
698
695
693
688
682
675
669
665
660
653
649
644
640
636
633
630
628
626
625
623
623
623
622
621
620
619
619
618
616
614
614
611
611
610
608
607
606
604
602
601
598
597
597
596
594
593
593
592
593
593
593
593
595
594
594
595
596
597
597
598
598
598
598
598
599
600
599
600
601
601
602
603
604
605
606
606
606
607
607
610
616
625
635
646
657
669
678
687
692
700
702
703
702
701
698
694
691
686
680
673
667
661
655
651
647
643
640
637
633
630
627
626
624
623
623
622
621
619
619
618
617
615
616
614
614
611
610
607
606
602
601
598
597
595
594
592
592
589
588
586
585
583
584
583
584
583
584
585
586
586
587
588
589
589
590
590
592
592
592
592
592
592
594
594
594
595
595
597
597
597
599
603
608
617
626
636
647
658
668
679
688
696
701
704
704
704
701
698
693
689
685
680
674
670
664
659
654
649
645
641
637
634
630
626
624
621
620
618
618
616
615
614
614
613
612
611
608
606
605
602
599
597
594
592
590
589
587
586
585
584
583
581
580
578
578
576
575
575
576
575
576
576
577
580
580
581
583
583
585
586
587
588
590
590
590
591
592
592
593
594
596
596
598
599
602
608
618
629
641
653
667
678
689
698
706
712
714
715
714
711
707
701
695
688
682
678
670
665
659
655
649
643
638
634
628
625
619
618
616
614
611
611
609
608
607
607
603
603
600
598
595
594
591
587
584
580
577
576
575
575
573
573
571
570
570
570
569
568
567
568
569
569
570
570
571
573
574
575
578
578
579
578
579
579
580
581
582
583
586
589
595
602
613
624
638
650
665
677
688
696
704
708
710
710
708
705
700
695
688
681
673
667
660
653
646
639
632
626
621
617
613
609
607
606
603
602
601
600
598
598
597
595
593
591
588
588
586
584
581
579
578
577
575
574
572
571
569
569
568
567
566
565
565
566
565
566
568
569
569
571
572
574
575
575
577
578
577
577
578
579
579
579
581
582
584
591
598
608
620
636
650
665
679
691
700
706
710
710
709
706
702
696
689
682
674
666
659
652
646
640
635
629
623
617
613
608
605
601
599
597
597
596
595
595
594
592
591
591
590
588
587
585
583
580
577
577
575
573
572
570
569
568
567
565
564
564
563
565
563
564
564
566
567
569
571
572
572
573
574
574
574
577
577
578
578
579
580
583
581
584
586
588
590
595
602
613
625
641
656
671
685
698
709
716
720
721
719
716
711
705
697
690
683
674
668
660
652
645
636
628
622
617
612
608
604
602
600
597
596
595
595
595
594
593
592
591
590
589
588
587
586
584
582
580
578
576
575
574
572
570
570
569
570
570
572
571
574
574
575
575
574
574
574
572
572
571
573
573
574
575
576
577
578
580
581
581
582
583
584
585
585
588
592
600
610
624
640
656
671
686
698
710
717
721
721
720
716
712
704
699
689
682
673
667
657
650
642
635
627
623
617
614
610
607
603
601
598
597
595
595
593
594
592
593
593
593
593
591
589
587
585
582
579
578
575
572
570
568
568
565
565
562
563
562
562
562
564
564
565
567
568
569
571
571
572
572
573
575
576
576
577
577
578
579
580
580
581
582
582
585
591
600
613
627
643
660
677
692
705
714
720
724
726
725
721
717
711
705
696
689
681
674
668
660
652
644
638
632
627
621
616
612
608
605
602
600
598
597
596
595
592
592
592
590
587
586
582
579
576
574
571
569
567
565
563
563
562
562
561
561
560
561
560
560
559
559
559
559
560
560
561
562
563
564
564
565
568
568
569
571
572
572
573
574
576
576
579
581
583
585
592
602
617
633
650
666
682
695
708
716
724
727
730
727
723
717
712
706
698
689
681
673
667
660
653
644
636
627
622
616
611
606
603
599
596
594
591
590
588
586
585
584
581
580
578
577
575
574
571
568
566
564
561
559
558
558
556
556
554
554
552
554
553
554
553
554
553
553
554
555
555
556
558
561
562
566
568
570
572
573
574
575
576
576
578
578
579
580
581
583
584
586
591
596
606
617
633
649
666
683
699
712
724
732
737
739
739
736
732
727
722
714
706
698
690
682
673
664
658
651
643
636
630
624
620
615
611
608
606
603
600
600
598
596
594
592
592
590
587
584
583
581
579
577
576
573
570
569
566
565
564
562
560
560
558
556
556
555
556
557
558
560
559
561
561
562
564
566
566
568
568
569
568
571
572
575
575
577
577
578
577
578
578
580
582
583
584
587
589
593
600
611
625
641
658
675
692
707
721
730
737
741
741
739
737
732
724
716
709
699
692
682
675
665
658
650
644
637
631
625
621
617
615
612
610
609
608
606
605
602
600
599
596
594
592
589
586
583
579
576
573
570
568
567
567
565
564
563
562
561
561
561
560
561
561
561
561
562
561
562
563
565
565
567
568
569
570
572
573
575
578
580
582
583
585
587
588
592
591
594
593
593
593
593
592
593
593
599
607
622
638
655
672
688
702
713
721
727
731
731
729
725
719
712
704
695
685
676
668
660
654
646
639
631
624
618
613
608
605
604
603
603
603
603
604
604
604
604
604
603
603
600
599
597
596
593
591
587
587
585
584
582
581
578
579
577
576
574
573
572
572
572
572
571
572
573
574
574
575
576
577
579
581
582
585
586
586
586
587
587
588
589
590
591
592
593
594
595
595
599
600
606
615
627
640
657
672
688
701
714
723
730
733
733
730
728
722
716
708
701
693
687
680
671
663
655
648
642
636
630
626
621
617
614
610
609
608
607
608
607
608
607
607
606
604
602
600
597
594
591
589
586
585
583
580
579
577
576
573
572
571
569
567
566
566
567
566
566
566
567
568
567
569
571
573
574
576
577
578
580
581
582
582
582
583
584
586
586
587
588
590
593
598
607
619
633
649
664
679
694
707
718
727
733
737
739
736
734
729
724
717
708
699
691
682
673
664
657
648
643
635
630
624
620
615
612
608
606
604
603
602
601
601
600
598
597
595
593
590
588
585
584
582
579
576
574
572
572
570
569
568
567
567
565
565
564
564
563
564
563
564
564
564
565
567
567
570
569
572
573
575
576
579
579
580
580
580
581
582
584
586
590
593
595
600
607
616
628
641
655
669
684
697
709
718
724
728
730
730
727
724
718
713
706
698
690
683
676
668
662
655
648
642
636
630
626
621
619
614
613
611
610
608
606
604
603
601
599
596
594
591
589
584
583
579
576
574
572
569
568
565
563
562
561
560
559
559
558
558
559
559
560
561
563
564
565
566
567
567
569
570
572
575
576
577
578
578
579
580
579
580
580
582
582
584
585
587
588
590
592
599
606
619
633
649
664
681
695
709
718
726
730
734
732
730
726
721
714
708
700
693
686
679
672
664
657
649
641
636
629
624
619
616
613
610
607
605
604
602
601
599
597
595
593
591
589
587
585
582
579
575
573
570
569
567
566
565
563
562
562
560
561
559
560
558
559
558
558
558
561
563
564
565
567
567
569
569
570
571
571
571
571
572
574
576
576
578
579
580
582
584
585
586
587
588
588
590
594
602
612
626
640
656
671
686
697
709
716
720
720
720
718
714
707
700
692
684
675
669
661
656
650
646
639
635
631
628
624
621
617
614
611
609
607
605
602
601
599
597
594
593
591
587
584
581
577
575
573
571
570
569
569
567
566
566
566
565
565
564
563
563
561
559
559
560
562
563
566
567
570
570
572
574
578
580
583
584
585
587
591
593
596
597
598
598
598
597
597
597
599
603
611
621
636
651
667
680
692
703
710
716
719
721
719
718
713
708
700
692
683
676
669
662
655
648
641
636
630
626
621
619
614
612
609
609
607
607
606
605
605
603
601
598
596
593
591
587
584
582
579
578
575
573
572
571
569
568
568
567
567
566
566
566
566
564
565
564
564
564
565
566
568
569
571
572
574
576
576
578
579
579
581
582
583
583
585
586
588
589
592
594
600
607
618
631
646
661
676
688
700
711
719
723
725
723
720
716
711
704
698
692
686
679
674
666
660
652
647
640
635
630
627
623
618
615
611
609
607
605
604
603
600
598
596
594
591
589
586
582
577
574
570
569
566
566
565
564
563
562
562
561
560
561
561
562
562
562
562
563
564
565
567
569
572
574
576
578
580
581
582
583
585
585
586
585
586
588
588
589
592
591
594
596
600
604
614
625
638
651
666
679
692
702
710
717
721
721
721
718
716
710
705
698
693
685
679
672
665
658
651
645
640
634
629
625
621
618
616
614
610
607
606
604
602
601
600
599
597
596
593
591
590
587
585
583
581
582
581
580
578
577
575
574
572
571
569
568
567
567
566
568
568
568
567
568
567
570
571
574
574
577
579
581
582
583
586
588
590
591
591
591
592
593
593
594
595
597
598
601
604
610
618
629
642
656
672
686
699
710
718
724
728
728
727
724
722
717
713
707
701
693
687
679
674
666
660
654
648
643
640
633
630
624
622
619
618
616
616
613
614
613
614
612
611
609
606
602
600
597
594
590
588
585
583
579
578
576
574
573
573
572
572
572
571
572
572
573
574
575
574
575
575
578
577
579
579
581
581
584
583
585
585
587
587
588
589
590
591
592
592
594
595
598
599
602
605
608
614
622
632
645
659
672
686
698
707
715
719
723
724
724
722
717
712
707
702
695
687
681
674
669
664
657
653
647
643
638
634
630
626
624
622
621
621
618
617
615
613
610
610
608
607
606
604
602
600
596
596
592
592
590
588
587
585
584
582
580
579
577
576
576
576
577
577
578
579
579
579
581
581
583
584
585
587
587
589
590
593
594
594
595
596
597
598
600
602
605
605
606
607
609
612
618
626
637
648
662
674
686
696
706
712
717
718
718
716
713
709
703
697
690
683
678
671
665
659
654
650
646
642
638
635
631
629
626
626
625
625
623
623
621
620
619
621
619
619
617
617
614
612
609
608
606
605
602
601
598
597
594
593
590
589
587
586
585
586
586
586
585
587
587
588
588
589
591
592
593
594
594
596
596
597
598
599
601
603
604
604
605
606
607
611
616
623
634
645
657
670
683
696
706
714
721
724
727
726
724
720
715
709
704
697
693
687
683
678
671
664
659
652
648
644
641
637
633
629
627
623
621
618
617
614
613
612
611
609
608
605
603
601
601
598
596
593
590
588
586
585
584
583
583
582
581
580
580
579
580
580
580
582
583
584
583
585
584
586
587
588
588
590
591
592
593
595
596
599
599
601
601
604
607
612
618
629
640
652
664
678
690
700
708
715
720
722
723
723
719
714
710
705
700
695
689
682
678
672
666
660
655
649
645
640
637
633
630
627
625
625
623
621
620
617
617
615
613
612
610
607
605
601
599
597
594
591
588
586
585
582
581
579
578
578
576
577
575
575
575
575
576
576
577
577
579
580
580
582
584
585
586
588
588
588
589
590
589
590
591
591
592
594
595
598
602
608
617
627
638
652
665
678
689
699
708
714
717
719
719
718
714
712
Loop stopped.
