Output started
30000
473
459
454
453
452
451
449
448
445
444
441
441
440
441
439
439
437
438
438
438
437
437
434
434
433
434
433
432
431
430
427
426
425
425
424
425
425
422
422
421
419
419
418
419
419
419
419
420
421
420
420
420
420
419
420
419
420
420
422
421
422
420
423
423
424
424
426
424
424
423
425
425
428
426
427
425
426
425
426
426
429
429
431
431
432
434
439
443
451
456
462
466
472
476
479
484
486
488
488
488
488
485
482
481
476
475
475
474
472
470
466
463
458
457
455
455
453
453
449
447
444
443
441
439
436
436
434
437
437
437
435
434
431
431
430
429
428
428
426
425
424
423
421
420
419
418
415
415
413
413
414
416
416
415
414
414
415
416
419
419
420
419
419
418
420
420
422
422
423
421
421
420
421
421
424
424
426
425
427
426
427
426
426
424
426
428
430
429
430
428
430
431
435
439
445
450
455
461
468
473
479
482
484
486
488
488
488
487
484
481
479
478
476
474
471
469
465
462
458
458
454
453
448
447
444
444
442
442
439
438
435
436
435
436
435
437
435
433
430
431
429
430
429
430
427
428
427
425
423
421
420
421
420
420
418
417
416
416
417
417
417
416
416
416
417
418
418
418
419
420
421
420
421
420
422
421
423
421
423
424
426
425
426
425
427
426
427
426
427
426
428
428
430
430
431
430
431
432
434
438
443
448
455
459
465
469
475
480
485
486
487
486
484
483
480
478
475
474
472
470
467
465
461
459
456
454
453
452
449
449
446
444
441
441
439
439
438
438
437
438
437
438
436
436
435
435
435
434
432
430
428
427
426
427
426
425
423
423
420
421
421
422
423
423
422
421
419
419
419
421
422
422
423
421
421
421
423
424
424
423
424
425
426
426
428
427
427
426
428
428
429
428
430
428
429
430
431
431
433
433
433
432
435
439
444
449
455
461
467
470
475
477
479
481
483
481
481
480
478
475
471
468
466
464
464
461
458
457
454
451
449
450
447
447
445
444
442
443
440
441
441
442
441
442
440
441
439
440
440
440
438
437
435
434
432
434
433
434
432
431
429
430
429
430
429
428
429
429
430
428
429
428
428
428
428
428
428
428
429
430
431
430
432
430
430
429
430
431
433
432
434
433
434
433
434
434
434
433
434
437
441
444
450
454
459
461
466
468
471
473
475
476
476
475
474
470
468
466
464
462
462
460
459
456
453
451
449
447
446
445
444
441
440
439
437
438
438
439
440
442
441
440
439
439
440
441
438
439
436
435
434
433
433
434
433
432
429
429
426
428
427
428
427
429
426
426
426
427
427
428
428
428
427
428
428
431
432
432
433
432
430
430
430
431
433
436
438
439
439
438
439
438
441
445
450
453
458
461
465
466
470
471
473
473
475
472
470
468
466
463
463
462
462
460
461
459
459
456
454
452
451
448
448
446
447
445
445
443
442
443
442
441
442
440
440
439
437
437
436
436
435
435
434
435
432
432
431
432
431
432
431
432
430
431
428
427
425
427
427
430
430
432
431
432
431
430
429
430
431
433
434
434
432
431
429
430
431
434
434
434
433
433
433
436
437
441
444
448
452
456
460
461
463
466
468
471
474
474
475
475
475
472
470
465
465
460
460
458
458
457
456
452
451
448
448
446
447
445
445
443
441
439
439
439
441
440
440
439
437
435
435
434
435
435
435
433
432
430
429
429
429
429
430
430
431
431
430
428
426
427
427
428
426
427
427
428
428
428
427
427
427
429
428
431
432
434
432
432
430
430
429
430
429
432
432
434
435
436
435
437
436
439
441
446
450
457
461
465
467
468
467
469
469
470
469
467
466
465
465
465
465
464
463
462
460
457
456
453
453
453
454
453
452
447
445
442
442
441
442
441
443
441
442
441
442
440
439
437
437
436
438
437
437
436
436
434
433
432
433
431
432
430
430
430
430
429
430
429
429
429
429
428
429
429
429
429
429
430
428
428
428
429
429
431
431
433
431
433
433
435
434
435
433
435
435
434
433
435
434
435
433
435
436
439
441
446
448
452
454
458
461
465
470
474
474
476
476
475
474
473
471
470
468
468
465
465
464
463
462
459
458
456
455
455
454
452
450
448
447
444
446
446
448
446
445
443
442
440
440
436
437
434
433
432
431
429
429
429
430
431
433
433
434
432
432
430
429
429
430
430
430
429
430
429
429
427
425
424
424
425
427
428
430
431
431
430
430
430
429
431
432
433
432
435
433
434
433
433
432
433
432
432
433
436
435
436
434
434
433
436
438
443
446
451
455
460
462
466
469
473
474
476
476
477
478
479
478
478
476
477
474
472
469
466
465
464
462
461
460
458
456
454
452
449
448
446
445
444
446
444
444
441
440
438
438
434
432
430
430
428
428
425
425
423
423
421
423
423
425
425
425
423
423
422
423
424
425
425
424
423
425
425
427
427
429
430
430
429
427
427
427
426
425
426
426
428
429
428
427
427
426
428
427
429
430
432
430
430
428
429
429
432
431
432
432
432
432
435
434
436
436
439
442
447
453
462
467
471
473
477
480
483
485
486
485
482
478
476
474
474
474
474
473
473
471
469
468
465
464
460
459
456
453
451
448
444
444
442
444
444
445
444
442
439
438
438
440
439
439
435
434
432
431
430
430
432
430
427
426
424
424
424
425
426
428
426
424
422
419
418
418
418
418
420
422
422
422
422
422
423
424
426
425
424
424
426
425
427
427
427
424
425
424
426
427
429
428
430
428
429
428
430
430
431
431
431
430
431
430
435
437
444
448
453
455
460
465
472
477
481
484
485
484
484
482
481
480
478
475
471
468
466
465
465
464
461
458
455
453
452
452
450
449
445
444
443
443
440
441
439
439
438
440
439
442
439
440
437
436
434
434
434
432
429
430
428
427
427
426
425
423
423
423
422
424
423
423
423
424
423
423
423
423
423
425
426
426
426
426
427
427
428
429
430
430
431
429
431
427
429
430
431
430
432
431
430
429
431
431
431
430
431
430
433
434
436
436
437
437
440
444
449
454
459
461
465
468
471
474
479
482
484
484
483
480
477
474
473
472
472
471
468
465
464
462
459
459
458
457
454
450
447
447
446
446
445
446
444
445
443
443
441
442
440
439
438
439
438
438
436
435
434
433
432
431
430
431
430
430
429
428
427
427
428
428
427
427
426
426
426
426
427
427
427
427
427
427
427
427
428
428
429
428
429
429
430
429
432
432
432
430
430
429
429
429
433
433
435
434
435
433
434
435
439
443
449
453
456
459
465
468
474
475
480
480
481
479
478
476
475
474
471
468
466
464
464
462
459
457
455
454
450
452
450
449
447
447
445
446
445
444
442
442
440
441
440
441
440
439
438
440
437
438
434
435
435
435
433
433
432
433
432
432
430
428
426
427
428
430
430
432
431
430
426
426
427
427
429
431
434
433
433
431
431
432
432
433
435
435
436
435
434
433
434
433
436
435
437
435
436
435
435
436
438
440
444
447
453
457
463
467
474
477
480
480
479
477
477
477
476
474
473
472
471
468
466
463
460
458
455
452
449
447
444
443
443
444
445
446
447
447
447
448
447
447
445
446
444
443
442
443
441
441
440
441
439
439
436
435
432
432
431
432
432
433
431
430
428
428
427
429
431
434
435
436
433
433
431
431
430
429
428
431
431
431
429
428
428
429
431
433
437
439
440
439
437
436
436
438
442
447
453
456
461
464
467
469
471
472
474
475
477
476
476
474
472
469
466
462
463
461
461
458
457
455
453
451
450
449
450
449
448
446
444
442
443
445
446
446
447
445
443
442
442
443
440
438
435
433
430
431
433
435
434
432
428
428
428
431
432
435
434
435
432
433
431
433
432
432
432
432
431
431
430
432
433
434
434
434
433
434
434
435
436
437
439
438
436
435
435
437
440
443
448
452
457
462
468
473
478
479
482
484
485
483
484
480
477
474
472
469
470
467
465
462
460
457
458
456
457
455
453
449
447
443
442
443
444
443
442
440
439
439
440
439
438
436
435
434
435
434
434
434
432
430
429
426
424
424
424
424
425
425
424
424
423
423
422
424
423
424
425
427
427
427
426
428
427
429
428
430
429
429
428
428
428
430
429
432
432
433
431
431
432
435
439
446
453
460
464
469
473
477
480
483
482
482
479
478
476
475
475
473
472
472
471
468
465
460
456
453
452
450
451
449
449
447
448
444
441
438
438
434
436
435
436
436
437
434
433
430
429
425
426
425
425
424
424
422
422
421
420
417
417
416
417
416
417
417
419
419
420
419
420
419
419
419
420
419
419
420
421
423
423
424
421
419
418
420
418
420
420
423
424
426
423
424
424
429
433
441
447
455
460
466
470
474
476
480
478
479
477
477
475
475
474
472
469
467
465
463
461
459
456
454
452
452
450
449
445
442
439
437
437
437
438
439
438
435
433
431
430
429
430
429
428
424
423
421
420
418
419
419
420
417
416
413
413
413
415
414
416
415
414
412
412
412
414
413
415
417
418
417
416
414
414
415
417
419
421
421
420
419
418
417
418
418
418
420
419
420
420
422
421
422
422
423
423
424
423
424
424
428
435
441
446
452
457
464
469
475
480
484
484
486
483
484
480
477
474
473
471
469
467
466
464
464
461
460
456
454
451
450
447
442
441
438
437
436
435
434
436
434
434
432
431
429
429
428
430
428
427
425
424
421
421
419
419
417
417
414
416
416
419
418
419
417
418
416
417
417
418
416
418
417
417
415
416
416
417
418
419
418
419
417
418
419
420
421
422
424
423
423
423
423
423
425
425
427
427
427
426
427
426
426
426
428
429
429
429
429
428
432
433
438
441
447
451
456
460
465
469
475
476
478
478
477
475
476
475
474
472
469
466
465
463
462
460
459
458
456
455
452
450
448
447
446
445
445
443
441
441
440
439
438
438
438
440
438
439
437
436
433
433
431
431
430
430
428
426
425
425
424
426
426
428
429
429
425
424
424
424
424
425
424
424
422
423
422
424
424
426
425
424
423
423
423
423
424
425
426
428
429
429
428
426
427
429
430
430
429
428
428
427
430
430
432
431
433
433
433
433
436
437
441
445
451
454
459
463
468
470
472
472
471
470
471
470
470
469
469
467
465
462
461
459
459
457
455
453
450
449
447
447
447
446
444
442
441
443
443
446
444
445
443
443
441
443
440
441
440
440
439
440
437
437
436
436
434
435
433
432
430
429
428
430
430
431
429
429
427
426
426
428
430
431
432
431
431
431
430
431
432
432
431
431
431
432
432
434
435
436
438
436
437
436
436
435
435
435
437
436
438
436
437
437
439
442
448
450
454
457
460
463
467
467
469
469
469
470
472
472
473
471
469
466
465
462
462
463
463
460
458
456
454
452
452
452
452
450
448
446
444
441
441
443
443
444
445
446
445
443
441
439
438
439
440
441
440
441
438
438
437
438
437
439
440
442
440
441
438
437
434
434
434
435
434
435
433
434
432
432
433
435
437
439
439
440
438
437
435
435