Output started
30000
427
410
403
401
401
398
399
398
398
397
398
399
398
398
397
396
396
397
396
396
395
395
394
394
392
392
391
392
391
391
389
391
389
390
389
391
390
391
390
391
390
390
389
390
388
391
390
390
389
391
390
391
390
391
391
391
390
390
390
391
390
391
391
392
394
393
394
393
395
394
395
394
396
395
396
395
398
396
397
396
397
398
399
398
400
400
401
401
403
403
406
408
412
414
417
419
423
425
427
428
429
429
431
430
430
430
430
430
431
430
429
430
429
428
426
425
424
423
422
423
421
421
419
418
416
417
415
415
413
414
412
413
411
410
408
406
404
404
403
403
401
400
400
400
398
399
397
397
396
397
396
396
396
395
393
393
393
393
392
393
393
393
392
392
391
391
392
393
393
392
392
392
394
394
396
397
397
396
396
395
395
394
395
394
393
392
392
391
392
391
393
392
394
393
395
394
396
395
396
396
397
397
398
398
399
399
399
398
399
399
398
399
400
400
401
402
404
404
406
407
410
413
416
418
422
425
427
429
430
432
431
432
432
433
432
433
432
431
430
430
429
430
428
429
427
427
426
426
425
424
422
422
419
419
416
417
416
416
414
415
414
413
411
411
409
409
407
407
405
405
403
403
402
402
401
401
400
400
398
398
399
397
398
397
397
397
397
394
395
394
395
393
394
394
395
393
394
393
394
394
395
393
395
394
395
394
395
395
395
395
396
396
398
397
397
396
397
396
397
396
397
396
396
397
397
397
397
397
397
398
398
398
398
399
399
400
398
401
400
402
401
403
402
403
402
404
403
407
407
410
411
416
418
422
424
426
426
427
427
429
429
429
429
429
429
430
429
429
429
429
427
427
426
425
425
424
423
423
421
420
418
417
416
415
414
413
413
412
412
410
410
408
407
407
407
405
405
404
404
402
403
402
401
399
400
399
399
398
398
398
399
398
399
397
399
397
397
397
398
397
399
398
399
398
399
398
398
397
398
397
399
398
398
396
397
397
398
398
398
398
398
399
399
399
400
400
401
402
401
402
402
404
403
404
402
403
403
404
404
406
406
408
407
409
408
410
410
413
413
417
418
422
422
426
429
431
432
434
433
433
433
433
432
432
432
433
431
431
430
430
428
428
426
426
425
424
425
423
423
420
420
417
418
416
416
413
414
411
413
411
411
408
408
406
407
405
405
403
404
402
403
401
402
401
402
399
398
398
399
398
399
397
398
397
397
397
397
398
398
398
397
397
396
396
396
397
397
398
398
399
398
399
398
398
397
398
396
398
397
399
397
398
398
399
398
399
398
400
399
400
400
401
401
401
401
402
403
405
404
404
404
404
403
404
404
405
405
408
408
408
408
409
410
411
413
415
417
419
422
425
427
429
430
433
434
435
434
433
435
433
434
433
433
433
435
434
434
432
432
430
430
429
430
427
428
425
425
423
422
420
421
419
419
416
416
416
415
414
413
412
411
410
411
409
409
407
407
405
406
404
403
402
401
401
401
401
401
401
400
401
400
400
399
399
397
397
397
398
396
398
397
398
397
398
397
397
396
397
396
398
396
397
395
397
396
397
396
396
395
396
397
397
397
398
397
398
398
399
398
399
398
399
398
399
400
400
400
400
401
401
402
402
403
402
404
403
403
402
403
402
403
403
405
404
406
406
408
407
410
411
414
415
420
421
426
427
430
430
433
432
434
433
434
433
434
433
433
433
433
431
431
431
431
429
429
429
428
427
427
426
425
423
422
421
419
418
417
419
417
417
416
415
414
413
411
411
409
409
407
407
406
406
403
404
403
403
400
400
400
400
398
400
399
400
399
399
397
398
397
397
397
397
395
396
395
396
396
396
395
396
396
396
396
394
396
395
395
397
397
396
397
396
397
397
397
397
398
397
398
398
399
399
400
399
399
398
400
400
402
402
403
402
404
402
403
403
404
404
405
405
406
405
407
406
408
409
412
413
417
419
424
426
429
430
433
432
433
433
433
433
433
433
432
432
432
432
431
431
430
431
430
430
428
427
425
426
423
422
420
421
419
418
416
417
414
414
412
412
409
410
407
408
405
406
404
405
402
402
401
401
400
399
397
397
397
397
396
397
397
398
397
396
397
397
397
398
397
398
397
398
399
398
399
397
399
398
399
398
400
398
399
397
399
397
398
398
398
398
399
398
400
400
402
401
403
403
404
402
403
404
406
405
406
407
407
407
408
409
410
412
414
415
418
420
424
427
429
431
431
432
433
433
433
433
432
434
433
433
431
431
430
430
429
429
428
429
426
427
424
424
422
422
419
419
417
417
416
415
413
413
410
410
409
409
407
407
407
406
406
406
405
404
402
403
400
400
398
397
395
395
395
396
395
395
395
396
395
395
397
397
397
396
397
397
397
396
397
396
396
396
398
397
398
398
399
398
399
398
399
398
400
399
400
398
400
398
399
398
400
400
402
402
404
403
405
405
407
408
410
412
416
419
423
425
428
430
432
432
433
433
434
436
435
435
435
436
434
435
434
435
433
434
431
430
429
428
425
427
424
423
421
420
417
417
414
415
412
413
412
412
410
411
409
408
406
406
404
404
403
403
401
401
400
399
399
399
397
396
397
396
396
396
397
397
396
394
396
395
395
395
396
395
397
396
397
395
396
395
397
395
396
394
396
396
397
397
398
396
397
396
397
396
397
397
398
397
398
398
398
398
399
399
400
401
401
401
400
400
401
402
403
404
404
405
404
406
406
408
411
413
415
417
420
424
426
429
431
433
433
435
434
435
436
436
434
436
434
434
433
433
432
432
431
430
429
429
427
428
426
426
424
423
421
421
419
418
416
416
415
413
411
411
409
409
407
407
406
406
406
405
404
404
403
403
402
401
402
400
400
398
398
397
397
396
396
394
394
393
393
392
393
392
393
392
393
391
392
391
393
392
394
393
394
394
394
394
395
395
396
395
397
396
397
396
398
398
400
399
400
399
399
399
400
401
400
400
402
404
403
404
403
404
404
405
405
407
406
409
409
412
412
416
417
422
423
428
429
432
432
434
433
434
433
435
433
433
433
434
433
434
433
433
431
431
430
430
429
428
426
425
424
424
421
420
419
417
415
413
412
412
412
411
411
408
409
407
407
405
406
404
405
402
403
402
402
400
401
400
401
399
400
398
398
396
396
396
398
397
397
396
397
396
396
396
396
396
397
397
398
397
397
397
397
397
398
398
397
396
397
397
396
397
398
398
397
398
398
400
400
401
401
402
402
402
401
403
401
402
401
402
401
403
402
403
403
405
407
409
410
412
415
418
420
424
425
427
429
430
430
432
432
433
433
433
434
433
432
434
434
435
434
434
432
432
431
430
429
428
427
426
425
423
422
421
420
419
418
416
416
413
414
412
412
410
410
408
409
407
407
406
408
405
405
403
404
402
403
402
401
401
401
399
401
401
401
400
400
400
401
400
400
400
400
400
400
400
400
400
400
401
400
400
401
400
401
401
400
402
402
403
402
404
402
404
403
405
404
405
404
406
403
405
404
406
404
406
406
408
407
410
410
413
414
417
418
421
422
424
425
428
428
429
428
429
429
431
431
431
431
432
432
431
433
431
432
431
430
429
429
428
428
426
426
425
424
422
421
419
419
418
417
415
415
413
414
412
412
411
411
410
410
409
409
408
408
406
406
404
406
404
405
404
403
402
402
401
401
401
400
400
400
399
400
400
400
398
397
397
396
396
396
397
398
399
399
399
400
401
401
401
401
402
400
402
401
403
402
403
403
405
405
407
405
408
410
413
415
418
418
421
420
423
423
424
424
425
425
426
425
425
425
425
425
425
425
426
424
425
423
423
422
420
420
419
418
417
417
417
417
415
416
414
414
412
412
411
410
409
409
408
408
406
407
405
406
405
406
404
404
404
405
403
404
403
404
402
402
401
402
402
402
402
403
402
402
401
401
402
403
403
404
404
404
403
403
403
403
404
404
405
405
405
405
406
405
406
406
407
407
408
407
409
407
410
409
413
413
416
417
421
422
427
428
432
433
435
434
437
436
437
436
437
436
437
437
438
437
437
436
436
436
435
434
434
432
432
431
430
428
425
425
423
422
422
421
420
420
418
419
417
416
415
415
413
413
411
411
409
410
409
409
408
408
406
407
406
407
406
406
405
405
403
403
402
403
402
402
402
402
401
403
403
403
403
404
404
404
403
404
403
404
405
406
406
405
405
405
405
406
406
406
406
408
409
409
409
408
408
408
409
409
410
409
412
410
412
411
414
415
417
418
420
421
426
428
431
434
437
438
440
440
442
443
443
441
442
441
442
442
443
443
444
442
442
440
440
439
438
436
435
435
433
432
431
429
428
428
426
427
425
425
423
423
420
421
419
419
418
419
417
417
415
416
413
414
411
412
410
411
409
410
407
409
408
409
407
408
406
407
406
406
405
406
405
406
405
407
407
407
405
406
406
406
405
405
405
405
406
406
406
407
408
407
409
407
409
408
409
408
409
408
409
407
410
408
410
410
412
411
412
411
413
412
413
412
414
413
414
414
416
417
418
418
419
420
423
425
428
430
433
434
437
438
439
439
439
439
439
439
438
439
439
440
440
441
440
441
440
439
438
439
436
436
435
435
433
431
430
430
428
427
426
426
424
425
423
423
422
423
421
422
420
421
418
419
418
416
416
415
414
414
414
413
413
412
411
410
410
411
410
411
410
409
408
408
407
407
406
406
407
407
408
406
407
407
407
407
407
407
407
407
408
407
408
407
408
407
409
409
409
408
409
409
410
410
411
411
412
412
413
413
413
413
413
413
414
413
415
415
416
416
416
415
416
415
417
416
416
417
417
418
418
419
422
423
425
427
428
430
432
434
434
436
436
438
437
438
438
440
439
439
438
439
438
440
440
440
439
440
439
440
437
438
436
436
434
435
434
434
431
432
429
429
428
427
426
426
425
424
422
422
423
422
422
421
421
419
419
418
419
416
417
415
415
415
415
413
414
413
413
411
413
411
413
412
413
412
413
412
413
411
412
411
412
412
412
411
412
411
412
412
412
412
412
412
413
412
412
412
412
412
412
411
411
411
411
411
411
411
411
411
412
413
412
413
413
413
413
414
413
414
413
415
413
413
412
414
414
414
414
415
414
415
415
416
417
419
419
421
422
425
427
430
431
433
433
434
435
436
436
436
436
437
437
438
438
439
438
438
438
438
439
438
438
438
438
437
438
436
435
434
433
431
431
430
431
429
428
426
426
424
424
423
423
422
422
421
421
419
419
418
419
416
417
415
416
416
415
414
415
414
414
412
413
412
413
412
413
412
413
412
411
411
412
412
412
412
412
412
412
412
411
412
412
412
411
412
411
411
410
412
411
413
411
412
411
413
413
414
413
415
414
415
415
416
416
418
418
419
419
420
420
422
422
424
425
429
431
434
436
438
439
440
439
439
439
439
440
440
441
442
441
441
442
441
441
439
440
438
439
437
438
435
435
433
433
431
432
429
429
427
427
424
425
423
423
421
422
420
421
419
419
417
417
416
415
415
415
414
414
412
412
411
410
409
410
409
409
409
409
409
409
409
409
410
410
411
409
410
410
411
410
411
409
410
409
410
409
410
409
410
409
410
410
410
408
409
408
410
409
411
410
412
413
414
414
415
415
418
420
423
425
428
432
434
436
438
439
440
439
440
440
439
439
439
439
440
441
442
442
442
442
441
441
440
440
439
438
436
435
433
433
431
431
428
429
426
427
424
424
422
425
430
434
435
435
432
428
422
418
413
410
406
404
402
402
401
400
399
400
400
401
401
401
402
402
403
403
403
403
404
403
404
404
405
404
405
404
406
405
406
406
406
404
406
405
406
406
408
406
406
405
406
405
406
406
408
407
408
408
411
413
415
415
419
421
424
426
430
432
435
436
438
439
439
439
440
440
441
442
442
442
443
443
443
443
442
443
442
441
440
439
438
437
435
434
432
431
428
429
427
427
425
425
423
422
420
421
419
419
416
417
415
415
413
412
410
409
407
407
406
405
404
404
402
403
403
402
401
402
400
400
400
400
400
400
400
400
401
400
400
400
401
401
401
400
401
401
402
400
401
400
401
401
402
401
403
402
403
402
403
402
404
403
405
404
405
405
405
405
405
405
405
405
405
405
406
406
407
406
407
407
408
408
409
410
410
409
411
409
409
409
409
411
412
411
411
412
412
412
412
412
412
413
412
415
414
417
417
420
420
423
424
427
428
431
432
434
434
436
436
437
438
438
437
439
439
441
440
442
442
443
442
443
440
442
440
440
438
439
437
436
434
433
432
431
429
429
428
427
427
425
425
423
423
421
421
419
419
417
418
415
416
414
414
411
412
410
410
409
408
407
408
407
407
407
408
407
407
406
407
405
407
405
406
405
405
405
405
405
405
405
406
405
406
405
406
405
405
406
406
406
406
407
407
408
407
409
409
409
409
409
408
409
408
409
409
410
409
411
410
411
410
412
411
412
411
412
412
412
411
411
410
411
411
411
411
411
412
414
414
414
414
416
417
418
418
420
421
423
425
427
428
429
430
431
431
432
432
432
434
433
434
434
436
436
436
436
437
435
437
435
436
435
436
435
435
434
434
432
431
429
429
428
427
427
426
426
426
423
424
423
423
422
422
421
421
419
419
Loop stopped.