Output started
30000
435
425
423
426
431
437
444
451
457
461
464
465
464
462
462
460
459
458
457
457
456
457
456
455
456
457
455
456
455
456
454
453
452
452
450
450
448
448
446
446
444
443
442
441
438
435
432
430
428
426
424
423
421
420
419
417
416
414
412
411
410
409
409
409
408
408
408
409
410
412
412
413
413
413
413
413
413
413
413
412
413
411
413
412
416
415
417
416
417
416
416
415
417
418
419
419
419
418
421
423
428
431
436
440
447
451
457
460
465
467
469
469
470
467
465
462
459
456
453
451
448
446
443
441
439
439
438
438
437
437
436
437
437
437
438
441
442
443
440
440
437
436
434
434
430
429
428
429
427
428
428
428
426
424
421
420
418
419
418
419
418
419
418
418
419
421
421
424
423
424
422
421
420
421
421
421
421
420
420
418
420
421
422
423
424
424
424
423
423
423
427
427
427
424
425
422
422
424
429
432
438
442
449
454
461
464
468
469
470
470
470
469
467
464
462
459
460
458
458
456
455
452
451
450
447
446
445
444
442
441
441
442
441
441
439
437
436
435
435
435
434
434
430
429
428
427
424
423
420
421
419
419
418
419
416
416
414
415
415
415
415
415
415
416
415
415
415
416
415
416
416
416
416
416
415
416
415
416
416
418
419
420
420
419
419
418
418
417
419
420
422
421
421
421
424
425
431
434
441
447
455
460
465
467
469
469
470
469
470
468
467
465
463
459
457
454
452
450
450
447
446
444
444
440
439
437
437
436
437
436
436
435
434
434
433
432
430
428
427
425
425
423
421
421
419
419
419
418
417
415
413
414
414
414
414
416
415
415
414
412
411
413
413
415
415
416
417
417
416
417
415
417
416
416
415
416
416
416
416
417
417
416
417
417
417
417
417
418
419
421
421
421
421
422
425
426
428
432
437
444
451
457
464
467
472
473
475
472
472
469
468
464
462
459
458
456
455
453
453
451
453
451
451
448
448
444
444
443
444
443
444
443
442
440
440
438
438
437
436
435
434
432
431
428
426
425
424
424
420
420
417
416
414
415
415
416
416
416
414
414
412
412
411
413
412
413
413
414
414
416
414
415
413
413
412
413
412
413
414
415
414
414
414
414
412
413
413
414
415
415
415
417
418
419
420
419
420
421
424
426
430
434
441
447
454
461
468
472
474
472
473
468
466
462
460
456
454
451
452
450
450
446
445
442
441
438
437
433
434
433
434
434
436
437
438
439
440
440
439
437
436
434
433
431
430
428
427
425
423
421
420
419
419
418
417
418
417
418
416
415
414
415
413
413
412
413
412
412
410
411
410
410
410
412
412
414
412
413
413
414
412
414
413
414
414
415
415
417
418
418
418
419
418
420
420
421
420
422
422
425
429
432
438
442
448
453
458
463
469
471
473
471
471
469
468
466
465
461
458
455
456
454
454
452
452
449
449
446
444
441
441
439
439
439
440
439
440
440
440
438
436
435
436
435
436
435
434
432
430
428
426
423
422
421
420
418
419
418
418
417
418
420
419
420
418
417
413
413
410
409
408
409
409
410
410
411
410
411
410
411
409
412
412
412
412
414
415
417
416
418
416
416
416
416
416
418
418
421
421
422
423
426
429
433
437
442
448
453
460
465
470
474
475
475
472
468
467
463
460
457
457
456
454
451
449
447
448
447
447
446
446
445
445
444
445
445
446
444
445
442
441
439
438
436
435
432
433
429
429
426
425
421
420
418
417
416
416
416
415
415
416
415
413
412
412
412
411
412
412
412
412
413
413
413
411
412
411
412
411
414
413
415
413
413
412
414
413
415
415
417
417
416
416
418
418
420
420
422
422
424
424
426
428
432
437
442
448
456
463
470
474
476
476
477
474
471
468
465
462
461
459
457
456
454
454
452
451
450
450
449
449
448
448
447
447
445
446
445
446
445
444
441
441
440
440
439
438
435
434
431
429
426
426
424
424
422
422
419
419
417
416
414
413
411
410
410
410
409
411
412
412
412
413
413
414
414
415
417
417
416
416
418
418
419
420
421
420
421
420
421
419
418
418
419
418
419
419
420
420
422
423
426
427
432
435
442
448
457
464
469
470
471
470
470
467
464
463
461
458
457
454
452
451
449
448
447
446
446
445
444
443
444
446
445
445
444
444
442
440
438
437
435
435
434
434
432
431
429
427
424
423
421
422
420
420
420
421
420
420
418
419
417
416
415
415
414
416
416
417
417
417
416
415
413
412
411
412
414
416
417
419
417
416
416
416
417
416
418
418
420
419
420
421
423
420
421
421
423
422
426
428
434
437
444
449
455
459
465
467
469
470
472
471
471
469
467
462
460
456
454
451
449
446
446
445
445
443
442
439
437
434
433
433
434
434
434
433
431
430
427
426
424
424
423
424
421
421
418
419
418
418
417
418
415
416
414
413
411
412
411
413
413
414
413
415
416
417
417
418
416
418
418
419
418
418
418
420
419
419
418
419
419
419
419
420
419
418
419
420
423
425
426
425
425
424
425
426
429
433
438
442
450
455
464
467
471
473
475
476
477
474
474
470
466
461
459
457
457
455
455
453
451
448
446
444
442
439
437
435
434
433
432
430
429
427
426
426
428
429
429
430
430
430
429
426
424
422
418
415
412
411
409
409
408
409
408
410
412
415
414
415
412
412
409
408
406
407
404
405
405
405
404
404
403
404
403
404
403
404
403
405
404
405
405
406
406
408
409
409
408
408
407
407
408
414
419
427
434
441
448
455
461
464
466
467
468
467
465
462
461
457
456
452
450
448
448
448
448
447
446
443
440
437
436
434
436
435
433
430
428
424
425
423
424
423
423
421
421
418
418
415
414
411
409
407
407
406
406
405
405
404
405
404
404
404
403
404
404
405
404
406
406
408
407
408
407
406
404
405
403
404
404
407
406
406
406
408
409
411
410
411
410
410
410
413
414
415
416
417
415
415
415
418
418
422
424
430
435
442
448
455
460
465
467
470
470
468
466
463
460
458
456
454
453
450
449
447
447
445
445
442
440
437
436
433
433
432
432
431
432
432
434
432
430
428
427
426
425
424
423
422
423
423
423
422
422
420
419
417
416
415
416
415
415
414
412
411
410
410
411
412
410
411
409
409
408
409
408
410
410
411
410
412
411
412
409
409
406
406
404
405
405
407
409
411
411
412
412
413
413
416
417
420
421
424
425
430
433
439
443
450
456
464
468
471
471
471
468
466
464
461
459
455
453
450
448
446
444
444
445
445
445
444
443
441
441
441
442
442
443
442
442
440
440
439
440
439
440
437
436
432
430
427
425
422
421
420
420
419
418
416
416
413
411
410
410
409
410
409
410
409
409
408
407
408
408
408
408
409
409
409
409
410
410
410
411
411
411
413
414
415
414
415
413
414
413
415
416
419
420
422
421
423
423
426
429
433
438
446
451
459
462
468
469
473
472
472
469
467
463
462
457
456
452
450
448
447
447
447
447
446
443
441
440
439
439
440
441
441
443
442
440
439
438
435
435
434
434
433
432
429
428
425
424
421
421
418
419
417
417
415
415
414
415
414
415
413
414
413
413
413
413
413
413
413
414
414
416
416
418
418
418
418
418
418
420
420
420
422
420
422
421
422
421
422
423
425
424
426
426
428
427
430
431
435
437
441
444
449
453
459
462
466
466
468
467
468
464
462
458
456
452
452
449
447
444
444
443
442
442
441
440
439
440
439
440
439
440
440
439
438
439
437
437
437
439
439
439
437
437
433
431
428
428
426
425
423
423
422
422
421
420
419
420
419
419
417
419
417
419
419
418
418
419
420
421
421
422
421
422
422
424
424
426
426
427
426
425
427
427
429
431
432
433
432
431
430
429
430
429
432
435
441
443
450
454
460
463
468
469
471
471
471
470
469
467
464
460
458
455
455
452
453
450
450
449
447
446
445
443
443
443
444
444
443
443
442
440
439
437
435
434
433
432
432
432
430
429
427
427
426
426
425
426
424
424
424
425
425
425
423
424
424
426
426
427
426
426
425
424
423
423
421
423
423
425
423
424
424
426
424
426
425
426
424
424
423
424
424
425
425
425
425
425
424
428
432
436
441
447
453
458
464
466
469
470
472
471
471
467
465
462
461
458
458
454
455
453
452
449
449
447
447
444
445
443
443
441
441
441
442
442
440
439
440
438
438
436
436
434
434
431
429
427
427
427
426
423
421
420
420
419
420
420
420
421
419
420
419
420
420
419
418
419
418
420
418
420
419
420
419
419
418
419
417
418
418
420
419
420
419
421
421
423
424
426
424
426
427
429
432
438
442
449
455
461
465
471
474
478
479
478
476
474
472
469
466
464
462
458
458
456
455
453
452
448
446
441
441
438
439
436
438
436
436
434
433
430
431
429
431
429
428
426
425
421
418
416
416
414
414
412
411
410
411
411
412
412
411
410
408
406
405
404
403
404
406
407
408
410
409
409
409
411
412
413
413
413
413
412
412
412
411
411
409
409
410
412
415
419
420
423
425
427
428
432
436
441
446
453
457
462
465
468
469
470
468
467
463
460
456
455
452
450
447
446
444
443
440
439
437
436
434
434
432
431
429
428
428
427
427
425
426
425
425
423
422
420
420
418
419
417
417
415
414
413
413
412
411
409
408
406
407
405
407
408
410
411
411
410
410
408
408
407
409
409
410
412
413
412
412
412
412
411
410
410
411
410
411
411
411
410
411
412
414
415
415
417
417
419
419
421
423
427
430
437
443
453
456
462
465
467
467
466
463
462
459
457
454
452
449
449
447
447
443
443
439
437
434
435
434
435
434
436
434
433
431
430
429
428
428
429
430
430
430
428
427
424
423
421
419
417
415
412
413
410
411
409
412
412
414
414
416
415
416
415
416
415
417
418
419
419
419
417
416
414
413
412
412
411
412
413
414
415
416
415
417
416
416
416
417
417
418
419
419
420
421
423
423
424
423
425
426
430
432
436
440
445
450
457
461
466
468
471
470
469
466
464
460
457
453
453
450
450
447
445
443
442
440
440
439
439
438
439
439
440
440
441
441
441
440
440
441
442
442
442
441
438
436
435
434
433
433
432
431
430
430
428
427
426
425
423
422
420
420
418
419
417
418
417
418
417
416
415
417
416
416
416
417
417
417
416
418
417
418
418
419
419
421
421
423
422
422
422
423
425
426
426
427
427
428
428
430
431
430
433
436
442
448
454
458
464
466
467
466
466
465
465
461
459
455
453
450
450
448
448
446
447
445
446
446
447
446
446
445
445
444
446
446
450
450
451
448
447
444
443
441
441
440
439
437
434
432
431
428
427
426
425
424
424
426
426
426
425
425
424
424
420
420
418
419
418
418
419
421
421
424
423
425
424
426
426
428
427
429
430
430
429
430
429
431
430
430
431
432
433
434
433
431
430
430
431
433
434
438
442
446
450
454
457
461
464
467
469
467
466
463
461
456
454
451
451
447
446
443
443
442
443
442
444
442
442
442
443
441
442
441
444
444
446
444
445
443
442
442
443
443
443
441
440
437
436
432
432
431
433
431
433
432
433
433
433
433
431
431
431
430
428
427
427
427
427
429
429
431
432
433
432
433
431
433
432
433
