Output started
30000
754
768
769
765
763
758
755
748
744
737
733
727
723
718
716
712
709
705
701
699
697
696
693
691
689
686
684
682
681
678
676
673
672
670
668
667
664
662
659
657
655
655
654
653
651
652
652
652
653
653
653
653
652
653
653
654
654
656
658
658
656
656
657
658
659
662
663
664
665
667
669
670
672
672
675
678
681
684
689
698
706
716
724
732
739
746
749
753
754
757
756
755
753
751
748
746
743
739
735
732
727
723
718
714
709
705
702
700
699
696
695
694
692
691
689
688
687
684
682
678
675
673
672
671
671
670
669
667
665
662
660
657
656
654
654
653
654
653
655
653
654
653
653
653
654
653
654
656
657
659
659
659
659
661
661
661
661
662
664
664
665
666
665
667
669
671
672
676
679
685
692
702
710
720
727
736
742
749
753
755
756
757
757
755
754
753
749
746
741
737
732
730
726
721
717
714
711
706
703
700
698
696
694
693
692
690
688
685
684
683
683
681
681
679
679
676
674
671
670
667
666
664
664
661
662
660
661
660
660
661
661
662
661
661
660
662
662
662
662
661
663
662
664
664
666
668
670
671
673
674
674
674
673
674
676
675
675
677
678
679
681
684
689
696
705
715
724
734
742
749
754
758
762
764
764
764
764
764
763
761
757
754
749
746
742
738
734
729
726
723
719
716
712
710
706
704
701
699
695
694
692
691
689
687
685
682
680
677
676
674
672
671
670
667
665
664
663
660
659
659
660
660
660
659
659
659
658
657
657
656
657
658
659
659
660
660
662
661
662
663
664
665
668
668
668
668
667
666
666
666
668
669
672
673
676
680
686
693
701
710
720
729
737
743
749
755
758
761
762
763
761
759
757
755
752
750
746
743
739
736
731
729
724
721
716
714
710
708
705
704
701
701
699
697
694
692
689
687
684
681
678
674
670
667
665
663
661
660
658
657
657
657
656
658
658
659
660
660
660
659
660
660
661
662
664
664
666
666
668
667
668
669
670
670
670
670
670
671
672
672
673
673
674
673
674
677
677
678
680
684
690
697
705
713
721
729
736
743
749
754
759
761
762
761
761
758
755
752
749
746
744
741
736
733
730
725
722
720
716
715
712
710
708
706
704
701
698
695
692
691
688
687
685
684
684
684
682
680
679
678
678
678
677
676
674
672
670
670
669
669
669
669
668
669
668
667
667
667
668
669
668
668
668
668
669
669
670
671
670
670
671
673
672
672
672
671
671
671
673
675
676
676
679
684
692
702
714
723
732
741
748
752
757
761
763
765
765
763
761
758
754
749
747
743
739
734
730
724
720
717
714
712
710
707
704
701
700
697
697
695
693
692
691
689
688
687
683
682
679
676
674
673
670
668
664
664
661
660
658
659
657
658
655
656
656
656
657
657
658
658
657
658
659
658
659
661
660
661
660
660
660
660
662
664
664
663
662
663
664
665
667
668
672
675
680
688
697
705
714
723
732
740
747
751
755
758
759
758
760
757
754
750
746
741
737
733
729
725
722
717
715
713
709
707
703
701
699
699
698
696
695
694
692
689
689
688
688
687
684
682
680
679
677
674
673
672
671
669
668
666
665
664
661
660
659
660
661
661
661
660
660
659
659
660
660
661
661
663
662
663
662
662
664
665
668
669
669
669
669
670
671
674
677
679
681
686
692
700
710
721
730
739
747
754
759
764
766
767
767
767
765
763
760
755
749
744
740
734
729
724
720
716
712
706
703
700
699
697
696
695
694
691
691
688
686
684
684
682
680
678
677
675
673
670
668
666
665
663
661
658
658
655
655
654
654
656
654
653
652
651
651
652
653
656
658
661
662
663
664
666
666
667
667
668
669
671
671
672
671
671
671
672
673
676
676
677
681
687
694
703
714
726
739
748
757
764
769
773
774
776
776
777
774
771
766
760
756
751
746
741
735
729
725
720
716
712
708
704
700
697
695
693
692
690
688
685
684
681
678
676
675
672
671
669
667
666
663
660
658
657
656
655
654
653
653
653
653
652
651
651
650
650
650
650
651
651
653
653
655
655
656
655
655
657
658
659
661
661
661
661
661
660
661
662
664
665
668
672
678
686
695
706
718
729
741
752
761
768
773
777
777
777
774
771
766
763
756
751
746
740
734
727
722
716
711
705
701
697
691
689
686
684
680
680
677
674
672
671
670
668
666
665
663
661
660
658
657
653
652
650
648
647
646
643
642
640
640
641
641
642
643
643
644
644
645
647
649
649
651
652
654
653
655
655
656
656
658
658
658
660
660
659
660
659
661
661
664
666
668
672
677
683
691
702
714
726
737
747
755
763
767
771
772
774
772
770
766
763
759
754
747
742
735
730
724
720
715
711
705
702
697
694
692
692
690
690
687
686
686
683
683
682
679
677
675
672
670
668
666
665
662
661
659
657
657
655
655
654
655
655
654
654
653
653
654
653
654
655
655
655
654
655
656
658
659
659
660
661
663
663
665
666
666
665
665
666
666
665
667
667
670
672
676
682
688
696
705
715
725
734
742
748
754
758
763
764
765
764
763
761
758
753
750
744
740
734
728
723
718
713
710
707
704
702
698
695
693
691
689
688
685
684
682
680
678
677
676
675
675
675
673
673
670
671
667
665
666
664
663
664
663
661
661
660
658
659
658
659
658
659
658
660
659
659
659
660
661
662
663
663
662
662
662
663
664
664
666
667
668
668
669
669
670
670
671
672
675
676
682
689
699
709
719
727
737
743
751
755
760
764
767
767
766
765
762
758
754
749
744
739
734
729
726
723
720
717
712
709
707
705
705
703
701
701
700
699
697
696
695
694
693
691
689
687
683
682
681
680
677
676
674
672
669
668
666
666
664
664
662
663
662
662
662
661
663
664
666
667
667
668
668
667
666
666
666
669
668
669
669
669
669
669
670
670
669
669
669
670
670
672
674
677
681
687
695
704
713
723
732
740
747
752
756
758
761
762
763
761
759
754
750
745
741
736
734
728
724
720
716
712
708
705
704
702
701
700
699
697
697
695
696
694
694
692
691
688
687
685
683
681
679
676
674
672
671
670
668
668
666
665
664
664
663
664
664
664
665
665
665
666
665
665
664
666
665
667
666
668
667
668
668
670
672
672
671
672
671
671
671
671
669
671
672
674
675
679
681
686
692
700
710
719
728
736
741
746
752
754
758
759
761
761
759
756
753
748
744
739
736
731
729
724
721
716
715
709
708
707
706
703
702
699
699
696
695
695
693
692
690
690
689
687
685
682
680
678
676
673
670
668
666
664
662
661
659
658
657
657
656
656
657
658
658
658
659
661
663
665
667
669
671
672
671
672
673
674
675
676
677
678
678
678
678
677
677
679
679
680
682
684
687
691
697
706
714
724
734
743
750
758
762
767
769
773
772
772
770
768
763
759
756
752
748
745
740
736
732
727
723
718
714
709
706
703
700
699
696
694
692
690
690
688
688
690
691
691
689
687
684
681
679
675
673
671
668
666
664
661
660
660
658
657
659
657
659
658
659
658
661
662
664
664
666
667
668
669
669
670
671
672
673
674
675
676
677
679
678
679
679
679
678
679
680
682
682
684
688
694
701
712
722
734
743
751
759
765
769
774
775
776
775
773
773
772
769
766
762
758
752
748
743
739
735
731
726
723
719
715
711
706
705
703
701
698
696
692
691
686
684
679
676
673
672
670
668
667
667
665
663
660
658
657
655
655
655
655
654
653
653
654
653
653
653
653
655
655
656
656
657
657
659
659
661
661
663
663
664
665
667
667
667
667
666
667
667
668
669
670
672
675
680
688
698
708
719
729
739
747
754
759
763
766
767
767
765
764
763
760
757
756
751
747
743
739
735
729
724
719
715
710
707
704
700
698
693
691
688
686
684
682
678
676
673
670
669
666
663
660
657
656
654
652
651
649
648
647
646
645
645
644
644
644
644
644
645
647
647
648
650
650
652
654
655
655
656
654
654
654
656
656
657
658
659
660
661
660
660
661
663
664
667
668
669
671
676
683
692
703
715
726
736
745
751
757
761
764
767
769
769
768
765
762
759
757
753
749
745
741
735
730
725
721
716
713
709
705
700
698
694
693
689
688
686
684
682
680
679
676
673
669
668
667
665
663
662
660
659
657
657
656
655
654
654
653
653
652
653
652
653
653
655
656
657
657
657
657
657
656
658
658
660
660
660
661
662
661
660
660
660
661
662
663
664
664
665
666
666
669
671
677
682
692
702
711
723
731
740
747
755
760
765
767
768
767
766
764
760
758
754
751
748
743
738
732
727
721
717
713
711
707
705
703
699
696
694
693
691
691
688
687
686
684
682
679
677
675
671
668
668
666
664
662
660
659
658
659
657
656
654
653
652
651
651
652
652
653
653
654
654
655
656
657
657
659
657
657
658
659
660
660
660
660
659
660
660
659
661
661
662
663
666
667
670
672
676
679
688
696
707
716
726
734
742
749
755
759
763
764
764
764
762
758
757
753
750
742
739
733
728
725
722
719
714
711
708
706
703
702
701
699
697
696
693
692
690
689
687
684
682
680
678
677
675
674
671
670
668
667
664
663
662
661
659
659
658
659
659
659
660
660
660
659
661
661
662
663
663
665
664
666
665
667
667
666
666
666
665
665
665
666
667
667
668
667
670
669
670
671
672
673
678
684
692
701
710
719
729
735
743
747
751
753
757
757
757
754
754
752
750
747
744
741
736
733
728
724
720
717
714
710
707
705
703
700
698
696
693
691
690
689
689
689
688
687
685
683
681
678
677
675
673
672
670
669
667
667
665
664
664
663
663
664
664
665
665
666
666
667
666
668
668
669
671
673
675
677
677
676
675
677
677
679
679
682
681
682
681
684
685
687
687
688
687
689
690
694
698
704
712
721
730
739
747
753
759
763
766
768
770
771
772
770
767
763
761
756
753
750
748
744
741
736
733
727
725
720
719
717
713
711
708
706
703
701
699
696
695
694
692
689
688
685
684
681
679
678
676
674
672
672
670
670
669
669
666
667
666
667
666
667
665
665
665
668
668
669
670
672
673
672
671
672
673
674
676
678
678
678
677
678
679
680
681
679
678
680
681
682
685
687
689
695
700
709
717
727
736
744
752
758
764
768
771
771
772
772
772
772
770
768
766
762
757
752
748
742
738
733
730
726
722
719
716
712
710
707
704
701
700
697
696
694
692
689
688
687
684
682
681
679
677
675
674
670
668
667
666
663
663
661
662
661
661
660
661
660
661
662
662
662
663
662
662
661
661
661
663
666
666
667
666
667
668
669
669
669
670
670
670
672
672
674
675
677
679
685
690
698
707
718
727
736
745
753
760
764
767
771
770
771
770
770
768
765
761
758
753
750
745
740
735
729
725
721
718
714
712
709
707
704
703
700
699
697
696
694
692
691
689
688
685
682
681
677
677
674
674
671
670
668
665
664
663
663
662
662
661
660
660
659
658
656
655
654
655
656
655
656
656
657
658
659
660
660
659
660
661
661
661
662
661
662
662
663
664
664
666
668
670
671
674
681
688
697
708
719
729
740
748
757
762
767
770
772
772
773
773
771
767
763
758
754
749
745
739
735
728
723
719
717
714
713
709
705
702
698
697
694
691
691
689
689
688
687
685
682
679
676
674
670
668
665
663
661
658
657
655
652
652
651
651
650
650
648
649
649
650
651
651
651
652
652
652
653
654
653
654
653
652
652
654
654
657
656
657
656
658
658
661
661
663
663
666
669
673
680
688
699
711
721
730
740
749
757
763
767
769
770
770
768
766
764
759
755
749
746
740
735
729
724
719
716
711
709
706
703
699
696
694
694
692
690
686
687
685
683
681
680
677
675
673
671
668
665
663
659
657
656
655
652
652
651
652
651
650
651
649
648
649
648
649
649
649
649
651
651
652
652
652
654
655
656
657
656
657
657
658
660
661
663
662
662
662
664
666
668
672
676
682
690
700
710
721
732
742
749
754
759
762
765
765
764
762
759
754
751
746
740
734
729
723
717
713
707
702
699
695
691
689
687
685
685
683
683
681
680
678
678
676
675
673
671
669
667
665
663
662
661
659
657
654
654
652
652
651
653
651
651
651
651
651
653
653
655
655
656
656
656
657
658
659
661
663
664
666
668
669
669
668
669
671
672
673
674
675
675
677
678
680
681
686
693
702
711
724
735
748
755
762
767
771
775
778
777
776
773
771
766
763
756
753
748
743
737
730
723
718
713
708
704
702
698
694
692
688
687
684
682
680
678
677
675
673
672
669
668
666
663
661
659
656
654
651
651
650
650
648
648
647
647
646
646
646
646
646
646
647
647
647
648
648
649
650
651
652
652
653
655
656
657
659
658
659
659
662
663
665
665
667
669
673
674
677
679
687
695
709
719
731
740
748
754
759
764
767
769
770
769
769
766
764
760
757
753
748
744
740
734
729
723
717
714
710
706
702
700
698
694
693
691
690
686
684
681
678
677
675
673
671
670
667
665
663
660
659
657
654
653
651
651
649
648
647
647
646
646
646
646
646
648
647
648
649
651
653
654
654
657
657
658
660
660
662
664
664
664
664
665
665
666
666
668
668
670
672
676
683
691
700
710
720
730
738
744
750
754
757
759
760
759
759
755
754
751
748
744
741
737
735
730
727
722
717
712
709
705
703
700
699
Loop stopped.
