Output started
30000
615
627
632
634
635
640
645
654
664
676
689
702
713
725
733
741
745
748
749
749
746
744
741
737
733
728
725
721
715
710
703
698
692
686
680
673
669
664
661
657
654
651
650
647
646
642
641
638
635
634
630
627
625
622
620
617
615
612
610
607
605
602
601
600
601
599
597
595
596
596
596
595
596
596
596
597
596
598
597
598
600
601
601
602
602
602
604
606
607
608
607
609
608
610
609
610
610
611
614
621
628
639
650
666
678
694
707
721
730
741
745
749
751
751
750
748
745
741
737
733
728
724
718
713
706
700
693
687
679
672
666
661
655
650
647
643
642
639
638
635
633
631
628
624
623
620
617
614
612
608
606
604
601
598
597
595
594
592
590
590
588
587
587
587
587
586
586
588
588
590
590
591
591
593
594
595
594
595
598
598
599
600
601
602
602
603
604
605
605
605
605
606
605
608
609
616
623
632
645
659
674
688
703
714
723
731
736
740
741
741
739
736
732
727
722
717
712
707
701
696
689
683
677
671
664
658
653
648
645
641
638
636
633
632
630
628
626
623
622
620
616
614
612
609
606
605
603
601
599
598
597
595
594
593
592
592
591
591
591
590
590
590
592
592
593
594
595
594
595
596
598
599
600
600
602
602
604
604
605
606
607
607
609
609
611
611
612
611
611
612
615
617
623
630
640
652
665
679
694
705
715
724
731
736
737
737
735
731
727
722
717
712
705
699
694
689
683
677
671
667
660
655
651
649
645
644
641
640
637
637
634
633
631
631
630
628
626
624
622
620
618
615
614
614
612
610
609
608
607
605
604
604
604
603
603
603
604
604
604
603
605
605
607
607
607
608
609
608
609
609
610
610
613
612
615
615
617
615
617
616
618
618
619
621
623
627
633
640
650
660
672
685
698
709
719
726
732
735
737
735
732
730
726
722
717
711
706
702
697
693
687
682
676
671
665
660
655
653
648
645
642
640
638
637
635
635
632
632
629
628
625
624
622
620
617
615
613
611
609
608
607
606
606
604
604
603
604
602
602
603
603
604
604
603
604
606
606
606
607
608
609
609
611
612
613
613
614
615
617
618
619
619
619
619
619
620
622
624
628
633
640
649
660
670
683
695
705
714
722
729
733
734
735
734
732
729
726
722
717
712
708
704
699
693
689
682
678
673
668
663
659
656
652
650
649
648
646
645
643
642
640
638
635
634
633
630
627
626
625
623
622
620
618
616
615
613
611
610
610
610
608
607
607
607
607
609
608
609
609
610
610
612
612
614
614
614
615
615
617
617
617
619
618
619
619
621
620
621
621
622
624
626
629
635
642
651
661
673
685
698
709
718
726
731
735
737
738
737
737
735
732
729
725
722
718
713
710
704
701
695
690
684
679
672
670
665
662
658
655
653
651
649
648
646
643
642
641
638
636
633
632
628
627
625
623
622
620
618
617
614
612
612
611
610
608
608
607
608
607
608
608
607
607
609
608
610
609
611
611
613
613
614
613
615
614
616
616
618
617
617
617
618
618
619
620
622
628
634
643
652
664
677
690
703
714
724
731
737
740
740
741
739
738
735
732
727
724
719
715
710
705
698
694
688
683
677
672
667
663
658
656
653
652
650
648
647
645
643
641
639
637
634
632
629
627
625
623
622
618
616
615
612
610
608
607
604
603
602
601
601
601
600
599
598
599
599
599
600
600
599
601
602
602
603
604
605
606
607
609
611
611
612
612
612
611
610
612
614
615
620
627
636
647
659
673
686
698
711
720
730
737
741
743
744
743
741
738
734
730
724
719
714
708
703
697
691
685
680
673
666
662
658
654
651
650
647
645
644
642
640
638
635
633
632
629
627
625
621
619
617
613
611
608
606
605
603
602
599
599
596
596
595
595
594
595
593
595
595
595
595
596
596
597
597
598
598
600
601
602
603
604
604
606
607
608
609
609
610
611
610
610
612
615
619
626
633
644
657
670
685
697
710
719
728
734
739
740
740
737
734
729
726
721
716
708
702
696
690
683
678
671
665
659
655
653
649
646
644
644
644
641
641
638
637
635
634
632
631
629
627
625
622
620
617
615
613
611
608
608
606
605
603
601
600
600
599
598
598
600
599
601
601
602
601
603
602
604
604
605
606
607
607
610
610
612
613
614
615
615
615
615
615
616
618
618
621
627
634
642
653
665
680
694
707
718
729
736
742
745
746
742
740
735
731
724
718
711
705
698
692
686
679
673
668
662
657
652
649
645
644
642
642
640
639
637
635
632
631
630
629
627
624
623
621
619
617
616
614
611
610
606
606
603
601
600
599
598
597
597
597
596
595
595
595
596
596
597
598
600
601
602
603
605
605
608
608
610
611
612
615
618
616
617
617
617
617
619
622
626
632
643
654
668
682
698
712
723
735
742
747
751
751
748
746
743
739
735
728
722
717
711
706
700
692
686
679
673
668
663
657
653
649
645
642
639
638
636
634
631
629
628
625
622
621
617
615
613
610
607
606
602
600
599
597
595
593
591
591
590
590
589
589
588
589
589
589
589
590
591
592
591
593
595
596
596
597
598
601
601
604
605
605
607
607
607
607
608
608
610
610
613
617
623
632
644
657
672
688
704
717
729
738
746
751
753
752
751
748
745
740
736
731
727
721
717
711
705
697
691
684
678
670
666
659
655
650
647
644
641
639
637
634
631
628
625
623
622
619
616
614
610
609
605
603
600
598
595
594
591
590
588
587
587
586
586
585
585
586
586
587
586
586
586
590
590
592
592
594
595
597
599
600
601
602
603
604
606
606
606
607
607
608
607
608
610
613
618
624
634
646
662
677
693
707
720
732
741
747
751
752
752
749
747
743
738
732
727
721
715
710
705
697
691
683
678
671
665
659
653
648
645
642
640
637
636
635
632
631
628
625
623
621
619
616
612
609
606
603
601
598
595
593
591
589
587
585
584
584
584
584
583
583
584
584
584
585
585
587
587
589
590
592
592
593
594
596
597
598
598
598
600
602
603
604
604
604
604
604
606
609
613
618
625
635
648
663
678
694
708
722
734
742
747
752
753
751
748
746
741
735
731
725
719
714
708
701
695
688
680
674
668
661
655
650
646
642
639
636
634
631
630
628
625
623
621
619
619
616
613
611
610
607
605
604
601
598
596
594
592
590
590
588
588
587
587
586
586
585
587
586
588
588
589
589
591
591
593
594
594
595
596
598
599
600
602
603
603
604
606
606
607
608
608
609
608
611
611
615
620
627
637
649
664
679
694
710
723
735
743
749
753
755
753
752
749
746
740
735
729
724
719
714
709
702
696
690
683
675
669
663
658
653
649
645
642
640
638
636
634
631
629
626
625
623
622
618
616
613
610
608
606
604
602
599
598
596
595
592
591
591
590
590
589
589
590
590
591
591
591
591
591
592
592
592
594
594
596
597
598
599
599
600
601
603
604
604
606
607
608
609
609
610
610
611
612
614
617
623
628
637
647
661
674
690
703
717
729
738
744
750
751
752
750
748
745
742
737
732
728
722
718
712
706
700
694
687
680
674
667
663
658
653
650
647
645
643
641
640
637
635
634
631
629
627
624
620
618
615
613
610
609
607
604
601
600
598
597
595
595
595
593
593
593
593
593
594
595
594
596
595
596
597
598
600
600
601
603
604
605
607
608
608
609
610
612
612
613
615
616
617
616
618
619
619
621
623
628
635
642
652
665
678
692
705
718
729
738
745
749
752
753
752
749
746
741
738
732
727
722
716
710
705
698
692
686
680
673
669
665
660
656
654
652
650
648
646
643
641
638
637
635
632
630
627
624
622
618
616
614
611
610
608
606
604
603
602
600
599
598
598
598
597
597
597
597
597
598
598
599
600
601
601
602
602
603
604
606
607
608
607
610
610
611
612
612
613
615
615
614
615
617
616
618
619
625
630
639
651
664
677
692
706
720
732
742
750
754
757
758
758
756
753
750
745
740
734
727
723
716
710
704
698
690
683
677
671
665
661
657
654
651
649
646
645
642
642
640
639
635
633
631
628
625
622
619
616
613
611
608
605
602
602
599
597
596
594
593
592
592
591
592
591
591
591
591
592
593
593
594
595
596
596
599
599
600
601
602
603
604
605
607
607
611
611
612
612
613
612
612
611
613
615
619
626
634
645
661
675
692
709
724
737
749
758
764
766
767
765
763
758
752
746
738
732
725
719
712
704
696
688
681
674
667
662
656
653
649
648
644
644
641
641
640
638
636
634
633
631
628
625
621
618
615
614
610
607
606
602
601
598
596
594
592
590
587
586
585
585
585
585
586
586
588
588
588
589
589
591
592
593
594
594
596
597
598
598
600
601
603
604
603
604
604
605
606
606
607
607
611
618
630
642
658
674
692
708
724
737
747
753
758
759
757
754
748
741
734
725
717
708
699
689
681
673
664
657
650
643
639
635
633
631
629
628
627
627
628
628
627
627
625
623
621
618
616
615
612
610
606
604
600
598
596
595
591
591
589
589
587
587
584
585
585
586
585
585
586
588
590
591
592
592
594
595
596
597
597
600
601
603
605
606
606
607
607
608
608
609
610
611
615
622
633
647
665
684
703
721
737
751
761
767
769
768
766
761
755
747
739
730
723
714
708
698
692
683
676
668
660
653
647
641
637
633
629
626
624
623
622
621
619
616
615
612
610
606
603
600
597
595
591
588
584
582
578
576
573
572
570
569
567
566
565
566
564
566
566
568
568
568
569
571
573
575
576
577
578
581
580
584
584
586
587
589
588
590
591
592
593
595
598
602
610
620
635
652
671
691
709
727
740
753
762
766
768
767
763
758
753
746
739
732
726
718
710
701
693
684
676
667
658
650
643
635
630
625
621
617
615
613
610
608
607
604
602
598
596
593
592
589
587
584
581
578
575
572
569
568
566
564
562
560
560
559
559
559
559
559
559
561
560
563
563
567
568
570
574
576
577
578
579
580
582
583
584
585
585
588
589
590
591
593
595
600
608
618
634
652
674
696
713
731
744
755
763
767
770
768
766
760
754
747
740
734
728
721
713
706
697
689
680
671
662
654
646
638
633
627
623
619
616
614
612
610
607
605
601
599
596
593
590
587
583
580
578
573
571
568
566
565
564
562
562
562
562
561
562
561
563
564
565
567
568
569
570
572
574
577
580
582
583
584
586
587
590
590
592
591
593
593
595
595
595
596
597
599
603
609
619
633
649
669
687
706
722
737
747
755
760
763
763
762
759
753
747
742
735
729
723
716
709
702
692
683
674
667
658
651
645
639
633
630
625
621
618
617
614
612
611
609
606
604
601
599
596
593
590
587
586
582
580
578
577
575
574
571
571
572
571
570
570
569
572
573
575
575
577
578
580
580
581
582
583
583
586
589
592
592
595
595
597
599
600
601
602
601
602
603
602
603
604
607
611
618
627
640
654
670
687
702
715
726
734
740
742
743
742
739
734
730
725
719
711
706
699
694
687
682
675
668
662
657
652
649
645
643
639
637
636
633
631
629
625
623
619
617
614
610
607
603
603
601
598
596
595
595
593
591
589
589
586
585
585
585
584
584
585
586
587
587
587
588
590
591
592
593
595
596
598
600
602
603
606
607
608
609
609
609
609
609
610
609
610
612
614
620
626
636
650
664
679
693
705
716
725
733
738
741
741
739
737
733
728
722
717
712
705
699
692
685
678
673
665
660
654
649
644
641
637
636
633
631
631
629
627
625
623
622
620
617
616
615
612
610
606
603
599
599
596
594
592
591
591
591
591
592
591
592
592
591
591
593
593
594
595
596
596
598
598
598
598
601
602
603
603
604
605
605
605
606
606
607
608
608
611
615
620
627
636
648
663
677
691
703
715
724
733
739
744
744
743
741
739
734
728
721
717
710
704
698
692
683
676
670
661
655
648
643
638
633
629
626
624
622
622
620
618
616
615
613
610
607
606
604
601
599
598
596
594
594
592
591
588
588
587
586
585
585
584
584
583
583
583
584
584
586
586
587
588
590
590
593
593
595
596
600
600
600
601
601
602
603
603
604
603
604
605
608
612
619
628
639
652
667
683
697
711
722
732
737
742
743
744
742
740
736
733
728
723
716
712
705
700
692
685
678
673
665
658
653
650
643
640
636
634
632
630
629
628
627
624
622
619
617
614
612
609
606
603
599
597
594
593
592
591
590
587
586
585
585
586
584
584
585
585
586
587
588
588
589
589
590
591
593
594
596
596
598
599
600
600
601
601
603
604
605
605
605
605
606
608
611
618
626
637
650
665
680
696
710
724
734
743
749
753
754
753
751
748
743
739
733
727
721
716
709
702
694
687
679
672
663
656
651
647
642
638
635
633
631
628
627
625
622
620
618
617
613
611
608
606
603
600
597
595
591
590
588
586
586
585
585
585
583
584
583
583
583
583
584
584
584
586
585
588
588
590
592
595
597
599
601
601
602
604
605
605
606
605
606
606
606
606
608
610
613
618
626
636
651
666
684
698
714
728
740
750
757
760
762
762
761
755
751
747
742
734
727
720
714
706
698
690
683
674
667
659
654
649
644
639
634
632
630
629
628
627
624
621
619
616
614
612
608
606
602
599
596
594
591
589
586
584
582
581
579
577
576
576
575
575
575
576
576
576
577
578
579
581
582
584
586
587
588
589
591
593
594
595
Loop stopped.
