Output started
30000
514
513
511
509
507
505
505
504
503
503
503
502
503
502
503
503
504
505
506
506
508
508
511
512
513
513
516
516
517
517
518
519
522
524
530
534
544
556
570
584
599
614
628
640
651
658
663
667
667
666
663
658
654
648
643
636
631
625
619
611
603
596
589
583
577
572
566
562
557
554
551
548
546
545
542
542
540
539
536
535
533
530
527
526
524
522
520
520
517
515
514
513
510
509
508
508
507
506
506
507
505
506
506
506
506
507
507
508
510
510
511
512
513
515
515
516
517
519
520
520
521
521
522
524
527
529
536
544
557
570
584
599
615
629
643
654
664
671
675
676
677
674
672
668
664
659
654
650
644
638
631
624
617
610
603
597
591
586
580
575
571
567
563
560
558
556
554
552
549
547
544
542
538
536
532
531
528
526
524
522
519
517
514
513
512
510
508
508
507
508
506
507
506
506
506
506
506
507
505
507
507
509
509
511
510
512
514
515
517
520
521
522
522
523
523
524
525
526
527
529
532
537
544
555
567
580
595
608
623
635
647
656
664
668
670
669
668
665
662
657
653
647
640
634
628
621
614
606
601
595
590
584
582
576
573
569
567
564
563
560
559
558
556
555
552
550
548
545
543
540
538
536
534
532
530
528
525
523
520
520
517
516
514
513
511
511
510
509
508
508
508
509
509
511
510
512
513
514
515
517
518
520
521
523
524
524
525
528
529
531
534
536
539
546
553
565
577
589
602
616
629
641
651
658
664
666
668
667
664
660
655
648
643
636
630
624
618
611
605
598
591
586
581
575
570
566
563
559
557
554
552
551
551
550
548
546
544
542
541
539
537
535
534
532
531
529
527
525
524
522
522
522
521
520
520
522
521
521
521
522
523
523
524
525
526
526
527
528
528
530
532
533
532
534
532
532
533
535
537
538
539
542
545
553
561
575
587
601
614
628
640
653
661
667
670
673
671
670
667
663
658
654
647
641
634
628
622
615
607
600
594
588
581
575
568
563
559
556
552
550
548
546
544
543
543
540
538
535
534
531
529
527
525
522
520
517
516
514
513
512
512
510
511
509
511
509
511
510
511
510
510
510
512
513
514
514
516
516
519
520
521
522
523
524
524
525
527
528
528
528
528
530
533
534
535
538
544
551
560
574
586
602
616
631
643
655
662
670
673
676
676
675
671
667
662
658
652
646
639
633
626
620
612
605
598
591
584
579
573
568
563
561
557
554
552
550
549
547
545
544
541
539
537
534
531
531
529
528
525
524
522
519
518
517
517
515
515
513
513
511
512
511
512
512
511
511
512
512
514
514
515
515
515
517
518
518
520
520
523
523
525
524
525
525
526
527
529
530
533
538
544
552
563
575
589
604
618
632
644
655
664
671
674
675
675
673
670
665
660
655
650
645
639
634
626
620
612
606
598
593
587
582
576
572
567
564
560
559
556
555
553
551
548
547
544
542
539
537
534
531
527
525
522
520
519
517
514
513
511
509
508
507
506
505
505
504
503
504
504
502
502
503
505
506
508
510
511
513
515
516
518
519
522
524
526
526
527
527
528
529
531
532
534
538
544
551
561
572
586
599
614
628
641
653
662
669
674
675
675
674
670
666
661
656
651
645
640
634
628
621
613
605
599
593
586
580
574
569
565
561
559
557
556
554
553
551
550
548
545
543
539
537
535
533
530
528
524
523
519
517
515
514
512
511
508
509
508
508
506
507
507
508
509
509
510
510
511
511
513
515
518
520
521
521
523
524
525
525
528
529
531
533
536
541
549
559
570
584
598
613
627
640
651
659
666
669
671
669
667
662
658
652
648
641
636
630
625
619
613
605
600
594
590
582
579
573
570
567
564
560
560
558
556
554
551
549
546
545
542
539
537
534
532
529
526
523
522
521
518
517
514
513
512
512
511
512
510
510
510
510
510
511
512
513
514
516
516
518
517
517
519
522
523
526
529
533
539
549
559
571
584
597
611
625
635
645
653
657
660
660
658
655
652
648
643
638
633
628
623
617
610
603
597
590
584
579
573
569
565
561
558
555
554
551
550
549
548
546
545
542
539
537
535
531
529
527
526
523
522
520
519
516
515
513
512
511
510
508
502
495
490
487
486
487
490
493
499
505
509
513
516
519
521
524
526
529
531
533
538
544
553
564
576
589
601
616
626
638
646
653
656
659
659
657
654
652
646
641
635
630
623
618
610
604
597
590
583
577
572
566
561
558
554
551
549
549
548
548
547
544
544
543
542
539
538
537
535
533
532
531
529
527
526
524
524
522
520
519
518
516
517
517
518
518
519
518
519
518
519
519
520
521
523
523
524
524
525
525
527
528
531
532
536
540
549
559
571
586
600
614
628
641
652
662
669
673
675
675
672
669
666
661
655
649
641
636
628
622
614
607
600
593
586
580
575
569
564
561
556
554
551
550
547
547
544
543
541
540
537
536
534
532
529
528
526
524
523
521
520
519
517
517
516
517
516
516
516
515
514
514
515
515
517
516
516
518
519
520
522
522
524
525
527
526
528
528
530
532
534
535
538
543
550
559
571
585
600
615
630
643
654
664
672
674
676
674
673
670
666
660
655
648
644
637
632
624
618
609
602
595
588
582
575
569
563
558
555
550
548
546
544
542
540
537
535
535
532
530
528
526
524
522
519
517
515
514
511
511
510
509
508
510
508
510
509
509
509
510
510
511
511
512
514
516
516
517
518
520
522
524
525
525
526
527
528
529
530
532
534
536
539
544
552
562
574
587
601
616
630
643
655
664
671
675
678
677
675
672
669
664
659
653
648
641
636
628
622
614
607
600
593
587
582
575
571
566
564
559
557
555
554
551
550
548
546
543
541
539
537
535
533
532
529
526
525
522
521
518
517
516
515
512
512
510
509
509
508
509
508
508
508
509
509
510
510
511
512
513
513
515
515
519
521
522
523
524
524
524
526
528
529
531
533
536
541
548
556
569
581
596
611
626
639
652
665
674
679
684
685
683
680
675
670
664
657
650
646
638
632
624
617
609
602
596
590
584
580
574
570
567
564
562
561
559
559
556
556
554
552
550
547
543
541
538
535
531
529
526
524
521
520
519
517
516
514
513
513
512
511
510
510
510
510
510
510
510
511
512
513
514
515
516
518
518
518
520
521
525
526
528
528
528
528
530
530
533
533
536
539
546
554
566
578
593
607
622
636
650
660
670
676
680
681
680
677
674
669
664
658
652
645
638
631
623
615
608
600
594
588
583
579
575
571
569
567
564
563
561
561
558
557
553
551
549
547
543
542
539
537
534
531
527
527
523
522
520
517
516
515
513
512
511
512
511
510
509
510
510
510
511
513
513
515
517
517
518
519
520
522
525
527
528
530
529
530
530
531
533
534
536
538
541
548
558
569
582
595
609
623
637
649
661
669
676
679
680
679
677
672
670
663
658
650
645
637
632
624
618
610
604
596
591
584
581
576
574
570
567
566
564
563
562
561
559
557
556
553
549
547
546
543
539
537
534
531
528
527
524
521
519
516
514
513
512
511
509
509
509
509
509
511
511
511
511
512
512
514
513
516
517
519
519
521
521
522
523
525
528
529
531
534
537
542
549
556
568
581
596
610
624
637
648
657
664
668
671
671
669
665
661
655
649
642
636
628
622
615
608
599
592
586
580
575
570
566
563
560
560
558
558
556
556
555
555
552
552
550
550
547
546
544
543
541
540
538
536
534
532
531
528
527
524
522
521
520
519
519
518
519
519
519
520
520
520
522
523
526
526
527
527
529
529
531
533
534
535
538
538
541
544
552
561
573
586
601
615
631
645
657
666
674
679
682
682
682
678
674
668
663
656
649
643
637
628
621
613
605
598
591
584
578
572
567
563
559
555
551
550
548
547
545
543
540
538
535
533
530
529
527
525
522
520
517
515
514
512
509
508
507
508
507
507
508
508
508
508
509
510
510
511
512
514
515
517
518
520
521
521
523
525
527
528
531
535
539
545
555
569
585
600
616
630
646
659
670
678
682
684
685
684
681
677
672
666
661
653
648
641
635
628
620
612
604
596
590
583
577
569
564
558
555
551
548
544
542
538
537
533
531
528
526
522
520
517
515
512
510
507
505
503
501
500
499
498
497
497
496
495
495
496
497
497
497
499
499
501
502
504
506
508
509
509
509
510
511
513
515
519
524
531
542
557
572
590
607
624
638
652
663
671
676
679
679
678
674
670
665
660
654
647
640
633
625
615
607
599
591
583
575
569
562
557
551
547
545
542
540
537
536
533
532
529
527
524
523
521
521
520
518
515
514
511
509
507
505
503
500
498
498
495
495
494
494
493
493
493
494
494
495
495
496
497
499
500
502
502
504
505
505
505
507
510
512
515
521
529
540
557
574
592
608
624
638
651
659
667
669
671
670
667
663
658
653
647
641
635
629
623
615
608
599
591
582
576
569
564
559
553
548
545
541
539
537
535
534
532
530
528
526
522
520
518
515
513
511
510
508
505
504
501
500
497
496
495
494
492
492
491
491
491
492
493
494
495
498
497
499
499
501
501
503
504
507
507
508
508
510
509
511
512
514
515
519
524
533
544
559
575
592
609
626
641
653
663
670
676
677
678
676
675
672
670
669
667
665
660
653
644
632
622
610
601
591
583
576
570
562
556
550
545
540
536
532
529
525
522
517
515
511
509
506
505
503
501
497
497
494
493
493
492
491
490
488
488
488
487
487
488
488
487
489
490
491
492
495
496
497
498
500
501
504
505
507
509
511
511
512
511
514
515
517
519
521
523
528
536
548
560
576
593
611
628
644
656
668
675
679
680
680
677
674
667
663
657
651
645
637
629
621
614
606
599
591
584
578
572
567
563
559
556
553
551
549
548
546
545
543
542
539
536
533
531
528
525
522
520
517
514
511
510
508
507
505
504
503
503
501
502
501
502
502
504
504
505
506
508
509
510
511
512
513
516
516
518
519
519
520
520
520
521
522
523
524
529
536
546
560
575
593
609
626
640
653
662
668
670
672
670
667
662
659
652
645
638
632
623
616
608
601
592
586
579
573
565
560
555
552
548
547
544
544
543
543
542
541
539
538
537
535
533
532
530
528
525
524
521
518
516
515
514
512
511
509
509
509
508
508
509
508
508
510
511
511
512
511
513
514
517
517
518
519
521
521
522
523
525
526
527
528
530
533
539
548
559
573
589
605
622
636
651
663
671
676
679
680
678
675
670
665
661
655
648
640
633
626
617
609
600
592
584
578
570
565
559
555
551
548
545
544
543
542
542
541
538
536
533
531
528
527
523
521
518
517
512
511
509
508
505
505
503
504
501
501
500
501
502
501
502
503
502
503
503
503
505
506
508
509
510
512
512
513
513
514
515
517
520
522
525
529
536
546
560
575
592
609
627
642
657
667
676
680
684
683
682
677
674
668
663
656
652
645
638
631
625
616
608
600
593
585
579
571
565
559
555
552
549
545
543
541
540
537
535
534
532
529
527
524
521
518
516
514
512
510
508
508
504
505
503
503
502
502
501
502
501
503
503
505
504
507
507
509
510
512
513
516
517
518
518
519
519
521
521
523
524
526
529
533
538
547
560
575
591
608
626
643
657
670
679
686
689
689
687
685
681
673
669
662
654
645
639
630
623
614
606
597
589
582
575
568
562
557
553
549
548
544
542
541
539
536
535
532
531
531
533
538
545
550
552
547
541
533
523
514
505
499
494
489
486
483
481
480
480
480
482
485
487
489
490
493
495
497
500
504
506
508
508
510
510
513
515
518
521
523
525
531
539
551
566
582
600
617
633
647
658
669
674
679
678
677
673
669
663
658
651
644
637
630
624
617
608
601
593
585
578
572
566
561
559
555
554
552
552
549
548
547
547
543
542
538
537
534
533
529
527
524
522
518
517
515
513
510
508
506
505
504
503
502
502
501
502
502
503
504
505
505
506
506
508
509
511
513
515
515
515
515
517
519
520
522
524
527
532
537
545
556
570
585
600
617
631
645
655
664
670
673
673
672
667
664
658
652
646
640
634
627
620
613
604
598
589
584
577
572
566
562
558
555
552
552
551
551
550
550
549
548
546
545
543
540
537
535
533
530
527
525
523
522
522
520
518
517
515
515
516
514
515
514
514
514
515
515
516
516
517
518
519
521
521
522
522
521
522
522
524
526
529
530
535
541
550
562
576
591
605
619
634
645
656
664
669
671
670
668
664
660
655
650
643
637
633
625
618
610
603
596
591
586
579
574
570
565
561
559
556
556
554
554
554
553
552
551
548
547
543
542
539
537
533
530
527
525
522
521
519
517
516
514
513
513
511
512
512
513
514
514
515
515
515
515
515
517
519
521
522
523
524
526
527
529
531
532
533
536
542
547
558
569
584
597
612
625
639
651
662
667
671
672
672
670
665
658
652
644
639
634
627
620
613
604
596
588
582
575
569
563
560
555
552
549
549
547
546
546
546
546
545
543
541
541
538
536
534
533
531
528
524
524
521
519
516
514
512
511
509
509
509
509
509
509
509
510
511
513
513
515
516
518
519
521
521
522
524
528
530
532
533
537
540
547
555
566
580
595
610
624
637
649
660
668
673
676
677
676
674
670
665
658
653
645
639
632
625
615
609
600
594
587
583
576
572
567
564
560
559
557
556
554
554
553
Loop stopped.
