Output started
30000
464
450
447
446
446
444
443
440
438
436
436
432
432
428
428
424
425
422
423
419
418
417
418
416
416
415
416
414
415
415
416
415
416
414
414
413
413
413
413
411
411
410
410
409
409
408
408
407
407
406
406
406
406
407
407
407
407
408
407
409
408
409
407
408
408
410
409
412
411
413
413
415
417
422
426
432
437
443
446
451
453
457
458
460
459
458
455
453
449
445
443
440
437
434
432
429
424
423
423
420
418
416
415
415
415
414
413
413
415
415
415
414
415
414
414
414
414
413
413
412
412
409
410
409
410
409
410
408
408
408
409
408
408
407
409
408
410
409
409
409
410
410
411
411
412
412
412
412
414
416
418
421
426
430
436
440
445
449
453
456
458
458
459
458
455
453
450
447
442
439
436
433
429
427
423
422
419
418
416
416
414
414
413
414
413
414
414
414
413
415
415
415
415
415
413
414
412
413
412
412
410
411
410
411
409
410
410
411
410
409
408
410
409
409
409
410
410
411
411
411
412
411
412
411
413
414
418
421
428
431
437
442
447
451
455
457
458
457
458
456
454
449
446
442
441
437
434
430
428
425
423
419
418
416
416
414
413
413
413
412
413
411
411
411
411
411
411
411
410
410
410
411
409
410
408
408
407
408
407
408
406
407
406
407
406
408
406
407
406
407
406
407
406
408
407
409
407
410
411
415
419
426
430
437
441
446
449
453
454
455
455
455
452
450
446
443
440
438
433
430
428
425
422
420
418
415
415
412
413
412
411
410
409
408
410
409
410
410
411
410
411
409
410
408
409
408
408
407
407
405
405
404
404
404
405
404
405
404
405
404
405
405
405
404
405
405
406
406
406
407
410
414
418
422
427
434
440
444
448
451
452
454
452
452
448
446
443
442
437
435
431
429
424
422
419
416
413
413
410
410
408
408
406
407
406
407
406
407
406
407
407
407
406
406
406
406
405
405
404
404
404
403
403
404
403
404
403
404
404
404
404
404
403
404
405
405
406
406
407
406
407
407
409
411
415
419
425
430
437
441
447
449
453
453
454
452
452
448
446
441
439
435
433
429
427
422
420
417
416
413
412
410
410
409
409
407
408
407
408
406
407
406
406
406
405
405
406
405
405
404
403
402
401
401
401
402
401
402
400
401
399
400
399
401
400
401
400
401
400
401
401
403
403
404
403
405
406
410
413
419
424
430
436
443
445
448
449
452
452
450
448
445
442
439
436
434
430
426
422
419
417
415
413
411
410
408
409
407
408
407
407
407
408
406
407
406
407
405
405
404
404
402
404
403
403
401
403
402
401
400
401
400
402
402
402
402
402
402
404
403
403
403
403
404
404
403
404
404
406
406
407
408
411
415
419
424
430
435
439
445
448
452
452
453
453
452
449
447
442
440
436
434
430
428
424
422
417
416
413
412
410
410
408
408
407
407
406
407
407
406
406
408
406
406
405
406
404
404
403
403
402
403
402
403
401
400
400
400
400
400
400
400
399
401
401
402
403
403
403
403
403
403
404
402
404
405
405
406
407
410
413
416
423
427
433
437
443
446
450
453
455
454
454
451
449
445
442
438
436
432
430
426
424
420
418
415
414
411
411
408
407
405
405
406
406
406
406
406
406
406
405
405
404
405
404
404
403
404
402
403
401
402
400
402
400
401
400
402
401
402
401
404
402
403
402
403
403
405
403
406
404
406
405
407
406
408
407
409
412
415
420
426
431
437
442
447
451
453
456
457
457
456
454
451
449
445
443
439
439
434
432
427
426
421
421
417
417
414
414
411
411
408
409
407
410
409
410
408
410
409
409
408
408
407
407
406
406
405
405
404
404
403
403
403
403
403
403
404
404
403
403
404
405
405
405
405
405
407
405
407
406
408
407
409
408
410
410
412
412
418
421
427
432
440
444
449
454
458
459
461
460
460
458
454
450
448
444
441
439
436
433
430
427
425
421
419
417
416
414
412
411
410
409
409
409
409
409
408
408
407
406
406
405
405
406
405
404
403
402
401
401
400
399
399
399
398
398
398
398
398
399
398
399
399
399
399
399
400
401
401
402
402
402
403
404
404
406
405
408
410
414
420
427
431
438
443
448
452
456
456
458
457
456
454
452
449
445
441
440
437
434
432
429
428
425
424
420
420
417
416
413
412
410
411
410
409
408
409
407
409
408
408
408
407
405
405
404
403
402
402
400
401
399
400
397
398
396
397
397
398
397
398
398
398
397
398
398
400
399
400
401
401
402
401
403
402
404
404
405
405
409
411
417
422
428
433
439
444
450
451
456
455
457
455
455
451
450
445
444
440
440
436
434
430
430
425
423
421
420
418
418
415
414
413
412
411
410
410
409
409
409
409
408
408
406
406
405
407
404
405
402
403
401
402
399
401
398
400
398
399
399
400
398
400
398
399
398
400
398
401
400
401
400
401
400
401
401
402
403
404
406
408
412
417
423
429
435
440
446
450
454
456
457
456
456
453
451
448
445
441
439
436
434
431
430
426
425
422
422
418
418
415
413
412
413
410
410
410
410
409
410
409
408
408
408
406
406
405
405
404
403
403
402
401
400
400
399
399
400
399
399
399
399
399
399
399
399
400
399
400
400
400
400
401
401
402
403
403
403
405
406
409
413
419
424
432
437
442
447
452
455
458
458
459
457
456
453
450
445
442
439
438
435
433
430
429
426
425
422
421
418
418
416
416
414
414
412
413
412
413
412
412
411
411
409
409
408
407
406
407
406
405
405
404
404
403
403
402
403
402
404
402
403
401
402
400
402
401
403
401
404
402
403
402
403
403
405
405
408
407
410
413
419
422
430
434
441
444
450
452
456
457
458
457
456
454
452
447
444
441
439
436
434
430
428
427
423
423
420
420
418
416
414
415
413
414
413
415
413
414
412
413
411
412
409
411
408
409
407
407
405
406
404
404
403
403
401
402
400
401
400
401
400
400
400
400
400
401
401
401
401
402
402
401
403
403
403
404
407
409
414
418
426
430
438
443
448
452
456
456
458
458
457
452
452
447
446
442
439
436
434
431
428
424
423
420
419
417
416
415
414
412
413
412
412
412
412
412
411
411
410
409
409
409
408
406
404
405
403
402
402
401
400
400
399
401
399
399
399
399
399
399
400
399
399
399
399
399
399
400
400
400
401
402
403
403
404
406
409
415
420
427
432
437
442
448
451
454
456
456
456
454
451
448
445
442
439
436
433
431
426
422
419
418
415
414
412
411
410
410
410
409
410
410
410
410
410
410
410
410
409
409
408
407
407
406
406
405
405
403
404
402
403
402
402
402
404
402
404
403
405
405
406
404
406
406
406
406
408
407
408
409
410
410
413
414
420
423
431
437
444
450
455
458
463
465
466
464
462
460
456
453
448
446
442
439
435
433
427
426
422
422
418
418
413
413
411
413
411
412
411
411
409
411
409
410
409
410
408
409
406
406
404
403
402
402
401
402
401
401
400
400
400
400
401
401
402
402
404
403
405
404
405
405
408
407
409
408
410
410
413
416
423
427
436
441
448
452
458
460
464
463
464
462
460
457
454
449
447
442
439
434
430
426
423
420
418
416
414
412
411
409
407
405
405
405
404
406
405
407
406
406
405
406
404
404
401
402
399
400
397
397
394
394
393
394
392
394
393
394
394
395
393
394
394
395
394
395
395
396
397
398
398
400
403
408
414
421
428
435
442
448
452
455
457
457
456
455
453
448
444
440
438
434
430
427
425
420
419
415
415
413
411
410
409
406
405
403
402
401
402
400
400
400
400
399
399
398
398
398
397
397
397
397
398
398
399
398
398
397
397
397
398
397
398
397
398
398
398
397
398
397
398
398
399
399
399
399
400
404
408
414
422
429
436
440
445
449
452
454
454
454
451
450
446
443
439
436
432
430
426
422
418
417
413
412
410
409
406
405
404
404
403
404
402
403
402
404
401
402
401
401
399
400
398
398
397
396
395
396
394
395
393
394
394
395
395
395
395
395
397
397
399
398
400
398
398
398
400
399
401
401
404
404
410
414
421
427
436
440
448
452
457
459
462
461
462
458
457
453
451
446
442
438
435
430
427
422
419
416
413
411
408
407
406
405
404
404
403
405
404
405
403
405
402
403
400
401
398
398
396
396
393
395
393
395
392
394
392
394
392
394
393
394
392
395
393
395
392
394
393
393
393
394
395
396
397
397
400
403
408
414
421
428
434
440
445
450
453
455
457
456
454
451
449
444
441
437
434
429
426
421
419
413
411
407
405
401
401
399
399
398
399
398
399
398
399
399
400
399
399
398
399
398
397
396
397
396
394
394
394
393
393
393
392
393
393
392
392
393
393
394
394
395
396
397
396
398
398
398
398
399
400
401
402
408
412
420
427
434
440
447
452
457
459
461
461
460
457
454
451
446
441
438
434
429
425
422
417
415
411
409
407
406
404
403
401
401
400
401
401
402
401
402
401
401
401
401
400
400
399
399
399
397
397
396
396
395
396
395
395
394
394
394
395
395
396
395
395
396
397
398
398
398
399
398
400
400
401
400
403
404
410
415
423
429
437
443
450
455
460
463
465
464
462
459
456
450
446
441
438
433
430
425
422
418
415
413
410
408
405
403
401
400
399
400
399
400
399
400
399
400
400
401
400
401
399
400
398
398
396
397
394
396
393
394
393
394
392
393
392
394
393
395
394
395
395
396
395
397
397
397
397
399
399
399
400
402
406
408
416
422
431
437
447
451
459
462
468
467
469
466
465
461
457
452
449
443
441
435
432
426
423
419
418
414
412
409
408
404
405
403
403
402
402
402
401
401
402
400
401
400
400
399
399
398
396
396
396
395
394
394
392
394
392
394
393
394
392
394
393
395
394
396
395
397
396
398
398
399
399
401
400
401
401
403
407
413
420
426
434
442
448
456
461
466
468
469
469
467
465
461
456
453
449
445
441
436
433
429
425
421
418
416
413
410
409
407
405
403
404
402
403
402
402
401
401
400
400
398
399
398
397
396
396
395
395
395
395
394
394
394
394
393
394
394
394
394
394
395
395
395
396
396
397
397
397
398
398
398
400
399
400
401
403
407
414
421
429
436
444
452
458
464
466
469
469
469
466
464
459
455
449
446
442
439
434
431
427
424
419
417
415
412
412
410
407
407
404
405
403
405
403
404
403
404
402
403
401
401
399
400
397
398
396
396
395
394
392
393
392
393
392
392
393
393
393
392
393
393
393
393
393
393
395
393
394
393
394
395
397
396
399
400
405
409
418
425
434
440
448
453
459
462
466
465
465
462
460
455
452
447
445
441
439
434
432
428
423
421
417
415
413
411
409
408
406
405
405
406
405
405
404
405
404
405
403
404
401
402
399
400
397
398
395
395
393
394
392
393
391
392
391
392
390
392
391
393
391
393
392
393
392
395
394
394
393
394
395
395
395
397
398
400
404
410
418
425
432
440
447
451
458
460
463
463
463
460
460
454
452
447
444
439
437
432
431
425
423
419
418
413
412
409
409
406
406
403
403
402
403
402
403
401
401
400
400
399
398
396
396
395
393
392
392
391
390
389
389
389
388
388
388
388
388
388
388
390
389
391
390
391
391
392
392
392
392
394
394
396
395
397
398
403
409
416
424
432
440
447
453
459
463
464
463
462
460
456
453
450
446
442
438
434
430
426
423
421
418
416
414
412
410
408
407
406
406
405
404
404
405
404
404
403
403
402
402
401
399
397
397
396
395
394
394
392
393
391
392
391
392
391
393
392
393
393
394
394
396
395
396
395
396
395
396
396
399
398
400
401
404
407
414
420
428
434
441
446
450
454
456
458
458
456
455
452
448
445
441
438
435
432
427
424
419
417
414
413
410
409
407
407
405
405
404
406
404
405
404
405
402
404
401
401
399
399
397
397
395
395
394
395
394
395
393
394
393
393
392
392
391
391
391
392
392
392
392
393
394
394
395
394
395
395
397
397
399
399
405
409
417
422
431
435
443
448
452
454
457
456
456
452
451
446
443
438
437
432
429
425
422
418
416
413
412
410
409
407
405
405
407
406
406
406
405
406
404
404
404
404
403
404
403
404
401
402
401
401
399
400
399
400
398
400
399
400
399
400
400
401
400
402
401
402
401
402
402
403
402
404
403
405
405
408
411
416
422
429
435
443
448
453
457
461
461
461
459
457
455
450
447
442
439
436
432
428
425
421
419
416
415
412
411
409
409
407
407
406
406
405
405
405
406
406
407
406
406
405
405
403
403
402
401
400
399
399
399
398
398
397
398
398
398
398
398
399
399
400
400
400
400
400
400
401
401
401
402
403
405
408
414
419
426
434
441
447
452
456
459
461
461
461
457
455
451
448
444
440
437
434
431
429
424
422
418
416
413
411
410
408
405
404
403
403
402
402
401
402
402
402
401
401
399
399
398
397
397
397
395
395
395
394
393
394
393
394
395
395
396
396
398
399
398
397
398
398
399
399
401
401
402
402
404
405
410
415
422
428
436
442
448
453
458
458
461
460
459
455
455
450
447
442
441
437
434
430
428
424
421
417
415
412
410
408
406
405
405
404
403
402
401
402
401
402
401
401
400
400
398
399
396
397
394
395
393
394
392
394
392
393
393
395
394
396
395
396
394
397
396
397
396
397
397
398
397
399
399
400
400
Loop stopped.