Output started
30000
499
485
479
476
474
471
470
468
467
464
464
462
462
459
456
452
449
447
446
442
440
437
436
430
427
426
423
423
421
420
420
418
418
415
415
414
411
408
407
406
404
403
402
403
401
400
398
398
396
395
392
392
391
392
389
390
388
390
389
392
392
394
395
395
394
395
395
397
397
399
399
398
397
398
399
400
402
404
404
403
404
405
404
403
406
407
406
406
409
412
417
424
434
444
454
462
470
475
480
482
486
488
488
486
485
483
481
477
474
470
465
461
459
454
452
448
448
445
445
441
439
437
439
435
435
431
431
431
432
431
429
427
424
422
423
421
420
417
416
415
415
412
411
407
407
404
402
401
401
399
399
399
400
400
401
402
403
403
402
403
402
403
401
403
401
403
402
404
403
405
404
407
404
404
405
406
405
407
407
409
408
409
410
411
412
413
414
419
421
429
435
443
449
458
465
471
475
480
482
484
484
481
480
476
475
476
472
469
468
465
463
462
461
456
452
449
446
443
441
440
441
440
441
439
438
435
434
431
431
428
424
421
420
417
418
415
414
412
410
407
407
406
405
404
404
403
403
402
402
402
402
401
402
401
404
403
403
403
404
404
405
407
409
409
409
410
410
411
411
413
411
413
410
411
411
411
409
412
413
414
416
419
418
420
420
426
431
440
450
460
466
474
478
483
485
489
490
493
492
491
490
487
485
481
479
476
473
472
467
465
463
460
457
457
453
451
451
449
449
447
447
444
444
441
441
436
434
432
430
425
425
422
421
418
416
413
414
411
410
409
410
408
408
406
408
406
406
406
406
404
404
407
408
407
409
410
408
408
409
408
411
411
413
414
413
413
414
414
412
414
415
417
419
422
423
426
425
429
431
432
430
428
428
430
427
430
432
441
446
457
466
472
478
484
487
491
492
493
490
489
489
488
485
484
481
481
479
477
472
470
465
463
458
456
452
449
448
446
441
440
439
437
438
437
437
433
432
428
424
421
420
417
414
414
413
412
413
412
413
411
410
406
404
400
400
397
397
396
398
399
401
401
401
399
400
400
400
399
398
398
397
399
402
403
403
403
405
403
406
406
407
407
408
409
408
409
411
412
413
414
414
414
414
414
414
414
413
415
414
416
420
426
435
444
455
465
472
478
481
484
488
488
490
492
490
490
487
486
484
483
482
482
480
478
472
470
467
466
463
459
454
451
447
446
443
443
442
438
435
433
430
428
427
425
425
422
422
419
417
415
415
411
410
407
406
403
403
401
401
399
398
398
399
399
400
400
400
399
400
399
400
398
399
398
398
397
399
398
400
401
402
401
402
402
403
405
404
404
405
403
405
405
406
408
409
410
412
412
412
414
414
415
415
416
418
420
420
425
430
436
442
450
455
463
470
477
481
487
490
494
494
496
495
493
492
490
486
483
479
477
474
472
468
464
461
458
454
451
449
447
444
442
438
436
434
433
432
430
430
428
427
425
422
420
419
416
417
415
414
412
411
408
407
403
404
401
402
399
400
400
400
399
399
398
400
399
401
401
401
401
401
400
401
400
402
402
403
403
405
405
407
407
409
408
408
407
407
406
406
406
405
405
405
406
406
408
410
412
411
414
414
417
418
422
430
438
444
453
460
468
474
480
484
487
488
490
486
487
485
484
480
478
475
472
468
464
460
459
454
451
448
447
445
444
443
441
440
440
439
438
437
435
434
433
431
430
428
427
426
423
422
420
421
419
417
414
413
409
408
404
405
403
404
404
404
404
405
404
406
406
407
407
409
409
410
409
412
412
413
413
413
414
414
413
413
412
415
414
416
417
416
415
418
419
420
418
420
421
420
418
420
425
432
440
450
460
466
474
480
485
488
491
494
495
492
493
489
488
485
484
481
480
475
477
474
471
466
463
460
460
454
453
449
446
442
439
438
437
436
436
434
436
434
432
430
430
429
427
425
422
419
417
415
412
411
410
409
409
408
408
408
406
407
404
406
406
408
407
408
407
409
409
410
410
410
410
413
412
413
412
412
411
414
414
416
417
418
417
419
418
419
418
418
417
419
419
420
420
422
423
426
430
439
447
456
463
471
477
483
490
494
498
499
499
499
497
493
492
487
485
481
479
475
477
471
469
465
463
459
457
454
453
450
448
444
442
439
437
434
432
429
429
427
425
421
419
416
417
415
415
412
411
409
408
404
403
400
398
397
397
394
396
398
397
398
397
398
398
399
398
397
396
398
397
399
401
401
399
402
401
403
402
404
404
407
404
405
405
407
406
407
408
410
410
412
409
410
409
411
412
415
415
418
420
425
432
442
448
460
468
475
481
487
491
496
496
499
499
497
497
495
494
492
490
488
486
481
480
476
474
469
466
460
457
452
451
446
444
439
438
435
434
431
429
426
427
424
424
421
419
416
414
411
411
409
409
407
406
405
403
400
400
401
401
399
399
399
399
398
396
395
394
394
394
394
395
396
397
397
397
396
396
399
399
400
401
403
402
404
404
406
404
405
403
406
405
407
408
410
409
412
410
411
410
410
410
412
411
413
415
420
423
431
439
446
456
464
471
479
483
490
496
498
501
500
501
501
495
492
488
487
486
482
480
476
475
471
466
461
457
451
451
448
446
441
441
438
439
432
431
430
429
427
423
421
423
419
420
415
414
412
409
407
406
406
407
403
402
400
400
402
401
399
400
398
400
398
396
395
395
397
397
396
397
398
400
402
403
404
404
405
403
404
402
401
402
403
401
401
401
401
402
402
401
404
402
406
406
409
411
410
410
410
410
414
414
415
418
420
424
429
434
441
447
456
462
470
478
485
490
496
496
496
495
493
491
489
487
487
482
480
477
474
472
466
463
459
456
454
452
448
446
441
442
439
440
438
437
435
434
429
427
424
421
418
416
414
413
411
412
412
412
408
407
405
405
403
402
400
401
400
401
401
401
399
400
399
399
399
400
399
399
400
402
403
404
405
404
406
404
405
406
406
407
408
407
409
406
409
407
408
406
409
408
410
410
414
412
414
415
417
418
416
415
417
415
420
421
428
435
442
451
460
467
474
478
483
484
485
486
487
487
488
485
482
480
475
472
469
466
464
460
458
457
453
452
447
444
440
439
437
437
434
438
435
434
435
433
431
430
426
426
422
421
419
419
417
416
415
415
411
409
407
404
402
402
402
403
403
406
404
406
407
409
411
411
411
411
410
411
410
412
414
414
415
416
416
417
418
418
419
422
422
420
423
422
421
420
421
420
422
420
420
421
422
422
423
423
424
426
429
433
439
443
452
458
467
473
481
486
490
493
496
495
495
494
492
489
487
485
484
481
479
477
473
471
469
465
462
460
456
455
453
452
450
450
446
443
441
442
440
439
438
436
434
434
431
431
428
428
424
423
419
418
418
417
415
414
414
412
410
409
407
408
406
406
405
406
406
408
409
410
409
410
409
411
411
411
411
413
412
412
414
415
416
416
416
417
417
416
417
419
421
420
421
420
421
420
422
422
424
426
426
427
433
439
447
454
462
468
477
479
485
488
493
494
494
492
493
491
492
488
486
485
483
480
477
474
472
469
466
462
460
456
454
451
449
445
443
442
440
438
437
434
433
432
430
430
425
426
422
421
418
418
414
415
410
413
411
410
408
407
405
404
404
405
405
406
406
406
406
406
405
407
407
410
406
408
408
410
410
410
410
412
411
409
410
410
410
413
412
414
415
415
415
417
417
415
415
416
416
413
415
415
418
419
420
421
423
425
430
435
444
450
459
467
474
480
487
492
499
499
501
498
498
495
494
491
491
488
488
484
481
478
474
470
465
463
460
456
453
450
448
445
441
438
437
434
434
431
431
430
426
427
422
423
421
419
416
416
414
413
411
410
407
407
406
405
403
404
403
403
402
401
399
399
398
400
400
401
401
402
402
402
402
404
403
403
402
403
406
407
408
409
408
409
407
409
410
409
411
411
412
412
412
412
415
415
416
416
418
416
418
418
420
418
420
420
422
423
430
437
447
454
467
472
479
485
492
497
500
501
504
505
505
505
505
501
497
494
492
488
485
481
478
473
469
465
461
456
454
454
449
448
445
443
438
437
436
434
432
432
428
427
424
424
419
417
413
412
410
408
407
405
401
401
398
398
396
395
393
393
392
392
391
391
392
393
392
392
392
392
392
396
395
398
395
397
397
398
398
398
400
398
399
400
401
402
402
401
403
403
403
404
405
404
405
406
407
406
408
408
409
408
410
411
414
412
413
414
420
424
435
441
451
459
467
474
482
489
494
497
499
499
500
498
496
494
492
489
486
482
481
477
473
468
464
462
457
454
450
447
444
442
439
437
435
435
433
431
431
429
427
426
422
423
419
419
416
415
413
411
408
406
405
403
401
400
400
400
399
399
397
398
398
397
396
398
398
399
398
399
399
401
404
404
403
405
403
404
404
403
406
407
407
407
409
408
408
408
408
408
409
410
411
411
412
411
411
409
410
409
410
412
414
413
417
417
421
424
431
439
450
457
466
474
482
487
491
493
496
494
495
492
489
486
485
480
476
476
474
471
468
465
463
459
456
452
449
446
443
441
441
440
439
439
436
433
430
429
428
427
427
427
423
421
417
416
414
413
411
411
407
405
402
402
400
401
399
400
399
399
399
400
400
400
400
400
401
401
402
404
404
404
406
407
406
406
405
407
408
408
409
410
410
410
412
414
414
414
414
415
417
416
416
415
418
416
418
419
422
422
429
434
440
449
460
468
479
484
491
495
500
502
502
502
503
500
499
495
493
488
487
483
480
478
476
470
466
462
458
453
449
444
441
437
436
435
434
434
432
432
433
433
431
429
427
425
422
419
416
415
413
410
407
406
403
405
404
405
404
405
404
405
402
402
400
400
399
402
401
402
401
403
401
403
405
406
405
406
406
407
406
408
408
410
409
410
411
411
411
413
414
414
416
416
417
416
418
416
417
418
418
420
423
424
428
432
439
447
458
466
476
483
491
496
502
505
507
506
506
504
504
502
501
498
494
489
487
482
479
474
472
468
465
460
457
454
451
446
443
440
437
434
432
431
429
427
425
423
421
420
416
414
411
409
406
406
404
403
400
399
396
396
394
395
392
393
393
394
394
395
394
395
394
395
394
395
394
395
393
395
396
399
398
399
397
398
399
401
402
400
400
400
399
398
399
402
402
405
408
407
407
407
408
406
408
407
408
409
410
410
411
412
418
421
429
436
447
457
469
477
488
495
502
505
510
510
512
509
509
505
505
501
500
497
495
491
486
481
477
470
468
464
462
458
455
449
445
441
439
436
435
435
431
427
425
423
422
420
419
420
416
414
412
412
409
405
400
399
394
394
390
388
385
386
386
387
386
387
386
388
388
387
385
388
388
389
389
392
391
394
394
393
392
393
393
394
393
397
398
399
399
401
400
401
401
401
403
402
403
405
406
408
408
407
409
407
407
406
409
409
411
413
418
419
426
433
444
455
465
474
487
492
499
503
508
505
506
504
503
498
497
496
495
491
490
485
483
479
474
467
462
457
453
447
443
440
437
434
432
430
428
427
425
424
422
423
421
421
418
417
415
415
409
406
405
401
399
397
394
394
393
