Output started
30000
551
548
546
544
543
542
540
538
537
534
533
531
530
528
528
525
526
525
523
520
520
517
518
516
516
514
516
514
514
514
514
514
514
513
514
513
514
514
516
515
516
515
517
517
517
517
519
519
518
517
518
520
520
520
521
522
521
522
521
521
521
521
521
520
520
522
523
523
525
528
531
533
535
538
541
545
550
555
558
562
565
568
569
571
570
571
570
570
568
567
565
564
563
561
559
557
554
552
550
548
547
546
542
542
540
538
537
536
536
536
535
534
533
532
532
530
529
528
526
524
522
519
519
518
518
515
516
515
514
513
512
512
514
512
514
513
514
514
514
513
513
512
513
513
513
513
514
514
515
515
514
514
514
513
514
516
517
516
517
518
517
517
517
517
518
518
519
520
521
521
520
520
520
520
522
524
524
526
527
529
529
531
533
535
537
540
543
547
550
554
555
557
558
559
558
558
556
557
557
557
556
556
553
553
551
551
549
549
548
547
545
546
544
543
543
543
543
542
542
541
540
540
539
537
536
533
531
530
529
527
525
523
521
519
518
516
515
513
513
511
510
508
508
506
506
505
505
504
503
502
504
503
504
503
505
504
506
506
506
506
508
508
510
510
511
511
513
514
515
517
518
517
518
518
518
519
520
521
521
521
521
522
521
522
523
524
524
526
525
525
525
526
527
531
533
536
539
543
547
551
552
555
555
557
556
557
555
555
553
554
552
552
550
550
550
550
549
551
551
551
549
549
548
548
549
550
549
549
549
549
548
548
548
547
547
546
545
543
541
539
540
539
539
539
538
536
535
532
531
530
530
529
530
528
527
526
527
525
525
525
525
525
527
527
527
527
527
526
526
525
524
524
523
522
524
525
525
525
526
526
526
526
527
527
528
527
527
528
529
529
529
529
528
528
529
531
532
534
534
536
536
538
538
542
544
547
551
557
560
565
567
570
571
572
572
572
571
570
568
568
566
565
564
563
562
562
561
561
561
561
561
560
558
555
554
552
551
548
548
549
548
548
549
548
547
546
545
544
543
543
542
541
540
537
538
537
538
537
537
535
536
534
533
532
532
530
531
529
528
527
528
527
527
526
525
524
524
522
524
523
525
524
524
523
523
523
523
523
524
524
525
525
525
527
527
528
528
529
529
529
529
528
529
531
531
534
535
536
537
540
541
545
546
549
551
556
560
565
569
572
575
577
577
578
576
575
573
572
571
571
569
569
567
565
564
564
563
563
562
562
561
560
559
558
557
557
558
556
555
556
556
556
556
554
554
551
550
547
548
546
546
543
542
539
540
538
537
536
535
533
532
529
529
528
527
525
524
523
523
523
523
522
523
523
522
521
522
521
523
522
521
521
522
522
521
521
521
522
522
523
522
523
523
525
526
526
525
525
526
526
526
526
526
528
527
528
529
532
533
535
536
538
541
543
547
552
555
559
563
567
570
574
575
577
577
577
575
574
572
570
568
568
566
565
562
563
562
561
560
560
559
558
558
557
554
553
551
550
549
549
548
548
547
545
544
542
541
538
537
535
535
533
532
530
531
528
528
526
526
524
523
523
522
522
523
522
521
520
520
519
521
521
522
521
521
521
521
520
522
522
522
523
522
523
523
523
523
523
524
525
526
526
527
528
528
528
527
526
526
528
529
529
528
528
527
527
526
528
529
531
532
533
535
538
539
543
545
549
552
556
560
566
568
571
573
575
574
575
574
574
573
571
567
566
563
562
560
558
557
555
555
554
553
551
550
548
548
545
542
541
540
538
538
537
536
534
533
531
530
528
525
522
522
520
520
518
519
518
518
517
518
517
517
516
516
516
516
517
517
517
518
518
519
518
518
517
517
517
518
519
518
518
518
518
518
518
518
518
517
517
516
517
517
517
518
520
520
521
521
522
522
524
524
526
525
525
524
525
525
526
527
530
531
533
535
536
538
541
542
546
550
554
557
562
565
570
570
573
572
571
570
569
567
567
564
562
560
559
557
556
553
552
550
549
548
547
547
546
545
543
542
539
539
539
538
537
536
534
532
530
529
526
527
525
525
522
523
521
520
518
519
518
518
517
518
518
518
518
518
517
518
517
518
517
518
518
519
518
518
518
518
518
517
518
518
518
518
517
516
515
515
516
516
516
517
517
515
517
516
517
517
519
518
519
519
521
521
521
520
520
520
523
523
526
526
527
528
529
530
533
535
539
542
549
553
558
561
565
567
569
569
570
569
566
564
562
561
559
558
556
555
553
553
553
553
551
552
551
549
547
547
545
545
543
543
541
540
539
538
537
536
534
533
531
530
527
527
527
527
526
527
524
523
519
518
515
514
513
513
512
511
509
508
507
507
506
506
506
505
505
505
505
506
507
507
508
508
509
509
509
509
509
510
512
512
514
514
515
515
516
516
518
518
518
518
521
522
522
523
526
526
528
528
530
531
534
535
539
543
548
551
558
562
566
568
572
573
574
572
572
568
566
564
561
559
557
557
556
554
554
554
553
553
551
550
550
549
549
550
549
549
548
548
548
548
547
547
546
546
544
543
542
540
539
537
535
535
534
533
531
531
529
528
527
526
525
524
523
522
521
520
519
518
516
517
515
515
514
514
515
516
516
515
514
514
514
512
513
513
513
514
514
514
515
513
515
516
518
518
520
520
520
520
521
522
524
524
526
526
528
530
532
535
539
543
548
551
557
562
567
571
575
575
576
575
574
571
571
568
568
565
564
561
561
561
561
559
559
559
558
558
556
556
553
553
551
551
550
551
551
551
550
550
547
544
542
541
539
538
535
535
533
531
529
529
526
526
523
524
522
522
520
520
519
518
517
517
515
516
515
515
514
515
515
515
516
514
514
514
513
512
513
513
514
514
515
515
516
517
517
516
518
519
521
520
521
521
521
522
523
522
523
521
522
524
525
526
528
528
532
532
536
540
545
550
556
561
565
570
573
574
575
574
573
573
573
571
570
569
569
567
565
564
563
562
562
562
560
558
556
554
552
550
547
545
544
544
543
542
540
539
537
535
533
532
531
530
528
527
525
524
521
521
520
519
518
516
514
514
513
514
513
512
511
510
510
511
512
513
512
514
514
514
514
514
514
515
515
514
515
515
515
515
516
516
517
517
517
516
517
517
516
517
519
519
520
519
520
521
521
520
521
522
523
524
526
526
528
528
532
534
538
540
545
548
554
560
565
567
572
574
576
575
575
574
573
571
569
568
568
566
565
563
563
562
561
559
557
556
553
552
550
548
546
544
541
540
538
538
536
536
534
533
530
530
526
525
523
523
521
521
518
518
516
516
514
513
513
513
511
512
511
510
509
509
508
509
508
510
511
512
512
512
512
511
511
511
511
511
511
511
510
510
511
510
512
511
511
511
512
512
512
513
513
513
514
514
515
514
515
514
516
516
518
518
519
519
522
522
525
526
530
533
537
541
546
551
556
561
566
571
574
576
577
576
575
575
572
570
569
569
568
566
564
562
560
560
558
555
554
552
549
549
547
545
543
543
542
541
540
538
537
536
535
533
530
529
527
527
525
524
522
522
520
519
517
517
515
514
513
512
510
510
509
509
509
509
507
508
509
508
509
509
509
509
509
508
509
507
508
508
507
507
507
508
508
508
509
509
510
510
512
512
513
512
513
514
515
515
517
516
517
517
517
517
519
521
523
524
526
527
528
531
535
538
543
545
550
555
561
564
569
572
575
575
575
573
572
568
568
567
567
565
563
562
560
559
557
556
554
554
552
552
550
550
547
548
546
545
545
543
541
539
537
535
532
530
527
526
524
523
521
519
517
516
514
514
511
511
509
508
506
506
504
504
502
502
501
501
501
501
501
502
503
503
502
502
502
501
502
501
504
503
504
502
504
504
505
505
507
507
510
510
511
511
513
512
513
513
514
515
517
517
516
516
517
518
520
520
522
523
526
529
533
537
543
549
555
560
566
569
572
573
573
571
569
568
565
564
562
560
558
557
556
554
554
554
552
552
550
550
547
546
544
544
543
544
543
543
542
542
541
542
540
541
539
539
537
535
533
532
529
529
527
527
525
525
524
524
522
523
521
521
518
518
516
516
515
514
514
514
513
513
513
514
514
514
514
515
514
514
514
514
515
516
517
516
517
516
517
516
517
519
520
519
521
519
520
519
519
519
521
522
524
524
527
527
531
535
540
544
550
556
563
569
575
577
580
580
580
578
576
574
570
568
565
563
562
560
559
557
555
553
550
548
547
547
544
543
541
540
538
538
537
537
536
537
536
536
534
532
531
531
529
529
527
526
524
523
521
521
519
519
517
518
516
517
514
514
513
512
511
511
511
511
512
513
513
513
514
514
514
513
513
513
513
514
514
516
517
517
518
517
518
518
518
517
517
517
516
516
517
517
517
518
520
521
523
523
525
527
530
532
537
540
546
552
559
564
571
575
580
582
584
584
582
581
578
576
573
570
569
566
564
561
560
559
557
557
556
555
553
550
547
546
543
543
542
544
543
544
542
542
541
541
539
538
535
535
531
529
526
524
523
523
521
521
520
519
518
518
517
516
514
514
513
513
511
511
511
512
511
511
511
510
510
510
510
510
511
511
512
512
512
512
512
513
513
513
514
514
515
515
515
515
517
516
518
517
519
518
520
520
519
520
522
523
524
525
527
528
531
533
537
541
547
552
559
565
571
575
579
581
582
582
580
578
575
573
570
568
566
565
565
562
562
560
558
558
557
556
555
552
551
551
549
549
547
547
544
543
541
539
537
536
534
534
531
529
527
525
522
521
518
517
516
516
515
515
514
514
514
514
514
515
514
515
514
513
513
513
513
512
513
514
515
516
517
517
518
518
520
521
522
521
521
522
521
520
520
519
520
522
522
521
523
521
522
523
525
526
527
525
526
527
527
527
529
529
531
532
533
533
535
536
539
542
546
551
557
562
567
571
575
578
579
579
578
576
574
570
568
566
564
562
560
559
558
556
554
553
550
550
548
547
544
542
540
540
539
539
537
538
537
539
536
536
534
534
531
529
526
524
522
521
519
518
515
516
514
515
514
515
513
513
512
512
511
511
511
510
510
511
512
513
514
514
515
515
515
516
516
517
518
519
520
520
521
521
523
522
524
522
523
522
522
521
522
522
523
522
523
522
523
521
521
520
522
522
524
524
527
528
530
533
537
539
543
548
554
558
564
569
574
577
578
578
577
575
574
573
572
570
568
566
564
561
559
557
554
553
550
549
546
543
540
540
538
538
537
538
538
538
537
537
535
535
533
534
532
531
530
530
527
528
527
526
525
524
523
523
521
521
519
520
519
519
519
518
517
517
518
517
518
518
518
517
517
517
517
517
516
517
517
518
519
518
520
519
519
519
520
519
519
520
520
520
520
520
520
520
521
520
521
521
522
522
524
523
524
525
525
525
528
531
534
537
543
547
553
557
562
565
565
566
564
562
560
557
555
553
549
548
547
545
545
544
542
542
541
541
539
539
539
541
541
542
541
542
542
543
540
541
538
537
535
534
532
531
528
525
524
522
520
520
517
515
515
515
514
513
512
511
509
507
506
506
506
505
504
504
504
504
504
506
507
508
508
507
507
507
507
507
509
508
510
510
511
511
511
511
513
513
514
514
516
515
517
517
518
519
521
522
523
525
527
528
531
533
538
542
546
552
560
565
571
574
577
578
580
580
578
576
573
569
567
563
559
556
555
553
552
551
549
549
548
547
545
545
545
544
544
545
543
543
542
543
541
542
541
540
538
537
535
535
533
532
531
529
527
526
525
525
526
525
523
521
520
520
521
521
520
520
521
520
520
520
520
519
518
518
515
515
514
513
513
514
513
513
514
513
514
514
516
515
517
515
516
514
516
515
517
517
519
519
521
522
526
530
534
540
547
553
560
565
572
576
580
582
583
582
581
578
576
572
570
567
564
562
560
558
557
556
553
552
550
548
545
544
542
542
541
541
540
539
539
539
538
537
535
533
531
530
527
527
525
524
522
521
518
519
517
518
516
517
517
519
519
521
521
522
521
522
522
523
521
521
519
519
517
516
515
514
512
511
510
509
509
511
513
515
516
518
522
522
521
520
520
518
517
517
518
518
519
522
525
529
533
537
543
548
553
560
567
572
579
582
584
582
581
578
576
572
570
567
564
560
558
555
554
553
553
551
551
549
548
545
543
541
539
539
539
539
539
541
542
542
542
542
542
540
539
539
538
538
537
536
534
531
527
526
523
521
520
520
517
517
514
512
509
509
507
509
508
507
507
506
506
507
508
510
512
514
514
514
514
513
511
510
510
511
512
511
512
512
510
511
511
513
515
516
518
518
518
520
522
524
529
533
538
542
547
551
557
560
564
566
566
564
563
560
558
555
554
552
552
550
549
548
547
545
545
543
542
539
538
535
533
532
530
529
530
529
530
528
527
525
524
522
520
519
518
516
515
513
511
510
510
510
510
510
510
510
509
509
507
507
506
507
508
509
509
511
511
512
511
511
511
513
513
515
514
514
516
517
517
519
519
518
518
518
518
519
520
521
521
523
523
525
526
527
529
533
535
540
545
548
553
557
561
564
566
567
568
568
567
566
565
563
562
560
558
554
552
548
545
542
543
542
540
538
537
534
534
533
533
532
533
532
532
530
529
527
527
525
525
524
523
522
Loop stopped.
