Output started
30000
607
611
608
603
598
591
586
580
575
569
565
559
556
552
551
549
548
548
548
548
549
550
551
553
553
553
554
554
556
557
559
561
564
567
569
571
573
575
577
579
581
583
586
587
589
591
592
593
594
595
596
597
597
598
598
599
600
603
608
617
632
655
680
710
737
764
788
809
826
840
846
851
848
844
836
829
818
809
798
788
779
772
762
754
743
731
717
705
691
678
665
654
644
634
626
619
613
606
602
596
591
587
583
578
574
569
566
561
558
554
551
545
543
540
538
537
536
533
533
531
532
531
533
533
536
538
541
544
547
550
552
554
556
559
561
562
565
568
570
573
574
577
580
581
582
584
586
589
590
591
591
592
593
594
594
597
601
610
623
644
669
698
727
757
781
804
821
834
841
844
843
842
844
849
849
844
831
814
794
775
756
735
717
697
680
664
649
636
625
615
607
601
596
592
588
585
581
578
575
572
569
567
564
561
559
556
554
551
549
545
544
542
540
540
539
539
540
540
539
539
539
540
542
544
546
548
550
552
555
557
559
561
565
567
569
571
573
576
579
580
583
585
587
589
592
593
597
598
600
602
603
604
605
606
607
610
616
627
645
667
693
720
746
771
792
810
822
829
830
830
823
815
805
795
783
771
759
749
739
730
719
710
699
688
676
666
655
647
640
634
628
624
621
617
613
611
608
605
601
597
593
587
582
578
574
569
566
561
559
557
554
551
550
548
546
545
545
545
546
546
547
550
553
554
557
559
562
564
566
569
572
574
576
577
580
581
584
584
586
588
590
591
593
595
596
597
599
600
601
602
603
603
605
607
612
618
631
650
673
697
723
746
768
787
803
814
820
823
821
816
809
801
791
781
770
761
752
744
735
727
717
708
697
687
676
666
658
651
643
637
631
625
619
614
608
606
604
602
599
598
594
591
587
584
579
576
572
570
567
564
560
559
557
556
554
552
551
553
554
554
554
556
557
557
559
561
564
567
569
571
574
575
576
577
579
579
582
581
583
584
586
586
587
589
590
591
594
594
596
598
600
601
602
603
604
606
610
618
630
649
671
694
718
739
759
777
792
803
810
813
812
809
804
797
789
781
774
766
759
753
745
739
731
722
713
704
692
683
674
667
658
650
642
637
631
627
621
618
613
609
604
600
596
592
588
584
580
577
573
570
567
565
562
559
557
557
555
554
553
553
553
553
554
556
556
558
559
561
561
562
563
564
567
569
571
573
575
576
578
579
581
584
585
587
589
590
592
593
596
596
598
599
601
602
605
605
607
608
609
612
617
625
638
655
677
700
725
747
770
788
803
814
821
824
823
819
811
804
795
786
778
770
762
756
748
741
733
724
714
704
693
685
676
670
662
656
649
644
638
634
628
625
621
617
612
607
601
597
592
588
583
579
576
572
569
566
563
561
558
557
554
554
553
553
553
553
555
555
556
557
559
561
563
565
569
570
573
573
575
576
577
579
581
583
585
587
588
589
591
592
594
595
596
597
599
600
601
603
604
605
606
608
611
616
624
639
660
686
712
739
764
786
807
821
833
838
838
835
829
818
808
796
785
774
765
755
746
738
729
719
707
696
684
674
665
657
649
642
637
633
628
624
621
617
612
608
605
601
596
592
587
583
578
576
571
569
565
564
561
559
557
555
552
551
549
549
548
548
548
550
550
550
551
554
555
558
559
560
561
562
564
567
568
569
570
571
573
575
576
577
580
580
582
583
585
585
588
588
591
592
595
595
597
598
601
604
616
633
657
686
718
749
779
808
831
850
862
869
869
865
857
846
834
820
807
794
783
772
762
752
743
732
720
707
694
682
669
659
648
637
628
620
612
606
600
595
589
585
579
574
569
564
559
555
550
546
541
538
534
532
529
527
526
524
522
522
521
522
523
524
523
525
527
529
530
532
534
538
540
542
544
547
549
552
553
554
556
557
558
561
563
564
566
568
571
573
574
576
578
580
583
584
585
587
589
589
592
593
598
607
624
647
679
712
748
779
809
833
854
868
877
879
876
868
858
846
832
818
806
794
783
771
762
750
739
726
712
698
681
667
655
643
632
622
611
603
596
589
581
576
568
563
558
553
548
545
539
536
532
527
523
520
518
516
514
513
511
511
509
510
510
512
512
515
518
520
523
526
530
532
535
539
542
544
547
550
551
554
556
557
559
561
562
563
566
567
570
572
575
576
577
578
580
580
582
583
585
587
589
591
593
597
603
615
635
660
692
726
760
791
820
843
861
871
878
876
872
863
852
837
824
809
797
784
774
763
753
742
731
716
702
685
671
655
642
630
621
612
606
599
594
589
583
578
574
568
563
558
553
549
543
539
535
532
529
527
525
525
524
523
522
524
523
523
523
525
525
527
529
532
534
536
538
542
545
546
547
550
552
553
556
558
560
562
562
565
567
570
572
573
575
577
579
580
582
582
584
585
586
587
590
592
597
607
624
647
676
707
739
767
794
815
832
843
848
846
843
834
824
812
799
785
773
761
750
738
727
715
703
690
676
664
653
643
633
626
620
614
610
606
601
597
594
588
583
579
575
570
566
562
556
554
551
547
544
542
540
539
536
535
534
535
535
536
536
539
539
541
543
545
548
551
553
555
556
560
563
565
567
569
571
573
575
577
579
581
582
584
585
586
588
589
590
594
596
598
598
598
599
601
603
606
612
623
641
666
696
727
757
785
811
830
846
854
859
857
850
839
828
815
802
788
776
764
754
744
735
723
711
697
683
667
654
641
631
621
613
606
600
594
590
585
579
575
572
568
566
562
560
555
552
547
544
541
538
535
532
532
529
528
525
524
523
523
523
525
526
528
530
533
535
539
543
546
549
552
554
557
560
563
565
568
570
574
576
580
582
585
586
589
591
592
592
593
595
596
597
597
596
596
598
602
610
626
648
678
711
744
776
806
830
848
861
868
870
866
858
847
837
825
811
799
789
778
769
760
750
737
724
709
694
677
662
647
634
622
611
601
594
587
581
576
573
567
564
561
557
553
549
546
542
537
533
528
525
522
521
519
517
516
515
514
514
513
514
514
518
520
522
526
530
532
536
538
541
543
545
547
549
553
555
559
560
563
565
570
571
575
576
580
582
584
586
588
589
591
592
592
593
595
597
601
607
621
642
671
704
739
774
806
836
858
875
886
889
888
882
872
859
845
833
819
807
796
786
774
763
750
737
721
706
689
673
657
644
632
621
611
602
594
588
582
577
572
567
563
559
555
551
546
543
538
534
530
527
523
520
519
515
513
511
509
508
507
507
508
509
510
513
514
518
521
524
526
529
532
535
538
541
543
547
549
552
554
556
558
560
563
566
567
570
573
575
578
579
582
583
586
588
590
590
594
595
601
610
629
655
691
729
768
804
837
864
887
902
910
911
906
896
884
869
854
839
823
810
798
786
774
763
749
733
714
696
677
661
643
629
616
605
595
586
578
572
565
559
552
548
542
538
532
529
523
519
514
510
504
502
498
496
493
492
492
492
490
491
491
492
495
497
499
503
506
511
514
517
520
524
527
530
534
535
539
542
544
547
550
552
555
557
561
564
567
569
573
575
576
578
581
583
586
587
589
590
592
593
596
599
605
617
639
667
703
740
777
810
840
865
883
894
897
895
888
876
861
844
826
810
795
781
768
756
743
729
714
698
681
664
648
634
622
611
602
595
589
582
577
572
568
565
560
557
552
548
543
540
536
531
527
523
520
517
515
515
512
512
511
512
511
513
514
516
520
523
526
529
533
537
539
543
545
548
551
554
557
559
560
563
565
570
572
574
576
578
580
582
584
586
587
589
593
594
597
598
600
601
603
604
605
606
611
619
638
663
697
733
771
805
838
864
883
896
903
902
898
888
873
858
841
825
809
793
780
767
755
742
728
711
693
675
657
641
627
615
604
595
587
580
573
569
564
559
553
549
544
539
535
531
527
522
519
517
515
512
511
510
508
508
508
509
508
509
510
513
515
518
520
524
528
530
532
534
538
539
542
545
547
550
553
557
559
561
563
566
568
572
575
578
581
583
586
588
590
592
594
596
597
599
601
603
604
604
608
611
618
632
655
685
721
758
795
827
856
877
894
902
905
902
896
883
871
855
840
825
810
796
783
771
759
746
731
716
699
681
665
649
636
624
612
602
593
585
579
572
567
563
559
553
550
545
540
535
530
528
522
519
516
514
512
510
508
508
506
504
503
504
504
506
508
511
512
516
518
523
525
530
532
535
539
542
546
549
552
555
557
558
559
561
564
566
569
571
573
575
577
579
582
583
587
589
591
592
594
595
596
597
599
604
610
621
643
670
704
740
777
811
842
867
887
899
906
905
901
889
877
862
849
831
818
805
793
779
768
756
742
726
710
692
674
658
643
629
617
606
597
589
583
576
571
568
563
559
555
552
547
543
538
533
529
525
520
517
513
511
508
507
505
504
503
503
504
506
508
511
514
518
522
525
528
532
534
538
541
543
545
549
552
556
557
559
561
564
566
569
571
573
576
578
580
583
584
586
590
592
594
597
600
602
604
605
606
606
608
612
621
637
663
695
732
769
806
837
865
884
899
905
905
899
890
876
861
843
828
811
797
783
769
755
741
726
711
694
678
663
647
635
624
615
607
599
594
590
586
582
577
572
568
563
557
551
546
539
533
527
522
519
516
513
511
509
507
506
506
506
507
509
510
512
513
516
518
522
525
528
532
536
538
542
545
549
552
554
556
558
561
563
566
568
570
573
576
578
580
584
586
588
589
591
594
596
597
598
598
599
601
604
608
615
630
652
683
722
761
797
832
860
883
898
906
907
902
891
880
863
846
826
809
792
777
760
748
731
717
700
684
665
649
633
621
609
601
593
586
581
575
570
566
562
559
555
551
546
541
537
532
529
523
519
515
510
507
504
501
501
500
501
501
502
502
503
503
506
508
512
517
522
526
530
533
537
539
543
546
550
552
556
559
561
562
565
567
570
571
573
576
579
580
581
583
584
586
588
589
590
591
593
593
595
595
596
600
606
617
636
665
700
741
780
819
852
880
901
914
920
919
913
902
887
872
854
839
823
808
793
781
768
755
739
724
705
687
667
650
633
620
609
599
590
581
575
569
563
557
552
547
541
535
530
526
520
515
510
507
503
500
498
497
496
495
495
494
494
495
496
498
501
503
507
510
514
517
521
525
529
530
535
539
542
545
548
549
553
554
557
560
562
564
568
569
572
574
576
578
581
582
583
585
587
586
588
588
589
589
591
594
600
612
634
664
701
741
781
818
849
875
893
905
909
908
899
888
874
859
843
828
812
799
785
774
761
747
732
716
697
680
661
646
630
617
605
595
585
577
572
566
561
558
554
549
544
540
535
531
527
523
518
516
513
511
509
506
506
505
503
502
502
500
501
501
502
505
513
521
527
530
533
534
535
535
536
536
537
538
539
542
544
546
548
551
553
556
560
562
566
568
572
574
576
579
582
585
588
590
592
595
596
597
600
602
604
607
614
624
645
671
706
744
781
816
846
871
889
902
906
906
900
890
878
864
850
835
820
808
794
782
769
757
741
725
706
688
668
653
637
625
613
604
594
587
580
575
571
568
563
560
556
552
547
542
537
532
526
523
518
515
513
510
508
506
506
504
506
505
507
508
509
512
516
518
523
527
531
533
537
540
544
547
550
552
555
557
560
563
566
567
570
572
574
576
579
580
582
583
584
585
588
590
592
594
596
598
599
600
600
601
602
605
612
625
646
674
710
747
782
815
842
863
879
888
889
886
877
865
850
835
819
804
788
774
760
748
734
721
704
688
671
655
640
627
616
607
599
592
586
583
578
576
573
570
566
564
560
555
550
546
542
538
533
530
526
524
522
521
520
519
518
517
517
517
518
518
521
523
525
527
531
533
536
538
542
545
548
550
552
554
556
557
561
562
564
566
568
570
573
576
580
582
585
587
589
590
592
594
596
597
598
600
600
601
602
605
613
626
649
681
718
755
793
827
858
881
898
908
912
908
899
888
874
859
843
828
813
799
786
773
760
747
730
714
694
675
656
638
623
610
598
589
580
573
565
560
555
551
546
543
538
535
530
527
523
519
514
511
507
503
501
499
497
497
496
496
496
498
500
502
505
508
511
515
518
521
524
526
529
532
534
538
541
543
546
547
550
551
554
556
558
560
564
566
569
570
572
573
576
577
580
582
585
587
590
590
592
593
595
596
600
603
610
626
651
683
723
763
802
838
868
891
908
916
918
914
904
891
877
861
844
830
816
803
791
779
766
752
735
717
697
676
657
640
624
610
597
586
575
568
560
554
548
544
540
536
532
529
525
522
517
513
508
505
502
499
497
495
493
493
492
492
493
493
494
495
498
501
504
509
513
515
520
523
526
528
532
534
536
539
542
542
544
545
548
549
552
554
557
559
561
564
568
570
573
575
578
581
584
586
589
591
592
593
594
596
596
598
601
607
617
635
662
696
736
776
814
846
873
895
908
915
915
910
899
887
870
854
837
823
807
793
779
767
753
739
722
705
686
666
647
631
615
602
590
581
571
564
556
551
545
541
537
533
529
525
520
516
512
508
505
502
500
497
495
494
492
492
491
492
493
496
497
500
502
506
510
513
515
518
521
524
527
529
533
536
539
542
545
547
550
553
556
558
561
Loop stopped.
